# NaN NaN NaN ;Mean Elev.(m), Avg Gradient(m/km), RMS Gradient(m/km) - SRTM1     
#   -3.783   0.973  14.314 ;Mean Elev.(m), Avg Gradient(m/km), RMS Gradient(m/km) - ASTER GDEM
#    4.228   0.837  14.338 ;Mean Elev.(m), Avg Gradient(m/km), RMS Gradient(m/km) - GMTED2010 
  7    16.090 52458.10492681 23.59 117.342410  30.699250  7.584
  7    13.810 52458.10492746 18.24 117.341520  30.695960  7.584
  7    13.847 52458.10492810 16.87 117.340618  30.692679 25.762
  7    12.783 52458.10492875 19.55 117.339718  30.689389 25.762
  7    12.729 52458.10492939 21.83 117.338818  30.686109 25.762
  8    13.177 52493.10490400 26.04 117.349585  30.700938 21.213
  8    13.047 52493.10490464 20.99 117.348685  30.697648 21.213
  8    11.685 52493.10490529 21.01 117.347785  30.694368 21.213
  8    11.920 52493.10490593 21.19 117.346885  30.691078 21.213
  8    12.060 52493.10490658 22.47 117.345985  30.687798 21.213
 10    12.957 52563.10492429 27.94 117.348807  30.701941 21.336
 10    12.730 52563.10492494 19.97 117.347907  30.698651 21.336
 10     9.700 52563.10492558 16.80 117.347007  30.695371 21.336
 10     9.642 52563.10492623 16.52 117.346107  30.692081 21.336
 10     9.894 52563.10492687 18.61 117.345207  30.688801 21.336
 10    10.081 52563.10492752 30.10 117.344307  30.685511 21.336
 12    11.891 52633.10489197 31.98 117.343590  30.700230 19.423
 12    10.447 52633.10489262 21.55 117.342690  30.696950 19.423
 12    10.560 52633.10489326 20.76 117.341790  30.693660 19.423
 12    10.557 52633.10489391 20.05 117.340890  30.690380 19.423
 12    10.455 52633.10489455 25.42 117.339990  30.687090 19.423
 13     9.311 52668.10490879 28.43 117.339610  30.697167 17.736
 13     9.430 52668.10490943 21.87 117.338710  30.693877 17.736
 13     9.865 52668.10491008 19.32 117.337810  30.690597 17.736
 13    11.063 52668.10491072 19.78 117.336910  30.687307 17.736
 13    11.642 52668.10491137 24.72 117.336010  30.684027 17.736
 14    13.074 52703.10488425 27.27 117.351958  30.702146 19.959
 14    12.827 52703.10488490 21.68 117.351058  30.698856 19.959
 14    12.541 52703.10488554 20.35 117.350158  30.695576 19.959
 14    12.674 52703.10488618 21.43 117.349258  30.692286 19.959
 14    13.558 52703.10488683 22.83 117.348358  30.688996 19.959
 16    12.152 52773.10488377 30.69 117.342727  30.699880 21.894
 16    10.446 52773.10488441 23.42 117.341827  30.696590 21.894
 16    10.835 52773.10488506 20.19 117.340927  30.693310 21.894
 16    11.058 52773.10488570 19.79 117.340037  30.690020 21.894
 16    11.646 52773.10488634 22.18 117.339137  30.686740 21.894
 17    10.079 52808.10494754 30.69 117.342864  30.699682 25.646
 17     9.771 52808.10494818 21.75 117.341964  30.696402 25.646
 17     9.825 52808.10494883 18.72 117.341064  30.693112 25.646
 17    10.223 52808.10494947 20.06 117.340164  30.689832 25.646
 17    11.122 52808.10495012 23.18 117.339264  30.686542 25.646
 18    13.726 52843.10500512 34.71 117.345066  30.700791 23.845
 18    13.678 52843.10500577 21.18 117.344166  30.697501 23.845
 18    12.890 52843.10500641 24.81 117.343266  30.694221 23.845
 18    12.710 52843.10500706 24.80 117.342366  30.690931 23.845
 18    12.586 52843.10500770 22.62 117.341466  30.687651 23.845
 19    12.277 52878.10504378 30.60 117.341646  30.699496 21.305
 19    10.887 52878.10504443 21.98 117.340746  30.696216 21.305
 19    11.101 52878.10504507 18.55 117.339846  30.692926 21.305
 19    10.875 52878.10504572 19.33 117.338946  30.689646 21.305
 19    11.549 52878.10504636 19.95 117.338046  30.686356 21.305
 20    10.416 52913.10500183 24.06 117.346134  30.699948 27.784
 20    10.685 52913.10500248 17.07 117.345234  30.696658 27.784
 20    10.579 52913.10500312 18.33 117.344334  30.693378 27.784
 20    10.310 52913.10500377 19.27 117.343434  30.690088 27.784
 20    10.221 52913.10500441 22.98 117.342544  30.686798 27.784
 21    10.799 52948.10495928 21.96 117.352085  30.701256 25.050
 21     9.828 52948.10495992 20.06 117.351185  30.697966 25.050
 21     9.172 52948.10496057 20.37 117.350285  30.694676 25.050
 21     9.831 52948.10496121 19.69 117.349385  30.691396 25.050
 21    10.494 52948.10496186 21.48 117.348485  30.688106 25.050
 23     7.794 53018.10498719 31.35 117.339680  30.697070 14.992
 23     9.516 53018.10498783 20.18 117.338780  30.693780 14.992
 23    10.342 53018.10498848 17.84 117.337880  30.690500 14.992
 23    11.597 53018.10498912 18.44 117.336980  30.687210 14.992
 23    11.710 53018.10498977 27.36 117.336080  30.683930 14.992
 24     9.850 53053.10496810 24.98 117.348769  30.700122 15.877
 24     3.045 53053.10496874 25.63 117.347869  30.696832 15.877
 24     3.175 53053.10496939 25.55 117.346969  30.693552 15.877
 24     3.318 53053.10497003 27.45 117.346069  30.690262 15.877
 24    10.154 53053.10497068 25.06 117.345169  30.686982 15.877
 25    10.079 53088.10500666 21.58 117.330219  30.694761 14.697
 25    10.250 53088.10500730 18.97 117.329319  30.691481 14.697
 25    10.208 53088.10500795 18.02 117.328419  30.688191 14.697
 25    12.729 53088.10500859 17.10 117.327519  30.684911 14.697
 25    11.878 53088.10500924 22.09 117.326619  30.681621 14.697
 26    10.194 53123.10497557 21.25 117.343797  30.697551 15.981
 26     8.752 53123.10497622 20.36 117.342897  30.694271 15.981
 26     9.335 53123.10497686 18.84 117.341997  30.690981 15.981
 26    12.020 53123.10497751 18.84 117.341097  30.687701 15.981
 26    11.397 53123.10497815 26.70 117.340197  30.684411 15.981
 27    10.580 53158.10503346 23.83 117.336037  30.696318 16.794
 27    10.230 53158.10503410 19.69 117.335137  30.693028 16.794
 27    10.540 53158.10503475 18.13 117.334237  30.689748 16.794
 27    11.126 53158.10503539 18.14 117.333337  30.686458 16.794
 27    11.375 53158.10503604 20.29 117.332447  30.683168 16.794
 28    11.961 53193.10502622 26.78 117.346558  30.700598 30.095
 28    10.434 53193.10502687 20.06 117.345658  30.697318 30.095
 28    10.666 53193.10502751 17.62 117.344758  30.694028 30.095
 28    10.780 53193.10502816 18.47 117.343858  30.690748 30.095
 28    10.149 53193.10502880 24.49 117.342958  30.687458 30.095
 30    11.196 53263.10499678 39.46 117.335442  30.697623 24.208
 30    11.130 53263.10499742 32.17 117.334542  30.694333 24.208
 30    10.927 53263.10499807 20.95 117.333642  30.691053 24.208
 30    10.864 53263.10499871 19.45 117.332742  30.687763 24.208
 30    11.023 53263.10499936 19.95 117.331842  30.684483 24.208
 31    10.714 53298.10503664 37.01 117.333912  30.696979 18.345
 31    10.742 53298.10503729 22.45 117.333012  30.693699 18.345
 31    10.636 53298.10503793 18.46 117.332112  30.690409 18.345
 31    10.515 53298.10503858 16.91 117.331212  30.687129 18.345
 31    10.363 53298.10503922 18.73 117.330312  30.683839 18.345
 33     8.019 53368.10495136 28.53 117.340615  30.696847 16.439
 33     9.724 53368.10495201 17.41 117.339715  30.693567 16.439
 33     9.932 53368.10495265 17.00 117.338815  30.690277 16.439
 33    11.718 53368.10495330 16.00 117.337915  30.686997 16.439
 33    11.339 53368.10495394 23.02 117.337015  30.683707 16.439
 35    12.363 53438.10496911 31.05 117.340708  30.698993 15.908
 35     8.546 53438.10496975 25.64 117.339808  30.695713 15.908
 35     9.327 53438.10497040 18.97 117.338908  30.692423 15.908
 35    10.404 53438.10497104 18.58 117.338008  30.689143 15.908
 35    11.474 53438.10497168 20.39 117.337108  30.685853 15.908
 36    10.052 53473.10502550 25.58 117.339231  30.696490 13.460
 36     9.380 53473.10502615 20.18 117.338331  30.693200 13.460
 36     9.931 53473.10502679 19.82 117.337431  30.689920 13.460
 36    11.580 53473.10502744 19.96 117.336531  30.686630 13.460
 36    11.594 53473.10502808 26.39 117.335631  30.683340 13.460
 37     8.970 53508.10505045 34.22 117.340284  30.698344 16.484
 37     8.597 53508.10505109 22.64 117.339384  30.695054 16.484
 37     9.565 53508.10505174 18.23 117.338484  30.691774 16.484
 37    11.028 53508.10505238 20.21 117.337584  30.688484 16.484
 37    11.429 53508.10505303 22.52 117.336684  30.685194 16.484
 38    11.027 53543.10506066 47.83 117.337851  30.698705 17.911
 38    11.098 53543.10506131 28.29 117.336951  30.695415 17.911
 38    10.941 53543.10506195 22.06 117.336051  30.692135 17.911
 38    10.888 53543.10506260 21.23 117.335151  30.688845 17.911
 38    11.140 53543.10506324 20.05 117.334251  30.685565 17.911
 39    10.775 53578.10504514 35.19 117.337927  30.696762 17.440
 39    10.849 53578.10504578 23.14 117.337027  30.693472 17.440
 39    10.741 53578.10504643 21.54 117.336127  30.690192 17.440
 39    10.896 53578.10504707 19.80 117.335227  30.686902 17.440
 39    11.368 53578.10504772 20.81 117.334327  30.683622 17.440
 40    12.207 53613.10499832 30.75 117.334945  30.695201 23.224
 40    11.955 53613.10499897 23.97 117.334045  30.691911 23.224
 40    11.674 53613.10499961 19.76 117.333145  30.688631 23.224
 40    11.983 53613.10500026 20.48 117.332245  30.685341 23.224
 40    12.776 53613.10500090 22.60 117.331355  30.682051 23.224
 41    10.134 53648.10500289 21.49 117.346155  30.698689 28.240
 41     9.730 53648.10500354 17.25 117.345255  30.695399 28.240
 41     9.914 53648.10500418 19.15 117.344355  30.692109 28.240
 41    11.375 53648.10500483 19.54 117.343455  30.688829 28.240
 41    10.329 53648.10500547 26.43 117.342555  30.685539 28.240
 42    11.096 53683.10501889 24.27 117.334919  30.695930 14.201
 42    10.781 53683.10501953 21.20 117.334019  30.692640 14.201
 42    10.591 53683.10502018 20.50 117.333119  30.689360 14.201
 42    11.497 53683.10502082 19.78 117.332219  30.686070 14.201
 42    12.404 53683.10502147 20.19 117.331319  30.682790 14.201
 43    10.086 53718.10494511 31.53 117.342821  30.699474 18.881
 43    11.983 53718.10494575 17.00 117.341921  30.696184 18.881
 43     9.692 53718.10494640 15.60 117.341021  30.692904 18.881
 43    10.479 53718.10494704 15.91 117.340121  30.689614 18.881
 43    11.247 53718.10494769 19.34 117.339221  30.686334 18.881
 44    11.211 53753.10486506 24.46 117.352876  30.702363 15.907
 44    10.587 53753.10486570 19.05 117.351976  30.699073 15.907
 44    11.184 53753.10486635 18.90 117.351076  30.695793 15.907
 44    11.045 53753.10486699 18.76 117.350176  30.692503 15.907
 44    13.379 53753.10486763 19.78 117.349276  30.689223 15.907
 45    11.862 53788.10489584 25.63 117.345597  30.699759 19.176
 45    10.140 53788.10489648 20.31 117.344697  30.696479 19.176
 45    10.489 53788.10489713 18.46 117.343797  30.693189 19.176
 45    11.369 53788.10489777 19.04 117.342897  30.689909 19.176
 45    11.875 53788.10489841 21.86 117.341997  30.686619 19.176
 46    10.859 53823.10484959 32.60 117.352111  30.703309 18.518
 46    10.762 53823.10485024 21.80 117.351211  30.700019 18.518
 46     9.234 53823.10485088 21.04 117.350311  30.696739 18.518
 46     9.240 53823.10485152 21.29 117.349411  30.693449 18.518
 46    10.564 53823.10485217 20.56 117.348511  30.690159 18.518
 46    10.961 53823.10485281 28.86 117.347611  30.686879 18.518
 47     8.995 53858.10494351 24.77 117.339209  30.696928 13.880
 47     8.826 53858.10494416 21.37 117.338309  30.693648 13.880
 47     9.311 53858.10494480 21.44 117.337409  30.690358 13.880
 47    10.309 53858.10494545 25.30 117.336509  30.687068 13.880
 47    11.604 53858.10494609 24.96 117.335609  30.683788 13.880
 48     9.985 53893.10495708 24.33 117.347636  30.700922 25.599
 48    10.137 53893.10495773 21.10 117.346736  30.697632 25.599
 48     9.593 53893.10495837 18.24 117.345836  30.694352 25.599
 48     9.922 53893.10495902 17.53 117.344936  30.691062 25.599
 48    10.218 53893.10495966 21.05 117.344036  30.687782 25.599
 49    10.556 53928.10501703 25.12 117.330878  30.694337 16.691
 49    10.817 53928.10501768 20.58 117.329978  30.691057 16.691
 49    10.535 53928.10501832 20.48 117.329078  30.687767 16.691
 49    12.722 53928.10501896 19.46 117.328178  30.684477 16.691
 49    12.623 53928.10501961 22.91 117.327278  30.681197 16.691
 50    10.782 53963.10499939 24.39 117.332642  30.695364 14.263
 50    10.393 53963.10500003 18.14 117.331742  30.692074 14.263
 50    10.492 53963.10500068 17.46 117.330842  30.688794 14.263
 50    10.409 53963.10500132 17.57 117.329952  30.685504 14.263
 50    12.192 53963.10500197 18.13 117.329052  30.682214 14.263
 51    10.767 53998.10494541 23.08 117.351104  30.701753 20.900
 51     9.828 53998.10494606 17.69 117.350204  30.698473 20.900
 51     9.432 53998.10494670 14.95 117.349304  30.695183 20.900
 51    10.168 53998.10494735 15.03 117.348404  30.691903 20.900
 51    10.704 53998.10494799 21.35 117.347504  30.688613 20.900
 52    10.070 54033.10499520 21.83 117.346790  30.700039 25.920
 52     9.723 54033.10499584 15.55 117.345900  30.696759 25.920
 52     9.382 54033.10499649 14.37 117.345000  30.693469 25.920
 52     9.824 54033.10499713 16.27 117.344100  30.690189 25.920
 52     9.888 54033.10499778 24.24 117.343200  30.686899 25.920
 54     9.232 54103.10494842 25.99 117.338187  30.697722 11.135
 54    10.024 54103.10494907 20.94 117.337287  30.694432 11.135
 54    10.616 54103.10494971 18.26 117.336387  30.691142 11.135
 54    12.223 54103.10495036 16.95 117.335487  30.687862 11.135
 54    12.185 54103.10495100 18.61 117.334597  30.684572 11.135
 55    11.523 54138.10491841 26.50 117.343896  30.699296 17.459
 55     8.820 54138.10491905 18.48 117.342996  30.696006 17.459
 55     9.149 54138.10491970 17.43 117.342096  30.692726 17.459
 55    10.123 54138.10492034 15.18 117.341196  30.689436 17.459
 55    10.086 54138.10492099 24.16 117.340296  30.686146 17.459
 56     8.150 54173.10492638 32.47 117.339058  30.697996 15.564
 56    10.530 54173.10492702 20.83 117.338158  30.694716 15.564
 56    11.116 54173.10492766 18.47 117.337258  30.691426 15.564
 56    12.442 54173.10492831 18.15 117.336358  30.688146 15.564
 56    12.251 54173.10492895 22.00 117.335458  30.684856 15.564
 57    10.103 54208.10492438 25.50 117.342743  30.698348 16.167
 57    10.220 54208.10492503 19.51 117.341843  30.695058 16.167
 57    10.018 54208.10492567 17.73 117.340943  30.691778 16.167
 57    11.539 54208.10492632 17.71 117.340043  30.688488 16.167
 57    11.231 54208.10492696 23.23 117.339143  30.685208 16.167
 59    10.496 54278.10496939 24.60 117.342661  30.699098 20.502
 59    10.591 54278.10497004 22.10 117.341761  30.695818 20.502
 59    10.564 54278.10497068 19.59 117.340861  30.692528 20.502
 59    10.393 54278.10497132 20.69 117.339961  30.689248 20.502
 59    10.944 54278.10497197 20.67 117.339061  30.685958 20.502
 60    12.319 54313.10497002 24.31 117.342940  30.697747 20.049
 60    12.037 54313.10497067 28.27 117.342040  30.694467 20.049
 60    11.716 54313.10497131 26.70 117.341140  30.691177 20.049
 60    11.657 54313.10497196 21.57 117.340240  30.687897 20.049
 60    11.173 54313.10497260 25.66 117.339340  30.684607 20.049
 61    12.841 54348.10494104 31.86 117.340049  30.699263 17.499
 61    11.018 54348.10494168 28.01 117.339149  30.695973 17.499
 61    11.057 54348.10494233 21.03 117.338249  30.692693 17.499
 61    10.786 54348.10494297 19.95 117.337349  30.689403 17.499
 61    11.077 54348.10494362 19.81 117.336449  30.686123 17.499
 62    10.117 54383.10490735 22.32 117.344659  30.698904 22.209
 62     9.775 54383.10490799 18.73 117.343759  30.695614 22.209
 62    10.147 54383.10490864 16.61 117.342859  30.692324 22.209
 62    10.076 54383.10490928 17.36 117.341959  30.689044 22.209
 62    10.476 54383.10490993 22.05 117.341059  30.685754 22.209
 63     8.860 54418.10489123 25.04 117.339320  30.696480 14.546
 63    10.068 54418.10489188 19.23 117.338430  30.693190 14.546
 63     9.898 54418.10489252 20.34 117.337530  30.689900 14.546
 63    10.469 54418.10489316 19.21 117.336630  30.686620 14.546
 63    11.268 54418.10489381 23.06 117.335730  30.683330 14.546
 64    10.204 54453.10487720 22.66 117.345804  30.699801 21.449
 64     9.780 54453.10487785 16.58 117.344904  30.696511 21.449
 64     9.490 54453.10487849 15.57 117.344004  30.693221 21.449
 64     9.843 54453.10487913 16.44 117.343104  30.689941 21.449
 64    10.084 54453.10487978 17.76 117.342204  30.686651 21.449
 65    11.992 54488.10488914 20.66 117.342567  30.697161 10.610
 65     9.514 54488.10488979 19.23 117.341667  30.693871 10.610
 65     9.875 54488.10489043 18.00 117.340777  30.690591 10.610
 65    10.614 54488.10489108 17.57 117.339877  30.687301 10.610
 65    11.317 54488.10489172 21.61 117.338977  30.684011 10.610
 66    10.134 54523.10489044 28.25 117.345299  30.699541 16.476
 66     3.876 54523.10489109 26.90 117.344399  30.696251 16.476
 66     3.977 54523.10489173 27.29 117.343499  30.692971 16.476
 66     4.207 54523.10489238 25.70 117.342599  30.689681 16.476
 66     9.528 54523.10489302 25.63 117.341699  30.686391 16.476
 67     8.106 54558.10489861 35.99 117.339866  30.698003 16.367
 67     8.950 54558.10489926 18.24 117.338966  30.694723 16.367
 67     9.635 54558.10489990 15.59 117.338066  30.691433 16.367
 67    10.296 54558.10490055 15.90 117.337166  30.688153 16.367
 67    11.591 54558.10490119 18.22 117.336266  30.684863 16.367
 68    11.865 54593.10488620 25.01 117.342411  30.699651 17.671
 68     9.985 54593.10488684 20.30 117.341511  30.696371 17.671
 68     9.152 54593.10488749 17.60 117.340611  30.693081 17.671
 68     9.888 54593.10488813 17.02 117.339711  30.689791 17.671
 68    10.620 54593.10488878 17.95 117.338811  30.686511 17.671
 69     8.433 54628.10490191 28.67 117.341092  30.698083 16.598
 69    10.288 54628.10490255 18.39 117.340192  30.694793 16.598
 69    10.028 54628.10490320 18.54 117.339292  30.691513 16.598
 69    10.273 54628.10490384 18.75 117.338392  30.688223 16.598
 69    11.008 54628.10490449 22.86 117.337502  30.684933 16.598
 70    10.270 54663.10490940 25.52 117.339902  30.696897 15.168
 70    10.084 54663.10491004 20.48 117.339002  30.693607 15.168
 70     9.995 54663.10491069 18.44 117.338102  30.690327 15.168
 70    10.477 54663.10491133 19.73 117.337202  30.687037 15.168
 70    11.451 54663.10491198 22.18 117.336302  30.683747 15.168
 71    11.119 54698.10488297 29.45 117.341057  30.697906 14.943
 71    10.896 54698.10488362 24.29 117.340157  30.694616 14.943
 71    10.789 54698.10488426 20.71 117.339257  30.691336 14.943
 71    10.982 54698.10488490 21.03 117.338357  30.688046 14.943
 71    11.168 54698.10488555 23.42 117.337457  30.684766 14.943
 72    10.903 54733.10486633 21.80 117.344002  30.697927 25.973
 72    10.718 54733.10486698 18.14 117.343102  30.694637 25.973
 72    10.609 54733.10486762 17.72 117.342202  30.691357 25.973
 72    10.062 54733.10486827 20.71 117.341302  30.688067 25.973
 72    10.621 54733.10486891 23.58 117.340402  30.684777 25.973
 73    10.074 54768.10486312 19.71 117.341879  30.697262 21.177
 73    10.204 54768.10486376 18.64 117.340979  30.693972 21.177
 73    10.278 54768.10486441 16.46 117.340079  30.690682 21.177
 73    10.120 54768.10486505 20.77 117.339179  30.687402 21.177
 73    10.773 54768.10486570 29.06 117.338289  30.684112 21.177
 74    11.708 54803.10485985 29.08 117.343499  30.700150 16.428
 74     9.666 54803.10486049 21.22 117.342599  30.696860 16.428
 74     9.155 54803.10486114 20.98 117.341699  30.693580 16.428
 74     9.583 54803.10486178 21.34 117.340799  30.690290 16.428
 74    10.228 54803.10486243 21.78 117.339899  30.687000 16.428
 75    10.011 54838.10485568 26.42 117.342378  30.698664 17.959
 75     9.481 54838.10485632 18.87 117.341478  30.695384 17.959
 75    17.593 54838.10485697 16.73 117.340578  30.692094 17.959
 75    17.970 54838.10485761 17.48 117.339678  30.688814 17.959
 75    10.910 54838.10485826 22.05 117.338778  30.685524 17.959
 76     9.995 54873.10485970 25.52 117.343240  30.698272 14.274
 76     3.991 54873.10486034 24.04 117.342340  30.694992 14.274
 76     4.065 54873.10486099 24.97 117.341440  30.691702 14.274
 76     7.138 54873.10486163 24.75 117.340540  30.688412 14.274
 76    10.731 54873.10486228 22.92 117.339640  30.685132 14.274
 77    11.325 54908.10486334 25.16 117.337203  30.697438 11.959
 77    10.834 54908.10486398 20.62 117.336303  30.694148 11.959
 77    10.195 54908.10486463 19.70 117.335403  30.690868 11.959
 77    10.837 54908.10486527 19.30 117.334513  30.687578 11.959
 77    11.326 54908.10486592 19.69 117.333613  30.684288 11.959
 78    10.255 54943.10485207 22.55 117.342553  30.697578 17.386
 78     9.829 54943.10485272 18.64 117.341653  30.694288 17.386
 78     9.968 54943.10485336 19.46 117.340753  30.691008 17.386
 78    11.393 54943.10485400 19.04 117.339853  30.687718 17.386
 78    11.443 54943.10485465 26.12 117.338953  30.684428 17.386
 79     8.900 54978.10487972 27.20 117.340737  30.697596 18.722
 79     9.340 54978.10488036 20.30 117.339837  30.694306 18.722
 79    10.148 54978.10488101 19.03 117.338937  30.691026 18.722
 79    10.928 54978.10488165 19.32 117.338037  30.687736 18.722
 79    11.251 54978.10488230 23.32 117.337137  30.684446 18.722
 80    12.771 55013.10488601 27.28 117.341382  30.699516 21.650
 80     9.730 55013.10488665 25.60 117.340482  30.696236 21.650
 80     9.828 55013.10488730 25.23 117.339582  30.692946 21.650
 80    10.258 55013.10488794 24.05 117.338682  30.689666 21.650
 80    11.053 55013.10488859 24.68 117.337782  30.686376 21.650
 81    11.968 55048.10487861 21.97 117.342896  30.698277 20.222
 81    10.844 55048.10487926 23.54 117.341996  30.694997 20.222
 81    10.591 55048.10487990 18.83 117.341096  30.691707 20.222
 81    10.282 55048.10488055 20.59 117.340196  30.688427 20.222
 81    10.963 55048.10488119 24.01 117.339296  30.685137 20.222
 82    10.186 55083.10484904 41.64 117.339136  30.698710 20.238
 82    10.174 55083.10484968 30.61 117.338236  30.695420 20.238
 82    10.610 55083.10485033 18.89 117.337336  30.692140 20.238
 82    10.385 55083.10485097 17.84 117.336436  30.688850 20.238
 82    11.310 55083.10485162 18.46 117.335536  30.685560 20.238
 83    10.022 55118.10481084 21.12 117.344963  30.698158 25.232
 83     9.690 55118.10481148 16.06 117.344063  30.694868 25.232
 83     9.699 55118.10481213 16.29 117.343163  30.691588 25.232
 83     9.873 55118.10481277 19.00 117.342263  30.688298 25.232
 83    10.006 55118.10481342 29.40 117.341363  30.685008 25.232
 84    10.345 55153.10480821 22.70 117.339482  30.696290 13.334
 84    10.435 55153.10480885 19.08 117.338582  30.693000 13.334
 84    10.521 55153.10480950 18.71 117.337682  30.689720 13.334
 84    11.334 55153.10481014 18.86 117.336782  30.686430 13.334
 84    11.519 55153.10481079 23.89 117.335892  30.683140 13.334
 85    10.072 55188.10479849 27.24 117.343496  30.698797 21.910
 85    10.158 55188.10479914 19.39 117.342596  30.695507 21.910
 85     9.795 55188.10479978 19.10 117.341696  30.692227 21.910
 85    10.345 55188.10480043 18.92 117.340796  30.688937 21.910
 85    10.414 55188.10480107 26.55 117.339896  30.685647 21.910
 86     8.958 55223.10480707 26.81 117.340407  30.697485 14.714
 86     9.153 55223.10480772 20.11 117.339507  30.694195 14.714
 86     9.897 55223.10480836 20.41 117.338607  30.690915 14.714
 86    10.777 55223.10480900 19.48 117.337707  30.687625 14.714
 86    11.602 55223.10480965 21.87 117.336807  30.684335 14.714
 87    10.399 55258.10479485 25.05 117.343433  30.697951 18.410
 87    10.437 55258.10479550 24.07 117.342533  30.694671 18.410
 87    11.551 55258.10479614 22.78 117.341633  30.691381 18.410
 87    18.038 55258.10479679 21.59 117.340733  30.688091 18.410
 87    11.581 55258.10479743 27.86 117.339843  30.684811 18.410
 88     9.053 55293.10479384 34.33 117.339249  30.698781 15.923
 88    10.738 55293.10479448 23.79 117.338349  30.695491 15.923
 88     9.193 55293.10479513 22.84 117.337449  30.692211 15.923
 88    10.099 55293.10479577 20.90 117.336549  30.688921 15.923
 88    11.487 55293.10479642 19.89 117.335649  30.685631 15.923
 89     9.437 55328.10477805 28.91 117.339886  30.697081 17.367
 89     9.355 55328.10477870 21.07 117.338986  30.693801 17.367
 89     9.977 55328.10477934 18.42 117.338086  30.690511 17.367
 89    10.966 55328.10477999 19.01 117.337186  30.687231 17.367
 89    11.605 55328.10478063 26.11 117.336286  30.683941 17.367
 90    12.726 55363.10477332 31.03 117.340896  30.699558 16.615
 90    11.468 55363.10477397 25.98 117.339996  30.696278 16.615
 90    11.101 55363.10477461 25.83 117.339096  30.692988 16.615
 90    11.057 55363.10477526 23.15 117.338196  30.689708 16.615
 90    11.263 55363.10477590 22.53 117.337296  30.686418 16.615
 91    13.131 55398.10478205 30.42 117.343517  30.697683 23.210
 91    13.144 55398.10478270 29.94 117.342617  30.694393 23.210
 91    12.842 55398.10478334 29.29 117.341717  30.691113 23.210
 91    12.639 55398.10478399 26.07 117.340817  30.687823 23.210
 91    11.665 55398.10478463 28.88 117.339917  30.684533 23.210
 92    12.143 55433.10478847 27.26 117.344264  30.700170 22.162
 92    11.419 55433.10478912 25.78 117.343364  30.696880 22.162
 92    11.247 55433.10478976 23.13 117.342464  30.693600 22.162
 92    11.104 55433.10479041 21.92 117.341564  30.690310 22.162
 92    10.904 55433.10479105 21.85 117.340664  30.687030 22.162
 93    11.025 55468.10474726 27.00 117.338850  30.696168 17.247
 93    11.317 55468.10474791 22.87 117.337950  30.692888 17.247
 93    17.803 55468.10474855 19.59 117.337050  30.689598 17.247
 93    17.892 55468.10474920 19.71 117.336150  30.686318 17.247
 93    11.802 55468.10474984 23.76 117.335250  30.683028 17.247
