-180726.230   126.742     0.00   46.75
-180351.949   125.435    -3.49   46.40
-179977.686   112.629   -34.22   44.92
-179603.443   102.200   -27.87   32.22
-179229.220    91.880   -27.58   17.67
-178855.015    93.638     4.70   16.63
-178480.830    99.312    15.17   15.35
-178106.664   102.632     8.87   14.65
-177732.517   105.290     7.11   11.38
-177358.390   109.360    10.88    8.38
-176984.282   107.035    -6.21    8.80
-176610.193   105.369    -4.46    8.73
-176236.123   106.812     3.86   10.08
-175862.073   108.290     3.95    9.59
-175488.042   106.905    -3.70   11.38
-175114.030   100.102   -18.19   14.85
-174740.038    99.996    -0.28   20.16
-174366.064   102.450     6.56   25.34
-173992.110   108.169    15.29   32.02
-173618.175   108.291     0.33   26.86
-173244.259   115.051    18.08   30.79
-172870.363   120.132    13.59   33.43
-172496.486   125.835    15.26   31.06
-172122.628   138.635    34.24   27.70
-171748.789   142.087     9.23   25.44
-171374.969   146.569    11.99   24.49
-171001.169   154.327    20.76   22.29
-170627.388   173.029    50.04   31.80
-170253.625   182.587    25.57   37.12
-169879.883   193.169    28.32   39.15
-169506.159   190.138    -8.11   37.62
-169132.454   181.856   -22.17   36.84
-168758.769   193.610    31.46   47.00
-168385.103   212.816    51.41   59.14
-168011.456   232.191    51.86   55.87
-167637.828   236.411    11.30   53.26
-167264.219   207.747   -76.74   44.72
-166890.629   189.169   -49.74   36.69
-166517.059   179.943   -24.70   29.66
-166143.507   166.164   -36.89   22.65
-165769.975   157.048   -24.41   26.25
-165396.462   144.657   -33.18   26.39
-165022.968   136.340   -22.27   23.92
-164649.493   124.899   -30.64   21.31
-164276.037   116.291   -23.05   19.42
-163902.600   107.857   -22.59   17.85
-163527.434   103.246   -12.29   15.63
-163150.168    99.673    -9.47   16.81
-162772.921    93.837   -15.47   18.05
-162395.694    90.444    -9.00   19.83
-162018.487    81.835   -22.82   17.63
-161641.298    74.457   -19.56   12.13
-161264.130    68.882   -14.78    5.85
-160886.980    65.991    -7.67    4.10
-160509.850    64.444    -4.10    4.91
-160132.740    65.519     2.85    8.39
-159755.649    66.554     2.75   10.35
-159378.578    70.013     9.17   14.83
-159001.526    70.473     1.22   13.86
-158624.494    72.001     4.05   13.46
-158247.481    73.169     3.10   14.50
-157870.487    75.102     5.13   13.66
-157493.513    72.369    -7.25   11.88
-157116.558    73.324     2.54   13.85
-156739.623    75.986     7.06   16.06
-156362.707    77.324     3.55   15.26
-155985.811    83.303    15.87   14.08
-155608.934    86.899     9.54   13.95
-155232.076    93.652    17.92   14.55
-154855.238    98.502    12.87   13.33
-154478.419   100.969     6.55   12.08
-154101.620    98.247    -7.22   12.15
-153724.840    92.943   -14.08   10.17
-153348.079    87.146   -15.39    9.57
-152971.338    81.102   -16.05   11.07
-152594.616    73.946   -19.00   14.41
-152217.914    66.360   -20.14   12.43
-151841.231    59.182   -19.06    8.99
-151464.567    54.291   -12.99    2.57
-151087.922    52.724    -4.16    1.99
-150711.297    51.595    -3.00    2.34
-150334.692    51.302    -0.78    5.10
-149958.105    48.996    -6.12    2.07
-149581.538    48.269    -1.93    1.86
-149204.991    48.073    -0.52    1.99
-148828.462    48.064    -0.02    2.08
-148451.953    48.880     2.17    3.54
-148075.463    51.882     7.98    8.04
-147698.993    55.657    10.03   11.00
-147322.542    62.610    18.47   14.06
-146946.110    69.444    18.16   15.03
-146569.698    78.169    23.18   19.30
-146193.304    95.769    46.77   31.68
-145816.931   117.655    58.16   37.19
-145440.576   142.200    65.23   36.84
-145064.241   165.476    61.86   39.35
-144687.925   170.314    12.86   40.50
-144311.628   169.044    -3.38   36.35
-143935.350   167.435    -4.27   36.24
-143559.092   154.882   -33.37   39.71
-143182.853   152.223    -7.07   57.46
-142806.633   126.746   -67.73   52.39
-142430.432   104.842   -58.23   35.79
-142054.251    93.723   -29.56   23.19
-141678.089    95.208     3.95   25.41
-141301.946   104.837    25.60   28.18
-140925.823   121.950    45.51   35.44
-140549.718   137.632    41.70   39.26
-140173.633   156.682    50.66   36.34
-139797.567   171.330    38.96   35.86
-139421.520   172.191     2.29   36.31
-139045.493   171.723    -1.24   38.87
-138669.484   173.838     5.63   37.59
-138293.495   179.087    13.96   32.32
-137917.525   188.382    24.73   31.30
-137541.574   195.464    18.84   31.86
-137165.643   202.078    17.60   28.86
-136789.730   196.314   -15.34   29.04
-136413.837   178.405   -47.65   30.99
-136037.963   168.837   -25.46   27.31
-135662.108   176.324    19.92   40.23
-135286.272   209.291    87.73   68.48
-134910.455   259.057   132.44   86.17
-134534.658   326.564   179.66   75.53
-134158.879   384.413   153.96   74.81
-133783.120   421.382    98.40   60.19
-133407.380   411.496   -26.31   65.75
-133031.659   396.269   -40.53   69.50
-132655.957   381.019   -40.60   59.35
-132280.274   407.360    70.12   67.60
-131904.611   443.950    97.42   63.86
-131528.966   471.769    74.06   46.84
-131153.341   467.524   -11.30   47.73
-130777.734   441.996   -67.97   58.07
-130402.147   418.029   -63.82   55.98
-130026.579   405.191   -34.19   54.95
-129651.030   409.435    11.30   60.57
-129275.499   421.473    32.06   66.40
-128899.988   426.041    12.17   54.68
-128524.497   426.880     2.23   44.91
-128149.024   425.037    -4.91   39.10
-127773.570   430.399    14.28   46.68
-127398.135   442.124    31.23   60.38
-127022.719   433.746   -22.32   56.84
-126647.323   425.483   -22.02   54.21
-126271.945   416.513   -23.90   56.33
-125896.587   392.314   -64.48   55.74
-125521.247   376.344   -42.55   45.87
-125145.926   372.346   -10.65   40.66
-124770.625   366.382   -15.89   41.45
-124395.342   366.019    -0.97   41.02
-124020.079   374.680    23.08   49.22
-123644.834   369.476   -13.87   62.03
-123269.609   362.314   -19.09   72.25
-122894.402   351.964   -27.59   70.58
-122519.215   339.457   -33.34   49.16
-122144.046   331.178   -22.07   40.32
-121768.897   317.814   -35.63   34.49
-121393.766   313.902   -10.43   30.89
-121018.654   308.695   -13.88   29.70
-120643.562   302.746   -15.86   29.51
-120268.488   301.695    -2.80   29.01
-119893.433   309.591    21.05   34.26
-119518.397   324.473    39.69   45.65
-119143.381   344.001    52.08   45.36
-118768.383   361.857    47.62   41.47
-118393.404   380.344    49.30   36.55
-118018.444   393.564    35.26   43.04
-117643.503   413.939    54.35   64.32
-117268.580   460.882   125.22   88.16
-116893.677   507.087   123.26   79.89
-116518.793   531.860    66.09   66.44
-116143.927   565.057    88.57   61.90
-115769.081   576.419    30.31   63.00
-115394.253   555.496   -55.83   81.46
-115019.444   529.388   -69.66   77.67
-114644.654   525.411   -10.61   66.92
-114269.883   547.235    58.24   65.43
-113895.131   578.155    82.52   60.29
-113520.398   604.203    69.52   56.97
-113145.684   609.983    15.43   55.60
-112770.988   600.257   -25.96   62.93
-112396.311   547.094  -141.91  109.43
-112021.654   485.048  -165.63  110.90
-111647.015   426.435  -156.47   90.98
-111272.395   373.191  -142.14   55.89
-110897.793   337.486   -95.32   67.13
-110523.211   290.007  -126.77   58.64
-110148.647   256.191   -90.29   33.61
-109774.103   249.117   -18.89   28.85
-109399.577   261.610    33.36   41.77
-109025.070   299.213   100.42   65.48
-108650.581   352.638   142.68   84.92
-108276.112   404.496   138.50   95.28
-107901.661   457.071   140.42   81.77
-107527.229   472.280    40.62   69.66
-107152.816   473.722     3.85   58.23
-106778.422   457.382   -43.65   53.18
-106404.046   433.213   -64.56   54.76
-106029.689   421.943   -30.11   51.31
-105655.351   395.905   -69.56   53.04
-105281.032   372.450   -62.67   54.07
-104906.732   365.013   -19.87   50.43
-104532.450   354.905   -27.01   48.50
-104158.187   356.337     3.83   55.94
-103783.943   368.257    31.86   80.26
-103409.718   379.591    30.29   92.76
-103035.511   400.356    55.50   86.89
-102661.323   409.857    25.40   69.82
-102287.154   405.391   -11.94   55.13
-101913.003   396.769   -23.05   44.02
-101538.871   378.200   -49.63   40.20
-101164.758   355.291   -61.24   54.48
-100790.664   328.473   -71.69   58.53
-100416.588   284.428  -117.76   73.30
-100042.531   249.247   -94.06   76.60
 -99668.493   217.837   -83.98   64.75
 -99294.474   213.632   -11.24   54.94
 -98920.473   243.019    78.58   77.81
 -98546.491   298.680   148.85   87.66
 -98172.527   345.087   124.11   73.83
 -97798.582   400.769   148.92   80.01
 -97424.656   444.057   115.78   86.13
 -97050.749   459.169    40.42   75.84
 -96676.860   447.678   -30.74   86.10
 -96302.990   429.428   -48.82   88.65
 -95929.138   394.314   -93.93   68.60
 -95555.306   402.340    21.47   87.72
 -95181.491   441.486   104.73  120.03
 -94807.696   470.591    77.87  116.80
 -94433.919   491.746    56.60   92.12
 -94060.161   470.632   -56.50   80.97
 -93686.421   457.519   -35.09   73.39
 -93312.700   431.678   -69.15   59.30
 -92938.997   444.245    33.63   74.33
 -92565.314   508.421   171.75   86.44
 -92191.648   537.837    78.73   68.27
 -91818.002   536.860    -2.62   57.42
 -91444.374   531.312   -14.85   53.58
 -91070.764   517.155   -37.90   48.98
 -90697.173   537.835    55.36   65.56
 -90323.601   581.364   116.53   65.57
 -89950.048   616.138    93.10   56.71
 -89576.512   634.364    48.80   56.11
 -89202.996   639.857    14.71   65.36
 -88829.498   639.996     0.37   67.26
 -88453.831   645.791    15.43   57.81
 -88076.611   612.405   -88.51   82.38
 -87699.410   568.745  -115.76  109.55
 -87322.228   491.546  -204.69  122.94
 -86945.065   418.769  -192.98   93.10
 -86567.921   366.655  -138.19   55.62
 -86190.796   348.700   -47.61   35.52
 -85813.689   343.594   -13.54   31.47
 -85436.602   338.132   -14.48   36.53
 -85059.533   332.669   -14.49   40.38
 -84682.484   323.569   -24.14   43.33
 -84305.453   311.071   -33.15   43.20
 -83928.441   295.928   -40.17   40.50
 -83551.449   282.702   -35.08   37.70
 -83174.475   268.594   -37.43   35.95
 -82797.520   255.905   -33.66   31.88
 -82420.583   243.673   -32.45   28.04
 -82043.666   231.324   -32.77   25.30
 -81666.768   222.382   -23.73   28.95
 -81289.888   227.280    13.00   36.01
 -80913.027   226.110    -3.11   38.22
 -80536.185   227.354     3.30   44.22
 -80159.362   219.564   -20.67   39.34
 -79782.558   213.837   -15.20   36.99
 -79405.773   210.519    -8.81   32.92
 -79029.007   208.502    -5.35   31.50
 -78652.259   211.697     8.48   24.59
 -78275.530   213.680     5.26   30.04
 -77898.820   220.792    18.88   41.24
 -77522.129   221.791     2.65   43.88
 -77145.457   233.413    30.86   49.03
 -76768.803   252.529    50.76   56.87
 -76392.169   259.700    19.04   62.44
 -76015.553   277.978    48.53   59.44
 -75638.956   264.080   -36.91   58.65
 -75262.377   244.860   -51.04   53.69
 -74885.818   218.337   -70.44   55.24
 -74509.277   188.814   -78.41   49.44
 -74132.755   173.678   -40.20   42.50
 -73756.252   168.450   -13.88   37.74
 -73379.767   171.973     9.36   38.77
 -73003.302   176.905    13.10   36.13
 -72626.855   165.969   -29.05   32.45
 -72250.427   154.723   -29.88   30.70
 -71874.017   148.064   -17.69   27.55
 -71497.627   135.791   -32.61   25.98
 -71121.255   135.950     0.42   26.58
 -70744.902   132.882    -8.15   22.65
 -70368.567   128.837   -10.75   22.35
 -69992.252   128.546    -0.77   24.80
 -69615.955   121.792   -17.95   21.28
 -69239.676   124.457     7.08   28.70
 -68863.417   126.702     5.97   30.88
 -68487.176   118.457   -21.91   31.72
 -68110.954   108.019   -27.75   30.05
 -67734.750    98.327   -25.76   23.22
 -67358.566    89.057   -24.64   14.09
 -66982.400    87.150    -5.07   12.07
 -66606.252    84.080    -8.16   13.10
 -66230.124    82.950    -3.00   12.06
 -65854.014    80.559    -6.36   10.51
 -65477.922    75.678   -12.98   10.79
 -65101.850    69.964   -15.19   12.67
 -64725.796    65.450   -12.00   12.67
 -64349.760    61.316   -10.99   10.28
 -63973.743    59.655    -4.42    8.17
 -63597.745    64.657    13.31   13.15
 -63221.766    74.373    25.84   16.45
 -62845.805    81.496    18.95   16.22
 -62469.863    83.919     6.44   14.38
 -62093.940    84.087     0.45   14.31
 -61718.035    77.350   -17.92   14.40
 -61342.148    75.473    -4.99   13.73
 -60966.281    76.519     2.78   13.98
 -60590.432    77.427     2.42   14.07
 -60214.601    76.246    -3.14   15.32
 -59838.789    75.061    -3.15   15.29
 -59462.996    74.480    -1.55   12.24
 -59087.222    75.678     3.19   10.83
 -58711.465    77.699     5.38   10.28
 -58335.728    81.391     9.83   11.49
 -57960.009    85.394    10.65   11.77
 -57584.309    89.473    10.86   11.05
 -57208.627    92.378     7.73   11.40
 -56832.964    87.655   -12.57   12.65
 -56457.319    83.178   -11.92   10.58
 -56081.693    79.652    -9.39    8.20
 -55706.085    76.835    -7.50    7.36
 -55330.496    75.794    -2.77    7.42
 -54954.926    75.769    -0.07    8.90
 -54579.374    82.745    18.58   20.08
 -54203.841    93.094    27.56   28.59
 -53828.326   107.680    38.84   38.09
 -53452.829   124.908    45.88   49.98
 -53077.352   144.769    52.90   70.20
 -52701.892   179.031    91.26   91.21
 -52326.452   197.724    49.79   93.27
 -51951.029   219.815    58.85   84.13
 -51575.625   233.346    36.05   79.19
 -51200.240   247.291    37.15   79.05
 -50824.873   262.722    41.11   90.47
 -50449.525   253.334   -25.01   94.95
 -50074.195   232.838   -54.61   83.50
 -49698.884   215.235   -46.90   65.68
 -49323.591   192.519   -60.53   37.90
 -48948.316   193.986     3.91   34.08
 -48573.060   204.246    27.34   34.98
 -48197.823   221.791    46.76   36.42
 -47822.604   234.616    34.18   41.61
 -47447.403   248.838    37.91   39.96
 -47072.221   258.235    25.05   40.66
 -46697.057   275.905    47.10   41.98
 -46321.912   279.356     9.20   37.69
 -45946.785   290.746    30.37   39.05
 -45571.676   298.110    19.63   44.83
 -45196.586   287.435   -28.46   45.62
 -44821.515   279.428   -21.35   43.79
 -44446.462   270.837   -22.91   36.71
 -44071.427   261.924   -23.77   35.97
 -43696.410   253.857   -21.51   31.32
 -43321.412   240.337   -36.06   31.40
 -42946.433   229.235   -29.61   31.21
 -42571.471   218.413   -28.86   26.15
 -42196.529   208.610   -26.15   18.46
 -41821.604   204.397   -11.24   17.01
 -41446.698   199.857   -12.11   16.25
 -41071.810   192.815   -18.79   16.63
 -40696.941   183.200   -25.65   14.59
 -40322.090   175.747   -19.88   10.68
 -39947.257   171.435   -11.50    9.96
 -39572.443   168.369    -8.18    8.18
 -39197.647   165.862    -6.69    8.93
 -38822.869   161.613   -11.34    9.63
 -38448.110   158.931    -7.16    9.87
 -38073.369   155.746    -8.50    9.96
 -37698.647   149.943   -15.49   10.15
 -37323.942   144.360   -14.90    8.98
 -36949.256   138.591   -15.40    8.86
 -36574.589   134.117   -11.94    8.16
 -36199.939   130.247   -10.33    6.70
 -35825.308   127.126    -8.33    6.17
 -35450.696   123.587    -9.45    7.20
 -35076.101   122.877    -1.89    9.17
 -34701.525   121.291    -4.23   10.28
 -34326.967   119.246    -5.46    9.42
 -33952.427   117.935    -3.50    8.75
 -33577.906   115.943    -5.32    8.54
 -33203.403   111.792   -11.08    8.63
 -32828.918   107.382   -11.78    8.37
 -32454.452   103.569   -10.18    7.87
 -32080.004   100.837    -7.30    8.04
 -31705.574    97.746    -8.26    7.88
 -31331.162    97.388    -0.96    8.91
 -30956.768    98.880     3.99   10.12
 -30582.393    99.935     2.82   10.44
 -30208.036   100.724     2.11    7.87
 -29833.697   100.291    -1.16    6.59
 -29459.377    97.519    -7.41    6.47
 -29085.074    94.655    -7.65    5.84
 -28710.790    93.007    -4.40    5.48
 -28336.524    88.702   -11.50    7.55
 -27962.277    83.150   -14.84    8.33
 -27588.047    78.635   -12.06    8.78
 -27213.836    74.655   -10.64    8.12
 -26839.643    71.541    -8.32    7.34
 -26465.468    69.428    -5.65    8.12
 -26091.311    70.452     2.74   10.18
 -25717.173    75.610    13.79   13.09
 -25343.052    80.792    13.85   12.79
 -24968.950    87.405    17.68   12.40
 -24594.866    93.950    17.50   11.50
 -24220.800    98.001    10.83    9.87
 -23846.753   101.041     8.13    7.00
 -23472.723   102.842     4.81    4.23
 -23098.712   102.587    -0.68    4.63
 -22724.718   101.411    -3.14    4.99
 -22350.743    99.837    -4.21    5.47
 -21976.786    99.064    -2.07    6.16
 -21602.848    96.955    -5.64    6.51
 -21228.927    94.769    -5.85    6.95
 -20855.024    92.988    -4.76    7.00
 -20481.140    92.905    -0.22    8.46
 -20107.273    89.721    -8.52    9.19
 -19733.425    85.314   -11.79    9.19
 -19359.595    82.678    -7.05    8.91
 -18985.783    82.420    -0.69   10.13
 -18611.989    82.996     1.54   12.49
 -18238.213    82.988    -0.02   13.06
 -17864.456    86.473     9.32   11.79
 -17490.716    87.554     2.89   11.93
 -17116.994    89.450     5.07    9.81
 -16743.291    89.587     0.36    9.05
 -16369.605    85.652   -10.53   12.21
 -15995.938    78.200   -19.94   12.45
 -15622.289    74.476    -9.97   12.40
 -15248.657    73.632    -2.26   13.28
 -14875.044    71.721    -5.12   14.58
 -14501.449    69.546    -5.82   12.85
 -14127.872    69.473    -0.20   11.44
 -13754.313    74.632    13.81   13.61
 -13378.151    82.269    20.30   14.01
 -13000.985    90.598    22.08    9.99
 -12623.837    95.450    12.87    6.39
 -12246.708    94.536    -2.42    6.78
 -11869.598    92.746    -4.75    6.49
 -11492.505    90.969    -4.71    6.52
 -11115.431    91.650     1.81    7.44
 -10738.376    92.769     2.97    6.87
 -10361.339    93.219     1.19    5.64
  -9984.320    89.996    -8.55    7.03
  -9607.319    85.041   -13.14    8.62
  -9230.337    80.676   -11.58    7.60
  -8853.373    76.435   -11.25    7.37
  -8476.428    75.044    -3.69    7.35
  -8099.501    76.950     5.06    9.20
  -7722.592    79.695     7.28    9.72
  -7345.702    81.946     5.97    6.80
  -6968.830    79.632    -6.14    8.36
  -6591.976    72.269   -19.54   11.34
  -6215.141    62.769   -25.21   12.22
  -5838.324    55.476   -19.35    9.88
  -5461.525    49.928   -14.72    7.56
  -5084.744    46.064   -10.25    4.41
  -4707.982    44.200    -4.95    4.78
  -4331.238    43.587    -1.63    4.85
  -3954.513    44.031     1.18    4.76
  -3577.805    44.235     0.54    4.70
  -3201.116    46.001     4.69    4.51
  -2824.446    45.745    -0.68    4.79
  -2447.793    48.610     7.60    7.80
  -2071.159    53.346    12.58    9.19
  -1694.543    54.860     4.02    9.43
  -1317.946    50.269   -12.19   17.39
   -941.366    41.635   -22.93   22.45
   -564.805    25.700   -42.32   25.55
   -188.262    14.087   -30.84   24.74
    188.262     4.413   -25.69   18.67
    564.769    -1.209   -14.93    6.86
    941.257     2.702    10.39    7.51
   1317.727     7.303    12.22    5.38
   1694.178     9.746     6.49    3.77
   2070.612    11.132     3.68    3.90
   2447.027    10.791    -0.91    3.91
   2823.424     9.650    -3.03    4.30
   3199.803     9.991     0.91    6.10
   3576.164    12.791     7.44    8.94
   3952.506    16.546     9.98   10.37
   4328.830    19.420     7.64    9.81
   4705.136    22.905     9.26    6.73
   5081.424    22.496    -1.09    6.29
   5457.694    20.041    -6.52    7.53
   5833.945    16.382    -9.73    7.84
   6210.179    15.019    -3.62    7.22
   6586.394    16.680     4.42   12.31
   6962.591    21.269    12.20   18.94
   7338.770    26.450    13.77   22.20
   7714.930    31.200    12.63   23.73
   8091.073    36.132    13.11   22.82
   8467.197    35.397    -1.96   22.21
   8843.303    33.996    -3.72   21.63
   9219.392    34.702     1.88   21.65
   9595.462    28.061   -17.66   19.50
   9971.513    28.257     0.52   20.42
  10347.547    31.928     9.76   22.62
  10723.563    40.769    23.51   22.92
  11099.560    41.606     2.23   19.29
  11475.540    34.292   -19.45   20.24
  11851.501    24.928   -24.91   20.07
  12227.444    13.525   -30.33   12.03
  12603.369    11.064    -6.55    9.36
  12979.276    14.019     7.86   12.36
  13355.165    21.397    19.63   15.87
  13731.036    29.564    21.73   15.83
  14106.889    36.695    18.97   17.43
  14482.723    42.814    16.28   17.29
  14858.540    40.257    -6.80   16.93
  15234.339    33.291   -18.54   17.16
  15610.119    28.791   -11.97   14.19
  15985.882    29.549     2.02   13.75
  16361.626    35.223    15.10   14.04
  16737.352    41.744    17.35   12.13
  17113.061    43.146     3.73   11.46
  17488.751    45.094     5.18   12.64
  17864.423    47.814     7.24   11.04
  18240.077    66.234    49.03   39.78
  18615.714    86.519    54.00   50.24
  18991.332    83.837    -7.14   48.84
  19366.932    87.964    10.99   45.68
  19742.514    96.905    23.81   48.82
  20118.078   101.496    12.22   55.45
  20493.624   117.862    43.58   57.66
  20869.152   128.360    27.95   58.73
  21244.663   138.321    26.53   59.12
  21620.155   161.314    61.23   60.17
  21995.629   179.411    48.20   53.45
  22371.085   190.702    30.07   52.73
  22746.523   198.723    21.36   46.91
  23121.944   201.164     6.50   46.64
  23497.346   186.655   -38.65   40.81
  23872.730   166.848   -52.76   41.16
  24248.097   156.087   -28.67   35.46
  24623.445   151.210   -12.99   28.70
  24998.776   155.035    10.19   28.95
  25374.088   165.680    28.36   24.38
  25749.383   180.435    39.32   27.85
  26124.659   209.382    77.13   46.26
  26499.918   250.820   110.42   62.47
  26875.159   306.905   149.46   82.08
  27250.382   398.950   245.30  109.20
  27625.587   496.860   260.94  129.35
  28000.774   574.360   206.56  111.84
  28375.943   602.544    75.12   79.47
  28751.094   591.041   -30.66   85.00
  29126.228   543.169  -127.61   93.01
  29501.343   487.700  -147.87   86.03
  29876.441   432.769  -146.44   92.05
  30251.521   384.234  -129.40   67.49
  30626.582   388.569    11.56   71.81
  31001.626   416.969    75.72   78.55
  31376.652   430.541    36.19   67.63
  31751.661   425.044   -14.66   65.70
  32126.651   395.531   -78.70   67.27
  32501.623   359.314   -96.58   75.60
  32876.578   334.397   -66.45   79.28
  33251.515   303.480   -82.46   74.99
  33626.434   266.569   -98.45   56.16
  34001.335   244.428   -59.06   47.28
  34376.218   235.598   -23.55   44.88
  34751.084   239.117     9.39   46.22
  35125.931   262.350    61.98   57.61
  35500.761   300.364   101.41   70.53
  35875.573   353.950   142.96   71.89
  36250.367   399.013   120.23   64.06
  36625.144   416.655    47.07   60.92
  36999.902   419.173     6.72   60.45
  37374.643   417.155    -5.39   57.52
  37749.366   427.587    27.84   57.29
  38124.071   425.769    -4.85   54.76
  38498.758   415.405   -27.66   60.13
  38873.428   407.816   -20.25   71.75
  39248.080   387.837   -53.33   72.34
  39622.714   342.908  -119.92   74.83
  39997.330   304.905  -101.44   70.12
  40371.929   275.291   -79.05   52.32
  40746.509   263.792   -30.70   38.70
  41121.072   267.502     9.90   42.76
  41495.617   283.197    41.90   44.94
  41870.145   291.303    21.64   45.16
  42244.655   301.536    27.32   30.21
  42619.147   298.291    -8.66   25.25
  42993.621   285.350   -34.56   33.82
  43368.078   277.078   -22.09   35.67
  43742.516   293.813    44.69   52.51
  44116.937   326.420    87.08   57.07
  44491.341   349.838    62.55   46.91
  44865.727   375.885    69.57   43.77
  45240.094   394.191    48.90   43.82
  45614.445   397.496     8.83   43.90
  45988.777   410.316    34.25   39.57
  46363.092   423.302    34.69   34.23
  46737.389   426.117     7.52   29.82
  47111.669   432.673    17.52   29.24
  47485.931   422.019   -28.47   37.60
  47860.175   401.635   -54.46   43.91
  48234.401   376.610   -66.87   39.01
  48608.610   355.305   -56.93   37.58
  48982.801   331.813   -62.78   46.68
  49356.975   298.257   -89.68   57.45
  49731.130   269.031   -78.11   49.39
  50105.269   229.064  -106.82   48.95
  50479.389   205.502   -62.98   45.75
  50853.492   188.702   -44.91   50.70
  51227.577   163.354   -67.76   36.41
  51601.645   147.391   -42.67   36.88
  51975.695   129.905   -46.75   34.62
  52349.727   117.697   -32.64   25.80
  52723.742   116.950    -2.00   22.79
  53097.739   119.613     7.12   25.51
  53471.719   117.969    -4.40   29.22
  53845.680   109.183   -23.49   35.91
  54219.625    96.457   -34.03   31.30
  54593.551    86.450   -26.76   27.38
  54967.461    89.078     7.03   29.62
  55341.352    89.564     1.30   27.49
  55715.226    92.991     9.17   32.67
  56089.082    90.573    -6.47   29.32
  56462.921    91.531     2.56   22.03
  56836.742    94.391     7.65   20.75
  57210.546    99.978    14.95   27.46
  57584.332   114.888    39.89   56.64
  57958.100   164.746   133.39   93.67
  58331.851   224.187   159.03   95.35
  58705.585   283.769   159.41   65.53
  59079.301   310.102    70.46   40.52
  59452.999   284.382   -68.82   64.45
  59826.680   226.769  -154.17   76.83
  60200.343   183.221  -116.54   58.59
  60573.989   147.723   -95.00   27.99
  60947.617   137.197   -28.17   17.61
  61321.228   150.008    34.29   34.36
  61697.872   155.126    13.59   41.11
  62074.997   157.360     5.92   41.87
  62452.103   179.397    58.43   49.67
  62829.192   185.200    15.39   58.53
  63206.263   218.223    87.57   65.59
  63583.316   255.626    99.19   60.60
  63960.352   272.480    44.70   77.23
  64337.369   285.001    33.21   83.00
  64714.369   284.155    -2.24   77.02
  65091.351   296.791    33.52   71.79
  65468.315   318.191    56.76   66.15
  65845.261   337.723    51.81   61.04
  66222.189   331.141   -17.46   62.32
  66599.100   317.480   -36.24   74.06
  66975.992   271.041  -123.21   71.14
  67352.867   254.814   -43.05   57.06
  67729.724   275.862    55.85   80.71
  68106.564   316.450   107.70   87.77
  68483.385   324.178    20.51   72.59
  68860.189   330.676    17.24   70.25
  69236.975   321.722   -23.76   70.41
  69613.743   335.928    37.70   66.01
  69990.494   360.001    63.89   47.95
  70367.226   351.001   -23.89   54.17
  70743.941   333.591   -46.21   51.94
  71120.638   314.791   -49.90   52.90
  71497.318   305.502   -24.66   53.82
  71873.979   283.908   -57.33   60.96
  72250.623   244.564  -104.45   67.13
  72627.249   220.655   -63.48   57.95
  73003.858   247.001    69.95   82.53
  73380.448   283.678    97.38   86.60
  73757.021   316.382    86.84   57.33
  74133.576   305.223   -29.63   70.69
  74510.114   246.292  -156.50   82.31
  74886.633   191.210  -146.28   65.37
  75263.136   156.613   -91.89   38.99
  75639.620   136.291   -53.97   22.15
  76016.086   124.837   -30.42    9.92
  76392.535   120.722   -10.93    7.03
  76768.967   127.346    17.60   26.80
  77145.380   156.126    76.45   60.74
  77521.776   217.814   163.88   95.46
  77898.154   298.150   213.43   89.04
  78274.515   346.187   127.63   63.17
  78650.857   384.655   102.21   52.12
  79027.183   395.403    28.56   46.63
  79403.490   361.724   -89.49   66.33
  79779.780   342.905   -50.01   60.48
  80156.052   331.094   -31.39   42.90
  80532.307   340.673    25.46   35.43
  80908.544   359.969    51.28   30.51
  81284.763   366.337    16.93   33.44
  81660.964   367.915     4.19   36.12
  82037.148   350.973   -45.03   40.59
  82413.315   326.064   -66.21   47.92
  82789.463   286.676  -104.71   66.25
  83165.594   230.882  -148.32   79.97
  83541.708   188.294  -113.23   70.98
  83917.804   188.655     0.96   85.36
  84293.882   217.955    77.90  108.81
  84669.943   248.473    81.15  108.29
  85045.986   268.606    53.53   90.60
  85422.011   238.538   -79.96  103.03
  85798.019   171.905  -177.20  107.43
  86174.009   116.469  -147.43   65.07
  86549.982   127.791    30.11   88.31
  86925.937   143.397    41.51   99.93
  87301.875   143.041    -0.94   97.89
  87677.795   135.178   -20.92   88.12
  88053.697   103.846   -83.35   64.78
  88429.582    98.587   -13.99   65.85
  88805.449    89.816   -23.33   60.98
  89181.299    95.480    15.07   64.04
  89557.131    85.813   -25.72   51.69
  89932.946    70.606   -40.46   36.74
  90308.743    58.132   -33.19   24.86
  90684.523    53.532   -12.24   26.07
  91060.285    49.655   -10.32   27.59
  91436.030    45.420   -11.27   22.03
  91811.757    52.291    18.29   32.32
  92187.466    61.496    24.50   35.82
  92563.158    68.842    19.55   36.61
  92938.833    55.632   -35.16   32.98
  93314.490    38.869   -44.62   13.42
  93690.129    37.019    -4.92   11.47
  94065.751    38.678     4.42   12.20
  94441.356    41.722     8.10   11.63
  94816.943    65.610    63.59   46.77
  95192.512   105.795   106.99   72.53
  95568.064   150.337   118.59   68.56
  95943.599   176.319    69.18   45.58
  96319.116   155.860   -54.48   58.61
  96694.616   137.155   -49.81   60.33
  97070.098   124.303   -34.22   57.28
  97445.563   131.632    19.52   56.89
  97821.010   119.584   -32.09   49.45
  98196.440   107.655   -31.77   46.39
  98571.852    99.931   -20.57   37.42
  98947.247   106.324    17.03   32.99
  99322.625   144.223   100.95   50.65
  99697.985   206.817   166.74   85.05
 100073.328   277.632   188.65   95.09
 100448.653   321.076   115.74   73.61
 100823.961   329.860    23.40   68.13
 101199.251   301.223   -76.30   61.50
 101574.524   307.094    15.64   56.60
 101949.780   331.035    63.79   66.50
 102325.018   364.319    88.69   54.09
 102700.239   384.632    54.13   40.42
 103075.443   371.769   -34.28   60.24
 103450.629   332.350  -105.05   96.38
 103825.797   282.860  -131.90  105.16
 104200.949   268.210   -39.04   97.10
 104576.083   255.905   -32.80   71.53
 104951.199   263.119    19.23   57.66
 105326.298   269.928    18.15   44.60
 105701.380   271.378     3.87   43.16
 106076.445   277.057    15.14   43.73
 106451.492   284.064    18.68   49.25
 106826.522   294.245    27.14   55.04
 107201.534   311.769    46.72   59.56
 107576.529   333.128    56.95   60.45
 107951.507   371.155   101.40   69.61
 108326.467   426.234   146.88   92.18
 108701.411   488.541   166.16   95.29
 109076.336   554.141   174.95   80.24
 109451.245   600.525   123.71   80.29
 109826.136   617.223    44.54   87.75
 110201.010   633.384    43.11  115.11
 110575.866   640.791    19.76  126.23
 110950.706   642.178     3.70  129.21
 111325.528   661.094    50.46  111.81
 111700.332   654.991   -16.28   98.62
 112075.120   654.419    -1.53   97.74
 112449.890   653.973    -1.19   96.49
 112824.643   678.512    65.47   93.64
 113199.378   680.955     6.52   92.80
 113574.097   700.269    51.54   92.39
 113948.798   720.117    52.97   84.32
 114323.481   711.723   -22.40   87.91
 114698.148   705.294   -17.16  100.95
 115072.797   645.928  -158.44  125.98
 115447.429   560.169  -228.89  124.27
 115822.044   517.569  -113.71  123.70
 116196.641   523.110    14.79  118.36
 116571.222   539.397    43.48  111.35
 116945.785   537.132    -6.04  111.53
 117320.330   497.384  -106.11  140.63
 117694.859   407.678  -239.49  131.21
 118069.370   313.001  -252.77   93.39
 118443.865   255.791  -152.75   61.56
 118818.342   219.269   -97.52   39.94
 119192.801   195.745   -62.81   23.44
 119567.244   185.996   -26.03   16.62
 119941.669   178.999   -18.68   16.17
 120316.077   173.382   -15.00   17.21
 120690.468   167.141   -16.67   17.21
 121064.842   157.490   -25.78   16.07
 121439.199   164.837    19.62   34.48
 121813.538   196.086    83.47   76.98
 122187.860   273.905   207.87  134.44
 122562.165   383.615   293.07  144.94
 122936.453   453.110   185.65  108.29
 123310.724   483.587    81.42   71.71
 123684.978   468.792   -39.53   68.69
 124059.214   443.524   -67.51   56.23
 124433.433   425.119   -49.18   56.59
 124807.636   397.019   -75.08   55.58
 125181.821   362.717   -91.66   61.65
 125555.988   317.769  -120.12   58.13
 125930.139   269.769  -128.28   68.48
 126304.273   214.908  -146.62   66.13
 126678.389   160.791  -144.64   68.54
 127052.489   114.532  -123.64   46.19
 127426.571    91.655   -61.15   22.09
 127800.636    83.569   -21.62   12.69
 128174.684    82.405    -3.11   14.61
 128548.715    83.064     1.76   15.09
 128922.729    78.792   -11.42   16.10
 129296.726    72.246   -17.50   13.79
 129670.706    69.611    -7.05   12.84
 130044.668    68.746    -2.31   12.11
 130418.614    68.234    -1.37   11.93
 130792.542    68.169    -0.17   11.32
 131166.453    70.337     5.80   12.30
 131540.348    71.234     2.40   12.32
 131914.225    71.132    -0.27   11.53
 132288.085    73.321     5.85   10.01
 132661.928    69.723    -9.62   10.25
 133035.754    69.466    -0.69   10.29
 133409.563    67.314    -5.76   10.20
 133783.355    66.635    -1.82   10.14
 134157.130    64.816    -4.87   11.47
 134530.888    60.200   -12.35   11.19
 134904.629    57.374    -7.56   10.44
 135278.353    55.723    -4.42   10.26
 135652.060    55.164    -1.50   11.35
 136025.750    56.337     3.14   12.55
 136399.455    58.973     7.05   11.52
 136776.550    64.538    14.75   13.78
 137153.627    72.382    20.80   18.34
 137530.688    77.647    13.96   19.12
 137907.730    78.905     3.34   18.70
 138284.756    74.048   -12.88   24.13
 138661.764    62.117   -31.64   28.04
 139038.755    48.564   -35.95   24.78
 139415.729    37.637   -28.98   17.77
 139792.685    34.496    -8.33   13.47
 140169.624    42.141    20.28   25.23
 140546.546    69.791    73.35   53.45
 140923.450   111.814   111.48   80.09
 141300.337   170.232   154.98  107.06
 141677.207   233.882   168.87  110.01
 142054.060   287.794   143.04   83.99
 142430.895   304.885    45.35   70.60
 142807.713   319.564    38.95   57.77
 143184.514   311.862   -20.44   47.48
 143561.297   314.314     6.51   44.73
 143938.063   309.795   -11.99   54.29
 144314.812   283.041   -71.00   74.40
 144691.544   256.420   -70.66   66.58
 145068.258   244.519   -31.59   53.74
 145444.956   245.610     2.90   40.94
 145821.636   259.330    36.42   38.79
 146198.298   274.087    39.17   46.12
 146574.944   300.512    70.15   53.61
 146951.572   318.838    48.65   52.95
 147328.183   310.792   -21.36   72.48
 147704.777   282.466   -75.21   84.38
 148081.353   236.769  -121.33   78.88
 148457.913   201.269   -94.26   58.88
 148834.455   171.019   -80.33   58.80
 149210.980   152.281   -49.76   49.61
 149587.488   141.928   -27.49   43.86
 149963.978   147.041    13.58   40.69
 150340.452   158.650    30.83   31.40
 150716.908   155.905    -7.29   26.73
 151093.347   145.719   -27.06   30.64
 151469.769   135.792   -26.37   35.11
 151846.174   131.071   -12.54   44.31
 152222.561   139.699    22.92   62.21
 152598.932   182.450   113.57   85.98
 152975.285   239.644   151.95   72.50
 153351.621   267.678    74.48   48.89
 153727.940   278.842    29.66   41.43
 154104.241   283.150    11.45   49.21
 154480.526   295.397    32.54   52.45
 154856.794   317.793    59.51   53.88
 155233.044   339.041    56.47   54.85
 155609.277   351.745    33.76   67.86
 155985.493   341.838   -26.33   76.08
 156361.692   311.210   -81.40   83.84
 156737.874   281.132   -79.95   86.45
 157114.039   243.496  -100.04   78.49
 157490.186   213.330   -80.19   46.57
 157866.317   221.473    21.65   44.34
 158242.430   251.024    78.56   46.71
 158618.527   258.745    20.52   46.89
 158994.606   236.678   -58.67   64.33
 159370.668   217.126   -51.98   68.12
 159746.713   229.837    33.80   76.36
 160122.741   267.078    99.02   76.70
 160498.752   293.652    70.66   58.83
 160874.746   281.054   -33.50   79.10
 161250.723   243.257  -100.52   95.35
 161626.682   190.210  -141.08   78.31
 162002.625   151.745  -102.30   53.02
 162378.551   131.435   -54.02   30.85
 162754.459   120.931   -27.94   28.81
 163130.351   114.650   -16.71   32.18
 163506.225   103.745   -29.01   28.38
 163882.083    92.428   -30.11   14.48
 164257.923    89.860    -6.83   10.85
 164633.746    89.388    -1.26   10.46
 165009.553    85.519   -10.29   10.09
 165385.342    84.722    -2.12    9.49
 165761.114    85.676     2.54   11.88
 166136.870    90.905    13.91   13.29
 166512.608    94.364     9.20   11.61
 166888.329    91.269    -8.24   12.52
 167264.034    86.885   -11.67   14.51
 167639.721    83.443    -9.16   15.18
 168015.391    80.955    -6.62   16.70
 168391.044    80.991     0.10   17.77
 168766.681    76.041   -13.17   19.42
 169142.300    71.864   -11.12   16.85
 169517.903    75.405     9.43   22.20
 169893.488    76.496     2.90   22.59
 170269.056    79.541     8.11   20.28
 170644.608    76.885    -7.07   23.44
 171020.142    66.007   -28.96   15.59
 171395.660    61.950   -10.80   14.26
 171771.161    62.280     0.88   15.25
 172146.644    66.405    10.98   13.83
 172522.111    68.141     4.62   14.91
 172897.561    67.291    -2.26   16.62
 173272.994    67.791     1.33   18.11
 173648.410    69.340     4.12   20.13
 174023.809    72.908     9.50   20.08
 174399.191    75.629     7.25   20.70
 174774.556    79.178     9.45   17.84
 175149.904    75.652    -9.39   19.29
 175525.236    65.502   -27.04   21.35
 175900.550    51.405   -37.55   20.88
 176275.848    39.007   -33.03   15.01
 176651.129    35.950    -8.14   15.01
 177026.392    30.420   -14.74   13.10
 177401.639    31.722     3.47   14.55
 177776.869    29.978    -4.65   11.25
 178152.082    29.197    -2.08   10.86
 178527.279    28.350    -2.26    9.27
 178902.458    28.187    -0.43   10.61
 179277.621    30.564     6.33   12.33
 179652.766    31.559     2.65   11.22
 180027.895    34.860     8.80   12.50
 180403.007    38.373     9.37    8.89
 180778.102    42.626    11.34    8.20
 181153.181    45.490     7.63    9.52
 181528.242    47.629     5.70   10.19
 181903.287    46.650    -2.61   10.77
 182278.314    38.699   -21.20   15.03
 182653.325    31.391   -19.48   14.92
 183028.319    26.860   -12.08   11.67
 183403.297    28.340     3.95   14.88
 183778.257    40.746    33.08   23.55
 184153.201    52.978    32.62   25.44
 184528.128    64.388    30.43   26.63
 184903.038    67.164     7.40   23.27
 185277.931    75.269    21.62   22.16
 185652.808    75.024    -0.65   24.17
 186027.667    66.745   -22.08   30.14
 186402.510    67.652     2.42   32.63
 186777.336    69.221     4.18   40.93
 187152.146    75.862    17.71   45.11
 187526.938    82.860    18.67   45.91
 187901.714    84.316     3.89   40.26
 188276.473    85.369     2.81   40.38
 188651.215    96.164    28.80   45.19
 189025.941   111.745    41.57   58.36
 189400.649   145.001    88.74   68.15
 189775.341   167.700    60.57   68.40
 190150.017   189.791    58.95   69.09
 190524.675   192.866     8.21   73.06
 190899.317   178.814   -37.50   71.78
 191273.942   182.443     9.69   64.85
 191648.550   185.673     8.62   61.86
 192023.142   184.350    -3.53   56.99
 192397.717   186.435     5.57   49.78
 192772.275   182.155   -11.43   46.12
 193146.816   188.013    15.64   51.29
 193521.341   195.178    19.13   48.51
 193895.849   201.305    16.36   43.08
 194270.340   218.483    45.86   45.24
 194644.815   245.303    71.61   48.45
 195019.273   274.507    77.97   61.09
 195393.714   325.996   137.49   77.48
 195768.139   359.793    90.25   71.57
 196142.547   396.746    98.68   62.02
 196516.938   406.816    26.89   52.81
 196891.313   389.541   -46.14   67.22
 197265.670   351.629  -101.26   65.96
 197640.012   306.169  -121.42   45.67
 198014.336   289.564   -44.35   44.48
 198388.644   275.820   -36.71   49.53
 198762.935   250.257   -68.29   48.58
 199137.210   227.141   -61.75   58.15
 199511.468   205.280   -58.40   55.94
 199885.709   186.480   -50.23   37.87
 200259.934   185.394    -2.90   38.53
 200634.142   207.564    59.24   49.91
 201008.333   236.281    76.73   37.93
 201382.508   247.652    30.38   34.92
 201756.666   248.541     2.38   34.65
 202130.808   234.676   -37.05   38.29
 202504.933   219.019   -41.84   36.41
 202879.041   212.190   -18.25   46.50
 203253.133   220.110    21.17   56.67
 203627.208   232.819    33.97   52.71
 204001.267   239.702    18.40   46.08
 204375.309   225.678   -37.49   27.58
 204749.334   218.303   -19.71   25.93
 205123.343   208.110   -27.25   32.28
 205497.335   194.532   -36.30   36.45
 205871.311   174.428   -53.75   40.47
 206245.270   152.280   -59.21   35.48
 206619.212   138.928   -35.70   32.13
 206993.138   123.178   -42.11   21.35
 207367.048   116.769   -17.14   15.33
 207740.941   120.973    11.24   15.39
 208114.817   123.348     6.35   18.78
 208488.677   123.360     0.03   19.34
 208862.520   124.443     2.90   19.30
 209236.347   126.973     6.77   23.68
 209610.157   137.606    28.44   32.48
 209983.950   152.922    40.97   34.38
 210357.727   161.223    22.20   38.34
 210731.488   171.994    28.81   48.61
 211105.232   185.700    36.67   57.15
 211479.507   205.676    53.36   64.81
 211856.556   228.280    59.94   62.70
 212233.589   259.905    83.86   59.69
 212610.604   291.974    85.04   70.12
 212987.603   315.360    62.02   78.02
 213364.585   319.164    10.09   94.41
 213741.550   291.541   -73.26   98.43
 214118.498   256.210   -93.71   72.29
 214495.429   237.640   -49.26   58.89
 214872.344   254.087    43.63   70.74
 215249.242   296.519   112.56   86.09
 215626.123   367.587   188.53   98.86
 216002.987   435.655   180.58   89.77
 216379.835   460.094    64.84   67.20
 216756.666   454.200   -15.64   68.63
 217133.480   431.821   -59.38   86.57
 217510.277   426.655   -13.71  104.92
 217887.057   469.373   113.36  134.21
 218263.821   517.655   128.12  129.04
 218640.568   558.699   108.92   95.41
 219017.298   535.974   -60.31   90.96
 219394.012   461.360  -198.03  109.62
 219770.708   385.948  -200.15   97.56
 220147.388   347.360  -102.42   96.40
 220524.052   345.905    -3.86  112.25
 220900.698   351.466    14.76  117.26
 221277.328   361.678    27.11  105.48
 221653.941   338.690   -61.03   77.98
 222030.538   328.405   -27.30   56.74
 222407.117   317.629   -28.61   53.24
 222783.680   313.496   -10.97   52.59
 223160.227   324.001    27.89   59.07
 223536.756   342.358    48.74   76.35
 223913.269   398.632   149.43   91.55
 224289.765   474.769   202.18  104.76
 224666.245   547.814   193.98  110.53
 225042.708   582.928    93.25   86.83
 225419.154   573.420   -25.25  103.54
 225795.584   502.428  -188.56  114.26
 226171.996   426.690  -201.17   95.01
 226548.393   383.564  -114.55   88.43
 226924.772   331.001  -139.63   72.50
 227301.135   302.373   -76.05   65.44
 227677.481   285.792   -44.05   59.68
 228053.811   275.295   -27.89   57.62
 228430.124   263.382   -31.65   61.14
 228806.420   255.153   -21.86   56.29
 229182.700   260.973    15.46   62.17
 229558.963   295.019    90.47   78.66
 229935.209   331.024    95.68   67.86
 230311.439   363.587    86.53   66.66
 230687.652   391.453    74.06   66.12
 231063.849   397.950    17.27   72.39
 231440.029   417.443    51.81   74.39
 231816.192   423.490    16.07   74.13
 232192.339   450.815    72.63   81.09
 232568.469   485.974    93.46   95.69
 232944.582   530.428   118.17   97.24
 233320.679   598.051   179.77   97.00
 233696.760   631.815    89.76   84.21
 234072.824   631.019    -2.12   92.31
 234448.871   612.745   -48.58  112.49
 234824.901   541.019  -190.71  137.85
 235200.916   476.216  -172.31  113.95
 235576.913   428.610  -126.59  107.07
 235952.894   386.769  -111.26   76.90
 236328.858   378.978   -20.72   70.15
 236704.806   385.132    16.37   71.83
 237080.738   393.544    22.37   71.13
 237456.652   385.064   -22.55   69.01
 237832.550   363.307   -57.87   68.90
 238208.432   332.024   -83.21   60.32
 238584.297   311.496   -54.61   62.22
 238960.146   320.443    23.80   71.50
 239335.978   354.132    89.62   90.36
 239711.794   399.584   120.92   94.57
 240087.593   432.405    87.32   82.51
 240463.375   449.531    45.56   72.74
 240839.141   424.652   -66.19   89.19
 241214.891   367.187  -152.90   88.76
 241590.624   302.519  -172.08   90.93
 241966.340   255.314  -125.61   85.28
 242342.040   218.589   -97.73   53.92
 242717.724   230.838    32.60   68.12
 243093.391   267.610    97.86   80.73
 243469.042   301.931    91.35   93.01
 243844.676   358.723   151.16  114.15
 244220.293   389.953    83.12  128.10
 244595.895   431.587   110.82  134.07
 244971.479   475.935   118.05   96.53
 245347.048   493.155    45.84   88.37
 245722.599   462.210   -82.38  119.57
 246098.135   372.719  -238.25  135.07
 246473.654   304.541  -181.52  114.57
 246849.156   256.974  -126.65   87.33
 247224.642   247.655   -24.81   75.67
 247600.112   285.178    99.91   90.76
 247975.565   314.373    77.74   89.09
 248351.002   335.928    57.40   68.79
 248726.422   326.821   -24.25   81.76
 249101.826   298.860   -74.47   81.46
 249477.213   278.494   -54.24   61.11
 249852.585   292.496    37.29   69.20
 250227.939   320.223    73.85   79.91
 250603.277   353.134    87.67   69.21
 250978.599   364.496    30.26   68.00
 251353.905   344.690   -52.76   71.19
 251729.194   341.837    -7.60   77.72
 252104.467   340.955    -2.35   79.88
 252479.723   325.723   -40.58   79.85
 252854.963   292.745   -87.87   70.21
 253230.186   266.487   -69.97   66.47
 253605.394   262.246   -11.30   70.52
 253980.584   249.644   -33.58   81.29
 254355.759   238.815   -28.86   78.87
 254730.917   243.513    12.52   80.02
 255106.059   255.078    30.82   96.50
 255481.184   277.973    61.02  110.22
 255856.293   299.558    57.53   99.56
 256231.386   300.087     1.41   82.95
 256606.462   271.838   -75.30   56.97
 256981.522   255.769   -42.84   46.24
 257356.566   244.187   -30.87   44.94
 257731.593   221.179   -61.34   42.73
 258106.605   193.405   -74.05   41.67
 258481.599   177.519   -42.35   37.61
 258856.578   177.064    -1.21   33.60
 259231.540   177.443     1.01   31.16
 259606.486   178.583     3.04   32.97
 259981.415   183.200    12.31   33.45
 260356.328   185.820     6.99   41.91
 260731.225   197.814    31.99   50.80
 261106.106   217.935    53.66   57.03
 261480.970   230.048    32.30   55.42
 261855.818   242.996    34.53   52.99
 262230.650   263.964    55.93   48.50
 262605.466   283.496    52.10   54.71
 262980.265   303.644    53.74   60.89
 263355.048   327.473    63.57   65.80
 263729.815   364.955    99.99   66.65
 264104.565   376.792    31.58   74.55
 264479.299   388.269    30.62   87.73
 264854.017   389.544     3.40   78.86
 265228.719   388.155    -3.71   76.07
 265603.404   398.794    28.39   66.62
 265978.074   411.459    33.80   60.78
 266352.727   415.041     9.56   52.37
 266727.363   429.173    37.71   56.47
 267101.984   447.001    47.58   45.57
 267476.588   461.964    39.93   45.09
 267851.176   468.327    16.98   48.60
 268225.748   484.183    42.32   51.55
 268600.304   504.791    55.01   50.47
 268974.843   514.007    24.60   48.15
 269349.367   521.150    19.07   45.34
 269723.874   507.001   -37.77   49.80
 270098.364   490.959   -42.83   55.18
 270472.839   467.723   -62.04   63.52
 270847.298   441.071   -71.16   77.46
 271221.740   417.815   -62.09   73.47
 271596.166   405.490   -32.91   67.16
 271970.576   408.908     9.13   73.24
 272344.970   423.234    38.25   72.54
 272719.347   411.483   -31.38   79.37
 273093.709   413.578     5.60   75.21
 273468.054   420.632    18.84   63.15
 273842.383   424.269     9.71   63.30
 274216.696   443.838    52.27   58.62
 274590.993   449.629    15.47   72.74
 274965.274   457.556    21.18   80.89
