-326646.331    71.279     0.00   24.59
-326270.986    70.163    -2.97   22.82
-325895.625    67.541    -6.98   18.14
-325520.248    69.100     4.15   14.51
-325144.857    69.287     0.50   12.26
-324769.449    71.038     4.66   11.21
-324394.026    72.470     3.81   11.25
-324018.588    77.660    13.82   13.72
-323643.134    82.031    11.64   16.96
-323267.664    88.613    17.52   20.09
-322892.179    98.838    27.22   30.16
-322516.679   108.044    24.51   35.70
-322141.163   121.125    34.82   39.63
-321765.631   122.755     4.34   40.06
-321390.084   123.636     2.35   38.31
-321014.521   115.188   -22.49   37.24
-320638.943   110.817   -11.63   35.28
-320263.349   103.151   -20.41   26.17
-319887.740   102.403    -1.99   22.75
-319512.115   101.775    -1.67   19.30
-319136.474   102.589     2.17   18.89
-318760.818   105.749     8.41   21.11
-318385.147   108.560     7.48   24.33
-318009.460   108.726     0.44   26.24
-317633.757   112.515    10.08   27.84
-317258.039   124.589    32.13   44.64
-316882.305   138.752    37.68   50.50
-316506.555   145.013    16.66   47.26
-316130.790   143.363    -4.39   42.59
-315755.010   148.715    14.24   41.29
-315379.213   155.147    17.11   45.34
-315003.402   147.729   -19.74   44.99
-314627.574   140.520   -19.18   41.53
-314251.731   125.885   -38.93   35.44
-313875.872   112.534   -35.51   23.66
-313499.998   109.294    -8.62   16.93
-313124.108   106.279    -8.02   12.22
-312748.202   111.431    13.70   16.07
-312372.281   113.065     4.35   17.50
-311996.344   114.254     3.16   18.48
-311620.392   111.044    -8.53   17.68
-311244.424   108.715    -6.19   16.23
-310868.440   114.993    16.69   23.27
-310492.441   122.158    19.05   23.52
-310116.426   125.663     9.32   21.31
-309740.395   126.613     2.53   20.93
-309364.349   131.323    12.52   21.02
-308988.287   143.044    31.16   36.60
-308612.209   150.938    20.98   45.19
-308236.116   153.101     5.75   49.96
-307860.007   156.054     7.85   52.41
-307483.882   157.151     2.91   51.98
-307107.742   140.863   -43.29   54.24
-306731.585   128.688   -32.36   48.86
-306355.414   113.863   -39.40   31.76
-305979.226   105.446   -22.37   16.51
-305603.023   106.163     1.90   13.66
-305226.804   115.067    23.66   16.95
-304850.570   122.244    19.07   15.90
-304474.319   128.078    15.50   15.92
-304098.053   134.938    18.23   13.76
-303721.772   136.041     2.93   12.97
-303345.474   132.340    -9.83   12.82
-302969.161   133.715     3.65   10.75
-302592.832   132.363    -3.59    9.94
-302216.488   130.136    -5.91   15.51
-301840.127   123.892   -16.59   18.70
-301463.751   119.636   -11.30   21.68
-301087.359   113.433   -16.48   21.84
-300710.952   112.294    -3.02   24.50
-300334.528   116.488    11.14   26.03
-299958.089   113.779    -7.19   27.43
-299581.635   104.752   -23.97   23.66
-299205.164    94.417   -27.44   16.53
-298828.678    87.794   -17.59   18.62
-298452.175    82.770   -13.34   19.10
-298075.657    81.682    -2.89   18.70
-297699.124    80.403    -3.40   19.26
-297322.574    79.874    -1.40   17.75
-296946.009    80.827     2.53   17.11
-296569.428    80.254    -1.52   16.21
-296192.831    82.203     5.18   16.22
-295816.218    81.113    -2.90   15.04
-295439.590    83.520     6.39   12.19
-295062.946    87.541    10.67   14.17
-294686.286    91.076     9.38   16.67
-294309.610    87.249   -10.16   18.79
-293932.918    83.288   -10.51   20.81
-293556.211    79.470   -10.13   19.35
-293179.487    74.171   -14.06   13.54
-292802.748    69.076   -13.52   14.09
-292425.993    65.976    -8.23   15.57
-292049.222    60.766   -13.82   15.48
-291672.435    54.541   -16.52   14.07
-291295.633    53.898    -1.71   15.75
-290918.815    51.922    -5.24   16.05
-290541.980    56.255    11.50   20.91
-290165.130    55.188    -2.83   21.11
-289788.264    52.203    -7.92   19.90
-289411.382    48.588    -9.59   16.90
-289034.485    51.184     6.89   16.87
-288657.571    56.470    14.02   16.00
-288280.642    69.539    34.67   23.53
-287903.696    80.363    28.71   27.41
-287526.735    81.738     3.65   27.71
-287149.758    84.380     7.01   25.03
-286772.765    79.496   -12.95   18.84
-286397.547    75.898    -9.59   16.23
-286023.678    78.938     8.13   15.35
-285649.794    80.027     2.91   16.64
-285275.894    80.938     2.44   16.96
-284901.978    79.905    -2.76   23.23
-284528.047    64.403   -41.45   23.42
-284154.100    50.208   -37.95   19.36
-283780.137    42.398   -20.88   19.14
-283406.159    32.208   -27.24   19.88
-283032.165    23.799   -22.48   19.76
-282658.156    15.427   -22.38   10.21
-282284.131    12.874    -6.82    8.05
-281910.090    17.031    11.11    8.96
-281536.033    21.473    11.87    6.63
-281161.961    22.863     3.71    3.75
-280787.873    21.403    -3.90    3.36
-280413.770    19.915    -3.98    2.76
-280039.651    18.255    -4.43    4.09
-279665.516    16.779    -3.94    6.27
-279291.365    14.473    -6.16    7.50
-278917.199    12.706    -4.72    7.62
-278543.017    12.380    -0.87    7.05
-278168.820    11.779    -1.61    8.88
-277794.606    16.351    12.21   14.11
-277420.377    18.232     5.03   15.80
-277046.133    22.398    11.13   16.82
-276671.872    27.403    13.37   15.85
-276297.596    35.217    20.87   14.25
-275923.304    41.961    18.01   12.18
-275548.997    50.031    21.55   16.40
-275174.673    60.446    27.82   16.56
-274800.334    64.938    12.00   16.16
-274425.979    70.017    13.56   14.92
-274051.609    64.171   -15.61   16.58
-273677.223    59.041   -13.70   11.96
-273302.821    57.613    -3.81   12.09
-272928.403    57.446    -0.45   13.41
-272553.969    60.038     6.92   12.93
-272179.520    58.976    -2.83   15.52
-271805.055    60.088     2.97   17.51
-271430.574    60.374     0.77   18.41
-271056.077    59.351    -2.73   17.77
-270681.565    56.729    -7.00   18.07
-270307.037    55.922    -2.15   17.48
-269932.493    53.238    -7.17   14.38
-269557.933    54.635     3.73   14.24
-269183.358    56.613     5.28   11.38
-268808.767    57.803     3.18    9.92
-268434.159    58.659     2.28    9.44
-268059.536    59.232     1.53    7.25
-267684.898    61.226     5.32    7.08
-267310.243    62.792     4.18    6.99
-266935.573    61.567    -3.27    8.46
-266560.887    62.729     3.10    9.83
-266186.185    63.403     1.80   10.08
-265811.467    61.517    -5.03    9.79
-265436.733    60.895    -1.66   10.82
-265061.984    62.590     4.52   12.64
-264687.219    68.536    15.86   13.75
-264312.438    73.682    13.73   13.65
-263937.641    72.044    -4.37   13.16
-263562.828    65.938   -16.29   14.27
-263187.999    55.840   -26.94   13.36
-262813.155    46.718   -24.33    8.73
-262438.294    41.135   -14.89    7.68
-262063.418    38.446    -7.17    5.28
-261688.526    40.181     4.63    7.43
-261313.618    44.755    12.20    8.37
-260938.694    49.664    13.09    7.93
-260563.754    54.590    13.14    9.99
-260188.799    62.113    20.06   11.00
-259813.827    67.403    14.11   10.29
-259438.840    70.357     7.87    9.42
-259063.836    66.682    -9.80   11.73
-258688.817    61.681   -13.33   12.38
-258313.782    57.587   -10.91    9.01
-257938.731    57.431    -0.42    8.51
-257563.664    57.732     0.80    7.50
-257188.581    64.357    17.66   15.28
-256813.482    67.470     8.30   15.71
-256438.368    71.686    11.24   14.04
-256063.237    78.022    16.89   13.61
-255688.091    77.388    -1.69   10.69
-255312.928    76.961    -1.14   11.51
-254937.750    72.240   -12.58   16.15
-254562.555    64.827   -19.76   16.31
-254187.345    62.398    -6.47   19.59
-253812.119    61.202    -3.19   20.66
-253436.877    59.476    -4.60   21.14
-253061.619    55.663   -10.16   22.26
-252686.345    50.333   -14.20   17.28
-252311.054    49.403    -2.48   14.52
-251935.748    50.466     2.83   16.59
-251560.426    48.067    -6.39   18.69
-251185.088    43.686   -11.67   18.02
-250809.734    41.232    -6.54   14.75
-250434.365    42.403     3.12   11.81
-250058.979    46.755    11.59   11.31
-249683.577    49.208     6.53   10.02
-249308.159    49.263     0.15   11.11
-248932.725    45.544    -9.90   10.36
-248557.275    43.013    -6.74   11.28
-248181.809    39.565    -9.18   10.89
-247806.327    41.078     4.03   11.11
-247430.829    40.279    -2.13   12.77
-247055.315    34.589   -15.15   15.42
-246679.785    31.708    -7.67   16.23
-246304.239    26.946   -12.68   11.86
-245928.677    25.636    -3.49    9.71
-245553.099    26.380     1.98   10.54
-245177.505    30.041     9.75   12.04
-244801.894    29.113    -2.47    9.14
-244426.268    27.264    -4.92    9.18
-244050.626    25.783    -3.94    8.40
-243674.968    24.922    -2.29    7.03
-243299.293    26.363     3.83    7.98
-242923.603    29.755     9.03    7.33
-242547.896    34.636    12.99    8.34
-242172.174    38.985    11.57    8.71
-241796.435    44.749    15.34    8.05
-241420.680    48.089     8.89    6.23
-241044.909    45.706    -6.34    8.39
-240669.122    41.031   -12.44    9.17
-240293.319    36.427   -12.25    7.99
-239917.500    31.054   -14.29    5.16
-239541.665    29.089    -5.23    5.17
-239165.814    28.232    -2.28    4.64
-238789.946    27.135    -2.92    4.58
-238414.063    27.240     0.28    5.09
-238038.163    25.726    -4.03    5.56
-237662.248    22.496    -8.59    7.59
-237286.316    18.171   -11.50    8.35
-236910.368    12.089   -16.17    8.97
-236534.404     6.240   -15.55    5.62
-236158.423     5.915    -0.87    5.71
-235782.427     8.590     7.11    7.73
-235406.414    14.565    15.89    8.18
-235030.386    20.327    15.32    6.73
-234654.341    23.636     8.80    5.51
-234278.280    26.203     6.82    4.84
-233902.203    28.473     6.03    5.31
-233526.109    31.363     7.68    5.31
-233150.000    34.706     8.89    6.16
-232773.874    36.008     3.46    6.24
-232397.732    36.868     2.29    6.43
-232021.574    36.961     0.25    7.74
-231645.400    37.333     0.99    8.42
-231269.210    39.589     6.00    8.26
-230893.003    39.171    -1.11    8.43
-230516.781    36.160    -8.00   10.39
-230140.542    30.799   -14.25   12.83
-229764.287    22.915   -20.95   15.56
-229388.015    13.520   -24.96   14.23
-229011.728     7.840   -15.09    8.06
-228635.424     8.147     0.82    7.43
-228259.104    11.184     8.07    6.66
-227882.768    14.403     8.55    3.16
-227506.415    14.985     1.54    2.13
-227130.047    14.310    -1.79    2.98
-226753.662    12.915    -3.71    3.49
-226377.261    11.194    -4.57    3.34
-226000.843     9.970    -3.25    2.58
-225624.410    12.422     6.51    5.82
-225247.960    17.357    13.11    8.24
-224871.494    23.272    15.71    8.93
-224495.011    29.840    17.44    8.02
-224118.513    34.217    11.62    8.90
-223741.998    36.279     5.48    8.83
-223365.466    35.333    -2.51   10.40
-222988.919    33.427    -5.06   10.75
-222612.355    30.147    -8.71   10.54
-222235.775    28.868    -3.40    9.75
-221859.179    28.915     0.12    9.65
-221482.566    29.310     1.05    9.92
-221105.937    30.566     3.33    9.49
-220729.292    32.054     3.95    9.27
-220352.631    33.885     4.86    9.01
-219975.953    36.961     8.16    8.95
-219599.259    39.520     6.79    9.14
-219222.549    43.295    10.02    9.02
-218845.822    46.590     8.74    8.34
-218469.079    49.706     8.27    8.07
-218092.319    54.135    11.76    8.77
-217715.544    57.892     9.97   10.09
-217338.752    61.822    10.43   11.85
-216961.943    64.703     7.65   11.30
-216585.119    68.729    10.68   12.08
-216208.278    67.403    -3.52   14.00
-215831.420    62.703   -12.47   15.42
-215454.547    57.194   -14.62   15.72
-215077.656    48.065   -24.22   12.03
-214700.750    44.496    -9.47    8.56
-214323.827    44.158    -0.90    8.83
-213946.888    48.124    10.52   13.46
-213569.932    51.226     8.23   15.84
-213192.960    48.961    -6.01   17.07
-212815.972    43.755   -13.81   17.17
-212438.967    39.264   -11.91   11.64
-212061.946    41.706     6.48   11.60
-211684.909    46.659    13.14    9.89
-211310.121    49.101     6.51    7.95
-210936.309    46.822    -6.10    9.25
-210562.482    41.446   -14.38    7.41
-210188.638    38.993    -6.56    6.45
-209814.778    36.985    -5.37    6.87
-209440.902    36.752    -0.62    6.16
-209067.010    35.613    -3.05    6.09
-208693.102    34.240    -3.67    6.27
-208319.178    33.682    -1.49    7.09
-207945.238    34.845     3.11    8.47
-207571.281    36.868     5.41    8.82
-207197.309    38.357     3.98    9.02
-206823.320    40.124     4.73    9.57
-206449.315    41.333     3.23    9.26
-206075.294    46.961    15.04   15.75
-205701.256    57.287    27.60   25.64
-205327.203    57.327     0.11   29.34
-204953.133    46.380   -29.26   35.61
-204579.048    28.799   -46.99   33.40
-204204.946    14.217   -38.97   15.27
-203830.828     9.470   -12.69    7.03
-203456.693    11.520     5.48    8.95
-203082.543    16.264    12.68   12.56
-202708.376    19.588     8.88   11.99
-202334.193    22.931     8.93   12.93
-201959.994    23.827     2.39   13.42
-201585.779    27.874    10.81   13.58
-201211.547    32.589    12.60   13.80
-200837.300    35.613     8.08   13.75
-200463.036    40.613    13.36   10.42
-200088.756    45.588    13.29    9.72
-199714.460    45.499    -0.24   11.70
-199340.147    47.417     5.12   12.58
-198965.818    51.065     9.74   17.43
-198591.473    52.520     3.89   18.37
-198217.112    57.017    12.01   21.30
-197842.734    61.135    11.00   27.27
-197468.341    57.963    -8.47   27.09
-197093.931    54.158   -10.16   24.39
-196719.505    47.734   -17.15   16.74
-196345.062    52.022    11.45   20.77
-195970.603    62.520    28.03   27.29
-195596.128    84.539    58.79   34.74
-195221.637   106.613    58.93   39.90
-194847.130   115.382    23.41   38.97
-194472.606   104.158   -29.96   45.57
-194098.066    81.357   -60.87   50.00
-193723.509    54.613   -71.39   41.14
-193348.937    32.294   -59.57   22.83
-192974.348    21.691   -28.30   11.28
-192599.742    18.613    -8.22    9.59
-192225.121    17.433    -3.15    8.33
-191850.483    19.636     5.88    9.04
-191475.829    21.363     4.61    8.20
-191101.158    21.775     1.10    7.46
-190726.471    20.840    -2.50    7.09
-190351.768    20.928     0.24    6.94
-189977.049    20.908    -0.05    6.95
-189602.313    21.065     0.42    6.65
-189227.561    22.931     4.98    6.93
-188852.793    24.333     3.74    7.97
-188478.008    25.713     3.68    8.23
-188103.207    29.385     9.80    8.69
-187728.389    32.086     7.20    8.28
-187353.555    34.113     5.41    7.75
-186978.705    35.938     4.87    7.60
-186603.839    38.817     7.68    7.60
-186228.956    43.317    12.00   10.38
-185854.057    50.125    18.16   16.51
-185479.141    57.317    19.18   19.20
-185104.209    65.442    21.67   20.41
-184729.261    69.892    11.87   20.23
-184354.296    69.682    -0.56   19.25
-183979.315    70.755     2.86   19.66
-183604.317    67.294    -9.23   20.44
-183229.303    62.691   -12.27   21.12
-182854.273    56.067   -17.66   22.44
-182479.226    42.822   -35.31   20.28
-182104.163    34.044   -23.40   11.34
-181729.083    33.031    -2.70   10.03
-181353.987    36.510     9.27   11.02
-180978.875    44.363    20.93   10.42
-180603.746    49.063    12.53    9.99
-180228.601    51.749     7.16   11.21
-179853.439    54.054     6.14   11.59
-179478.261    57.101     8.12   12.57
-179103.066    59.999     7.72   11.95
-178727.855    62.972     7.92   13.24
-178352.628    62.976     0.01   13.88
-177977.384    58.303   -12.45   15.49
-177602.123    51.726   -17.52   13.47
-177226.847    47.431   -11.44   10.06
-176851.553    45.661    -4.71    8.97
-176476.244    40.703   -13.21    8.56
-176100.917    37.238    -9.23    8.33
-175725.575    33.817    -9.11    7.74
-175350.215    30.985    -7.54    7.12
-174974.840    29.613    -3.65    7.24
-174599.448    26.208    -9.07    5.63
-174224.039    23.459    -7.32    6.12
-173848.614    20.681    -7.40    6.07
-173473.172    19.013    -4.44    6.70
-173097.714    17.089    -5.12    6.49
-172722.239    15.976    -2.96    7.11
-172346.748    13.832    -5.71    6.68
-171971.240    12.772    -2.82    8.48
-171595.716    11.369    -3.74    8.77
-171220.175     7.613   -10.00    8.27
-170844.618     4.874    -7.29    7.25
-170469.044     2.543    -6.21    4.14
-170093.454     0.970    -4.19    1.76
-169717.847     1.288     0.85    2.02
-169342.223     1.885     1.59    2.63
-168966.583     2.438     1.47    2.75
-168590.927     2.970     1.42    2.66
-168215.254     2.566    -1.07    2.52
-167839.564     1.589    -2.60    1.83
-167463.858     1.113    -1.27    1.59
-167088.135     0.863    -0.67    1.58
-166712.396     0.749    -0.30    1.68
-166336.640     1.041     0.78    1.96
-165960.867     1.566     1.40    2.18
-165585.078     1.803     0.63    1.92
-165209.272     1.588    -0.57    1.93
-164833.450     1.203    -1.02    1.77
-164457.611     0.788    -1.11    1.34
-164081.756     1.589     2.13    1.86
-163705.884     1.752     0.43    1.91
-163329.995     1.684    -0.18    2.04
-162954.089     1.729     0.12    2.18
-162578.167     1.588    -0.38    1.91
-162202.229     1.431    -0.42    1.92
-161826.274     1.661     0.61    2.09
-161450.302     2.078     1.11    2.03
-161074.313     2.874     2.12    1.99
-160698.308     3.222     0.92    1.87
-160322.286     2.635    -1.56    2.70
-159946.248     1.838    -2.12    3.69
-159570.193     1.044    -2.11    3.23
-159194.121     0.985    -0.16    3.03
-158818.033     1.732     1.99    1.99
-158441.928     1.803     0.19    1.88
-158065.806     1.863     0.16    2.07
-157689.668     0.931    -2.48    3.12
-157313.513    -0.217    -3.05    4.05
-156937.341    -1.667    -3.85    4.54
-156561.153    -3.248    -4.20    4.26
-156184.947    -4.363    -2.96    3.50
-155808.726    -4.456    -0.25    3.27
-155432.487    -3.637     2.17    3.74
-155056.232    -3.178     1.22    3.84
-154679.960    -2.922     0.68    3.57
-154303.671    -3.062    -0.37    3.67
-153927.366    -2.887     0.46    3.40
-153551.044    -3.105    -0.58    3.37
-153174.705    -2.751     0.94    4.10
-152798.350    -2.217     1.42    4.70
-152421.977    -0.806     3.75    6.35
-152045.589     2.113     7.75    6.69
-151669.183     5.052     7.81    5.45
-151292.760     7.181     5.66    2.65
-150916.321     7.113    -0.18    2.48
-150539.865     6.294    -2.17    2.54
-150163.393     5.427    -2.30    2.91
-149786.903     4.287    -3.03    3.10
-149410.397     2.938    -3.58    3.09
-149033.874     1.715    -3.25    2.93
-148657.334     0.658    -2.81    2.38
-148280.778     0.589    -0.18    1.70
-147904.204     0.681     0.24    1.58
-147527.614     0.340    -0.91    2.19
-147151.007    -0.290    -1.67    2.07
-146774.384    -0.501    -0.56    1.92
-146397.743    -0.737    -0.63    1.56
-146021.086    -0.387     0.93    1.41
-145644.412    -0.248     0.37    1.71
-145267.721     0.054     0.80    1.76
-144891.013    -0.039    -0.25    1.86
-144514.289    -0.080    -0.11    1.69
-144137.547     0.135     0.57    1.81
-143760.789     0.327     0.51    1.74
-143384.014     0.613     0.76    1.63
-143007.222     0.749     0.36    1.37
-142630.414     0.963     0.57    1.42
-142253.588     1.340     1.00    1.56
-141876.746     1.863     1.39    1.58
-141499.887     1.294    -1.51    2.66
-141123.011     0.078    -3.23    4.06
-140746.118    -0.829    -2.41    4.05
-140369.208    -1.137    -0.82    3.78
-139992.281    -0.362     2.06    3.64
-139615.338     1.113     3.91    2.93
-139238.377     1.517     1.07    2.67
-138861.400     1.953     1.16    2.21
-138484.406     2.022     0.18    2.43
-138107.395     1.587    -1.15    2.53
-137730.367     1.294    -0.78    2.83
-137353.322     0.023    -3.37    3.61
-136976.261    -0.637    -1.75    4.37
-136599.182    -0.504     0.35    4.68
-136224.827    -0.478     0.07    4.56
-135851.073    -0.956    -1.28    3.85
-135477.302    -0.259     1.86    2.87
-135103.514    -0.774    -1.38    2.46
-134729.711    -1.729    -2.55    2.45
-134355.890    -1.573     0.42    2.43
-133982.053    -1.853    -0.75    2.32
-133608.199    -1.457     1.06    1.92
-133234.329    -1.092     0.98    1.75
-132860.442    -0.900     0.51    1.71
-132486.538    -0.137     2.04    1.79
-132112.618    -0.007     0.35    1.96
-131738.681     0.226     0.62    2.21
-131364.727     0.226     0.00    2.39
-130990.757    -0.290    -1.38    2.27
-130616.770    -0.228     0.16    2.30
-130242.766    -0.187     0.11    2.26
-129868.746     0.022     0.56    2.23
-129494.709     0.496     1.27    2.16
-129120.656     0.427    -0.19    2.16
-128746.585     0.684     0.69    1.94
-128372.499     0.613    -0.19    2.09
-127998.395     0.544    -0.18    2.05
-127624.275     0.713     0.45    2.02
-127250.138     0.840     0.34    2.02
-126875.984     0.938     0.26    2.00
-126501.814     0.892    -0.12    2.31
-126127.627     0.970     0.21    2.28
-125753.423     1.222     0.67    1.97
-125379.203     1.249     0.07    1.77
-125004.966     1.313     0.17    1.40
-124630.712     1.755     1.18    1.95
-124256.441     1.613    -0.38    1.98
-123882.154     1.194    -1.12    1.88
-123507.850     1.078    -0.31    1.58
-123133.529     0.613    -1.24    0.00
-122759.191     0.908     0.79    0.85
-122384.837     1.303     1.06    1.54
-122010.466     1.067    -0.63    1.76
-121636.078     1.124     0.15    1.87
-121261.674     0.613    -1.37    1.90
-120887.253     0.450    -0.43    2.07
-120512.815     0.470     0.05    2.07
-120138.360    -0.001    -1.26    2.19
-119763.888    -0.673    -1.79    1.85
-119389.400    -1.620    -2.53    1.32
-119014.895    -2.292    -1.79    0.48
-118640.373    -2.387    -0.25    0.00
-118265.834    -2.387     0.00    0.00
-117891.279    -1.697     1.84    1.83
-117516.707    -1.069     1.68    2.13
-117142.118    -0.047     2.73    2.24
-116767.512     0.636     1.82    1.98
-116392.889     0.999     0.97    1.47
-116018.250     1.567     1.52    1.14
-115643.593     1.450    -0.31    1.29
-115268.920     1.564     0.30    1.34
-114894.230     1.496    -0.18    1.29
-114519.523     1.524     0.07    1.16
-114144.800     1.496    -0.07    1.64
-113770.059     1.501     0.01    1.75
-113395.302     1.659     0.42    1.72
-113020.528     1.589    -0.19    1.75
-112645.737     1.970     1.01    1.10
-112270.929     2.124     0.41    1.33
-111896.104     2.501     1.01    1.63
-111521.263     2.589     0.23    1.87
-111146.405     2.544    -0.12    1.89
-110771.529     2.868     0.86    2.30
-110396.637     3.147     0.74    2.16
-110021.728     2.682    -1.24    2.24
-109646.802     2.520    -0.43    2.27
-109271.859     1.908    -1.63    1.46
-108896.900     1.749    -0.42    1.21
-108521.923     1.363    -1.03    1.45
-108146.930     0.922    -1.17    1.46
-107771.919     0.431    -1.31    1.32
-107396.892     0.385    -0.12    1.24
-107021.848     0.794     1.09    1.45
-106646.787     1.431     1.70    1.48
-106271.709     1.752     0.86    1.54
-105896.614     1.799     0.12    1.45
-105521.502     1.565    -0.62    1.61
-105146.373     1.333    -0.62    1.56
-104771.227     1.035    -0.80    1.34
-104396.065     0.822    -0.57    1.08
-104020.885     0.840     0.05    1.10
-103645.688     0.868     0.08    1.05
-103270.475     1.240     0.99    1.02
-102895.244     1.794     1.48    1.45
-102519.997     2.171     1.00    2.02
-102144.732     2.476     0.81    2.36
-101769.451     3.022     1.45    2.61
-101394.153     2.885    -0.36    2.48
-101018.837     2.589    -0.79    2.22
-100643.505     2.522    -0.18    2.06
-100268.156     2.158    -0.97    1.35
 -99892.789     2.476     0.85    1.30
 -99517.406     2.408    -0.18    1.34
 -99142.006     2.403    -0.01    1.26
 -98766.589     2.272    -0.35    1.29
 -98391.154     1.946    -0.87    1.43
 -98015.703     1.868    -0.21    1.48
 -97640.235     1.346    -1.39    1.42
 -97264.749     1.171    -0.47    1.50
 -96889.247     0.931    -0.64    1.55
 -96513.728     0.985     0.14    1.56
 -96138.191     1.101     0.31    1.47
 -95762.638     1.101     0.00    1.39
 -95387.067     1.124     0.06    1.33
 -95011.480     0.817    -0.82    1.19
 -94635.875     0.590    -0.61    1.19
 -94260.253     0.408    -0.48    1.11
 -93884.615     0.327    -0.22    1.02
 -93508.959     0.294    -0.09    0.93
 -93133.286     0.526     0.62    1.17
 -92757.596     0.635     0.29    1.28
 -92381.889     1.022     1.03    1.47
 -92006.165     1.217     0.52    1.50
 -91630.424     0.985    -0.62    1.53
 -91254.666     0.636    -0.93    1.30
 -90878.890     0.450    -0.50    1.07
 -90503.098     0.476     0.07    1.07
 -90127.289     0.566     0.24    0.87
 -89751.462     0.524    -0.11    0.79
 -89375.618     0.613     0.24    0.93
 -88999.757     0.772     0.42    1.01
 -88623.879     0.659    -0.30    1.07
 -88247.984     0.613    -0.12    1.11
 -87872.072     0.431    -0.48    0.92
 -87496.143     0.567     0.36    0.99
 -87120.196     0.427    -0.37    1.05
 -86744.233     0.446     0.05    1.12
 -86368.252     0.217    -0.61    1.14
 -85992.254    -0.069    -0.76    1.12
 -85616.239    -0.132    -0.17    1.00
 -85240.207    -0.410    -0.74    1.05
 -84864.158    -0.434    -0.06    1.02
 -84488.091    -0.132     0.80    1.03
 -84112.007     0.041     0.46    1.02
 -83735.906     0.264     0.59    1.07
 -83359.788     0.543     0.74    1.16
 -82983.653     0.775     0.62    1.29
 -82607.501     0.817     0.11    1.32
 -82231.331     0.710    -0.28    1.43
 -81855.144     0.385    -0.86    1.46
 -81478.940    -0.054    -1.17    1.21
 -81102.719    -0.201    -0.39    1.42
 -80726.481    -0.573    -0.99    1.62
 -80350.225    -0.504     0.19    1.72
 -79973.953    -0.365     0.37    1.50
 -79597.663    -0.149     0.57    1.25
 -79221.355    -0.001     0.39    0.99
 -78845.031    -0.062    -0.16    1.06
 -78468.689    -0.197    -0.36    0.99
 -78092.330    -0.319    -0.32    1.07
 -77715.954     0.113     1.15    1.23
 -77339.561     0.635     1.39    1.27
 -76963.150     0.985     0.93    1.27
 -76586.722     1.113     0.34    1.15
 -76210.277     0.732    -1.01    1.38
 -75833.814     0.174    -1.48    1.83
 -75457.335    -0.728    -2.40    2.42
 -75080.838    -0.875    -0.39    2.65
 -74704.323    -0.713     0.43    2.44
 -74327.792    -0.660     0.14    2.45
 -73951.243    -0.217     1.18    1.75
 -73574.677     0.522     1.96    1.38
 -73198.094     0.688     0.44    1.38
 -72821.493     0.703     0.04    1.39
 -72444.875     0.520    -0.49    1.46
 -72068.240     0.473    -0.12    1.64
 -71691.587     0.775     0.80    1.95
 -71314.917     1.279     1.34    1.92
 -70938.230     1.363     0.22    1.70
 -70561.525     1.138    -0.60    1.88
 -70184.804     0.380    -2.01    1.67
 -69808.064    -0.047    -1.13    1.49
 -69431.308    -0.341    -0.78    1.27
 -69054.534    -0.319     0.06    1.19
 -68677.743    -0.230     0.24    1.26
 -68300.934    -0.024     0.55    1.43
 -67924.108     0.357     1.01    1.63
 -67547.265     0.135    -0.59    1.36
 -67170.404     0.636     1.33    1.65
 -66793.526     1.023     1.03    1.62
 -66416.631     1.840     2.17    1.63
 -66039.718     2.710     2.31    1.50
 -65662.788     3.226     1.37    1.74
 -65285.841     4.749     4.04    3.59
 -64908.876     4.845     0.26    4.02
 -64531.894     5.272     1.13    4.17
 -64154.894     4.270    -2.66    4.40
 -63777.877     2.772    -3.98    2.88
 -63400.842     1.915    -2.27    1.71
 -63023.791     1.158    -2.01    1.09
 -62646.721     0.590    -1.51    1.21
 -62269.635    -0.046    -1.69    1.15
 -61892.530    -0.387    -0.91    1.77
 -61515.409    -0.746    -0.95    2.13
 -61141.488    -0.992    -0.66    2.06
 -60767.791    -1.251    -0.69    1.84
 -60394.076    -1.225     0.07    1.25
 -60020.345    -1.228    -0.01    1.01
 -59646.596    -1.259    -0.08    0.80
 -59272.830    -1.206     0.14    0.87
 -58899.047    -1.037     0.45    1.05
 -58525.247    -0.728     0.83    0.96
 -58151.430    -0.569     0.43    1.02
 -57777.596    -0.225     0.92    1.02
 -57403.744    -0.251    -0.07    1.00
 -57029.876    -0.045     0.55    1.02
 -56655.990     0.090     0.36    1.02
 -56282.087     0.149     0.16    1.00
 -55908.167     0.479     0.88    1.06
 -55534.230     0.363    -0.31    1.14
 -55160.276     0.147    -0.58    1.33
 -54786.304    -0.615    -2.04    1.33
 -54412.315    -1.230    -1.64    1.24
 -54038.310    -1.615    -1.03    1.20
 -53664.287    -1.760    -0.39    1.16
 -53290.247    -1.410     0.93    1.58
 -52916.189    -0.921     1.31    1.77
 -52542.115    -0.643     0.74    1.75
 -52168.023    -0.069     1.53    1.65
 -51793.914     0.218     0.77    1.48
 -51419.788     0.908     1.84    1.80
 -51045.645     1.333     1.14    1.72
 -50671.484     1.772     1.17    1.74
 -50297.306     2.590     2.19    1.62
 -49923.111     3.320     1.95    1.85
 -49548.899     3.908     1.57    1.69
 -49174.670     3.869    -0.10    1.55
 -48800.423     3.181    -1.84    1.61
 -48426.159     2.845    -0.90    1.44
 -48051.878     2.749    -0.26    1.49
 -47677.580     2.544    -0.55    1.72
 -47303.264     2.664     0.32    1.86
 -46928.931     2.453    -0.56    1.63
 -46554.581     2.463     0.02    1.31
 -46180.214     2.946     1.29    1.45
 -45805.829     3.450     1.35    1.46
 -45431.427     3.726     0.74    1.37
 -45057.008     3.613    -0.30    1.45
 -44682.571     3.100    -1.37    1.35
 -44308.118     2.544    -1.48    1.45
 -43933.647     2.149    -1.06    1.29
 -43559.158     2.226     0.21    1.42
 -43184.653     2.287     0.16    1.17
 -42810.130     2.476     0.51    1.39
 -42435.590     2.703     0.61    1.41
 -42061.032     2.766     0.17    1.18
 -41686.457     2.953     0.50    1.16
 -41311.865     3.065     0.30    1.15
 -40937.256     3.264     0.53    1.00
 -40562.629     2.999    -0.71    1.20
 -40187.985     2.543    -1.22    1.26
 -39813.323     1.976    -1.51    1.37
 -39438.645     1.376    -1.60    1.48
 -39063.948     0.522    -2.28    1.75
 -38689.235    -0.554    -2.87    1.19
 -38314.504    -0.683    -0.34    1.11
 -37939.756    -0.032     1.74    1.99
 -37564.990     0.856     2.37    2.29
 -37190.208     2.544     4.50    2.78
 -36815.407     3.588     2.78    2.20
 -36440.590     3.135    -1.21    2.62
 -36065.755     2.682    -1.21    2.83
 -35690.902     1.840    -2.25    2.62
 -35316.033     0.976    -2.30    2.24
 -34941.145     0.869    -0.29    1.82
 -34566.241     0.681    -0.50    1.65
 -34191.319    -0.512    -3.18    2.63
 -33816.380    -2.387    -5.00    3.43
 -33441.423    -3.643    -3.35    3.17
 -33066.449    -4.387    -1.98    2.79
 -32691.457    -4.206     0.48    2.82
 -32316.448    -4.285    -0.21    2.58
 -31941.422    -4.501    -0.58    2.04
 -31566.378    -4.461     0.11    1.71
 -31191.316    -4.137     0.86    1.48
 -30816.238    -3.271     2.31    1.84
 -30441.142    -2.183     2.90    2.42
 -30066.028     0.090     6.06    3.62
 -29690.897     2.741     7.07    3.79
 -29315.748     3.953     3.23    3.20
 -28940.583     3.898    -0.15    3.54
 -28565.399     3.772    -0.34    3.80
 -28190.198     3.768    -0.01    3.39
 -27814.980     4.496     1.94    3.31
 -27439.744     5.726     3.28    3.31
 -27064.491     6.902     3.13    3.01
 -26689.220     7.272     0.98    2.57
 -26313.932     5.403    -4.98    4.16
 -25938.626     3.363    -5.44    4.60
 -25563.303     1.749    -4.30    3.96
 -25187.962     1.563    -0.50    2.92
 -24812.604     1.908     0.92    2.59
 -24437.228     3.938     5.41    2.41
 -24061.835     5.476     4.10    2.78
 -23686.424     6.892     3.77    2.75
 -23310.995     6.658    -0.62    2.97
 -22935.550     6.431    -0.61    3.56
 -22560.086     6.459     0.07    3.93
 -22184.605     6.317    -0.38    3.64
 -21809.107     6.954     1.70    3.40
 -21433.591     6.317    -1.70    3.19
 -21058.057     5.567    -2.00    2.61
 -20682.506     5.333    -0.62    2.34
 -20306.937     5.863     1.41    1.99
 -19931.351     6.244     1.02    1.73
 -19555.747     6.567     0.86    1.99
 -19180.126     6.427    -0.37    2.28
 -18804.487     5.879    -1.46    2.67
 -18428.831     5.235    -1.72    2.60
 -18053.157     4.779    -1.21    2.48
 -17677.465     4.681    -0.26    2.27
 -17301.756     4.459    -0.59    1.93
 -16926.029     4.772     0.83    2.18
 -16550.284     5.522     2.00    3.63
 -16174.522     6.892     3.65    6.26
 -15798.742     6.479    -1.10    6.26
 -15422.945     5.738    -1.97    5.13
 -15047.130     6.044     0.82    2.90
 -14671.298     7.305     3.35    2.83
 -14295.448     8.078     2.06    2.78
 -13919.580     6.794    -3.41    4.92
 -13543.694     4.427    -6.30    6.02
 -13167.791     2.090    -6.22    5.62
 -12791.870     0.488    -4.26    4.61
 -12415.932     0.249    -0.63    4.01
 -12039.976     1.803     4.13    4.27
 -11664.002     3.749     5.18    4.28
 -11288.011     5.772     5.38    3.44
 -10912.002     7.493     4.58    2.32
 -10535.975     8.067     1.53    1.52
 -10159.931     8.491     1.13    1.36
  -9783.869     8.544     0.14    1.07
  -9407.789     8.101    -1.18    1.20
  -9031.692     8.340     0.64    1.13
  -8655.577     8.385     0.12    1.14
  -8279.444     8.438     0.14    1.22
  -7903.294     8.340    -0.26    1.21
  -7527.125     7.985    -0.94    1.22
  -7150.939     7.541    -1.18    1.54
  -6774.736     7.340    -0.54    1.56
  -6398.514     6.898    -1.17    1.35
  -6022.275     6.960     0.17    1.22
  -5646.019     6.636    -0.86    1.46
  -5269.744     6.476    -0.43    1.53
  -4893.452     6.310    -0.44    1.57
  -4517.142     6.190    -0.32    2.01
  -4140.814     6.431     0.64    2.11
  -3764.469     6.041    -1.04    2.50
  -3388.105     6.213     0.46    2.78
  -3011.724     5.799    -1.10    3.28
  -2635.326     5.226    -1.52    3.59
  -2258.909     4.522    -1.87    3.84
  -1882.475     3.895    -1.66    4.00
  -1506.023     2.863    -2.74    3.98
  -1129.553     1.779    -2.88    3.57
   -753.065     0.835    -2.51    2.92
   -376.560    -0.274    -2.94    0.75
     -0.036    -0.387    -0.30    0.00
    376.505     0.499     2.35    2.89
    753.063     1.999     3.98    4.10
   1129.640     3.203     3.20    4.13
   1506.235     4.287     2.88    3.68
   1882.847     4.976     1.83    3.01
   2259.477     5.635     1.75    2.06
   2636.125     5.885     0.66    1.74
   3012.791     6.003     0.31    1.69
   3389.474     5.990    -0.03    1.63
   3766.176     6.022     0.08    1.57
   4142.895     5.724    -0.79    1.86
   4519.632     5.845     0.32    2.05
   4896.387     5.775    -0.19    2.14
   5273.160     5.635    -0.37    1.86
   5649.950     6.078     1.17    1.67
   6026.759     6.749     1.78    1.56
   6403.585     7.067     0.84    1.65
   6780.430     7.249     0.48    1.62
   7157.292     7.374     0.33    1.71
   7534.172     7.453     0.21    1.72
   7911.070     7.524     0.19    1.74
   8287.986     7.408    -0.31    1.87
   8664.919     7.113    -0.78    1.78
   9041.871     6.822    -0.77    1.66
   9418.841     6.501    -0.85    1.60
   9795.828     6.398    -0.27    1.54
  10172.833     5.840    -1.48    1.65
  10549.857     5.726    -0.30    1.38
  10926.898     5.682    -0.12    1.42
  11303.957     5.863     0.48    1.48
  11681.034     6.138     0.73    1.50
  12058.129     6.346     0.55    1.37
  12435.242     6.333    -0.03    1.40
  12812.373     6.427     0.25    1.35
  13189.522     6.522     0.25    1.52
  13566.555     6.688     0.44    1.51
  13940.177     7.022     0.89    1.44
  14313.817     7.188     0.44    1.57
  14687.475     7.044    -0.38    1.45
  15061.151     7.181     0.36    1.44
  15434.844     7.031    -0.40    1.31
  15808.555     7.544     1.37    1.91
  16182.283     7.788     0.65    2.11
  16556.029     8.294     1.36    2.31
  16929.792     8.978     1.83    2.46
  17303.574     9.499     1.39    2.24
  17677.373     9.658     0.43    2.02
  18051.189     9.659     0.00    2.05
  18425.023     8.976    -1.83    1.67
  18798.875     8.388    -1.57    1.44
  19172.745     8.294    -0.25    1.60
  19546.632     8.539     0.66    1.60
  19920.537     8.496    -0.12    1.68
  20294.459     8.863     0.98    1.64
  20668.399     9.403     1.45    2.01
  21042.357    10.044     1.71    1.65
  21416.333    10.344     0.80    2.66
  21790.326     8.272    -5.54    5.12
  22164.337     5.320    -7.89    5.55
  22538.366     3.868    -3.88    4.99
  22912.412     2.999    -2.32    3.62
  23286.476     3.961     2.57    3.77
  23660.558     5.067     2.96    3.33
  24034.657     4.905    -0.43    2.59
  24408.775     3.772    -3.03    1.67
  24782.909     3.232    -1.44    1.03
  25157.062     3.158    -0.20    1.15
  25531.233     2.976    -0.49    1.38
  25905.421     2.566    -1.10    1.57
  26279.627     1.976    -1.58    1.50
  26653.850     1.564    -1.10    1.24
  27028.092     1.181    -1.02    1.37
  27402.351     0.970    -0.56    1.46
  27776.628     0.863    -0.29    1.51
  28150.922     0.794    -0.18    1.45
  28525.235     1.310     1.38    1.63
  28899.565     1.863     1.48    1.53
  29273.913     1.930     0.18    1.52
  29648.279     1.953     0.06    1.29
  30022.662     1.827    -0.34    1.35
  30397.064     2.044     0.58    1.50
  30771.483     1.999    -0.12    1.59
  31145.920     2.101     0.27    1.62
  31520.375     2.931     2.22    1.86
  31894.847     2.978     0.13    1.91
  32269.338     3.453     1.27    2.08
  32643.846     3.993     1.44    1.71
  33018.372     3.931    -0.17    1.47
  33392.916     4.226     0.79    1.59
  33767.478     4.493     0.71    1.70
  34142.057     4.226    -0.71    1.92
  34516.655     4.188    -0.10    2.04
  34891.270     3.703    -1.29    1.96
  35265.903     3.078    -1.67    1.45
  35640.554     2.863    -0.57    1.56
  36015.223     2.908     0.12    1.44
  36389.909     3.003     0.25    1.48
  36764.614     3.726     1.93    1.62
  37139.336     3.888     0.43    1.85
  37514.076     3.999     0.30    2.10
  37888.835     4.008     0.02    2.13
  38263.611     3.703    -0.81    1.87
  38638.405     3.385    -0.85    1.83
  39013.216     3.163    -0.59    1.81
  39388.046     3.249     0.23    1.57
  39762.894     3.363     0.30    1.55
  40137.759     3.190    -0.46    1.75
  40512.643     3.380     0.51    1.76
  40887.544     3.635     0.68    2.26
  41262.463     4.408     2.06    3.33
  41637.401     5.013     1.61    4.01
  42012.356     4.931    -0.22    3.53
  42387.329     5.515     1.56    3.95
  42762.320     5.567     0.14    4.07
  43137.329     5.249    -0.85    3.57
  43512.356     5.635     1.03    3.71
  43887.401     6.090     1.21    4.07
  44262.463     5.538    -1.47    3.44
  44637.544     5.476    -0.16    3.63
  45012.643     5.369    -0.29    3.45
  45387.760     5.499     0.35    3.62
  45762.894     6.226     1.94    4.14
  46138.047     6.217    -0.02    3.84
  46513.218     7.203     2.63    5.10
  46888.406     8.349     3.05    5.52
  47263.613     8.567     0.58    5.25
  47638.838     9.078     1.36    4.89
  48014.080     9.168     0.24    4.68
  48389.341     8.226    -2.51    3.28
  48764.620     7.403    -2.19    2.90
  49139.916     6.203    -3.20    2.72
  49515.231     5.972    -0.62    2.65
  49890.564     5.590    -1.02    2.39
  50265.914     5.226    -0.97    1.98
  50641.283     5.113    -0.30    2.13
  51016.670     4.613    -1.33    2.09
  51392.075     3.993    -1.65    2.08
  51767.498     3.953    -0.11    2.07
  52142.939     3.663    -0.77    2.14
  52518.398     2.749    -2.43    2.67
  52893.875     1.635    -2.97    2.80
  53269.370     1.113    -1.39    2.32
  53644.883     0.857    -0.68    2.22
  54020.414     1.238     1.01    2.05
  54395.964     1.544     0.82    2.06
  54771.531     1.563     0.05    2.02
  55147.117     1.541    -0.06    1.97
  55522.720     1.520    -0.06    1.90
  55898.342     1.181    -0.90    1.86
  56273.982     0.746    -1.16    1.62
  56649.640     1.149     1.07    1.83
  57025.316     2.249     2.93    2.19
  57401.010     3.427     3.13    1.99
  57776.722     4.398     2.59    1.42
  58152.453     4.385    -0.03    1.68
  58528.201     4.450     0.17    2.02
  58903.968     4.547     0.26    2.10
  59279.752     5.184     1.69    2.30
  59655.555     5.953     2.05    2.18
  60031.376     6.287     0.89    1.85
  60407.216     6.156    -0.35    1.63
  60783.073     5.681    -1.26    1.59
  61158.949     4.970    -1.89    1.34
  61534.842     4.790    -0.48    1.75
  61910.754     4.659    -0.35    2.03
  62286.684     4.213    -1.19    2.36
  62662.632     3.703    -1.35    2.89
  63038.599     2.765    -2.50    3.20
  63414.583     1.476    -3.43    2.89
  63790.586     0.681    -2.12    2.47
  64166.607     2.590     5.08    4.75
  64542.646     5.885     8.76    7.61
  64918.704     9.681    10.09    7.60
  65294.779    13.658    10.58    6.96
  65670.873    14.544     2.36    6.97
  66046.985    11.976    -6.83    7.25
  66423.115     9.135    -7.55    7.19
  66799.264     6.431    -7.19    5.10
  67175.431     5.181    -3.32    1.93
  67551.615     6.203     2.72    2.58
  67927.819     7.520     3.50    2.78
  68304.040     8.794     3.39    2.37
  68680.280     9.340     1.45    2.15
  69056.538     9.613     0.72    2.15
  69432.814     9.703     0.24    2.14
  69809.108    11.090     3.68    2.40
  70185.421    11.565     1.26    2.26
  70561.752    11.499    -0.18    2.53
  70938.101    11.786     0.76    2.26
  71314.469    12.385     1.59    2.23
  71690.855    13.181     2.11    2.14
  72067.259    14.124     2.51    1.91
  72443.681    14.924     2.12    1.73
  72820.122    15.922     2.65    2.25
  73196.581    17.749     4.85    3.02
  73573.058    19.453     4.53    3.33
  73949.554    20.636     3.14    3.07
  74326.068    21.590     2.53    3.45
  74702.600    22.374     2.08    3.54
  75079.151    23.435     2.82    3.30
  75455.720    24.310     2.32    3.19
  75832.307    25.544     3.28    3.78
  76208.913    26.427     2.34    3.56
  76585.537    26.988     1.49    3.81
  76962.179    26.431    -1.48    5.76
  77338.840    25.188    -3.30    6.41
  77715.519    23.590    -4.24    7.62
  78092.217    21.135    -6.52    8.15
  78468.932    19.249    -5.01    7.67
  78845.667    15.658    -9.53    7.28
  79222.419    13.305    -6.25    6.33
  79599.190    11.226    -5.52    5.39
  79975.979     9.398    -4.85    3.51
  80352.787     9.857     1.22    3.16
  80729.613    11.101     3.30    3.86
  81106.458    12.868     4.69    3.75
  81483.321    14.522     4.39    3.06
  81860.202    15.297     2.06    2.99
  82237.102    17.453     5.72    3.94
  82614.020    19.272     4.82    4.78
  82990.956    20.203     2.47    5.35
  83367.911    20.908     1.87    6.43
  83744.885    21.788     2.33    7.11
  84121.877    21.772    -0.04    7.20
  84498.887    22.063     0.77    7.36
  84875.916    22.208     0.39    6.44
  85252.963    21.272    -2.48    5.46
  85630.029    20.380    -2.36    5.49
  86007.113    19.200    -3.13    4.76
  86384.216    19.208     0.02    4.35
  86761.337    18.524    -1.81    3.33
  87138.476    19.054     1.41    3.29
  87515.634    18.613    -1.17    3.75
  87892.811    18.022    -1.57    3.65
  88270.006    17.208    -2.16    3.50
  88646.708    16.635    -1.52    3.06
  89020.273    16.752     0.31    2.28
  89393.855    17.235     1.29    2.15
  89767.456    17.772     1.44    2.49
  90141.076    18.417     1.73    2.37
  90514.713    18.999     1.56    2.42
  90888.368    20.351     3.62    2.96
  91262.042    21.678     3.55    3.36
  91635.734    23.729     5.49    3.33
  92009.444    25.813     5.58    3.77
  92383.172    28.272     6.58    4.50
  92756.918    30.373     5.62    3.98
  93130.682    31.658     3.44    3.65
  93504.465    32.240     1.56    4.49
  93878.265    32.939     1.87    4.75
  94252.084    33.008     0.19    4.37
  94625.921    33.257     0.67    3.43
  94999.777    34.658     3.75    3.15
  95373.650    35.924     3.39    3.26
  95747.542    37.113     3.18    3.61
  96121.452    37.749     1.70    4.27
  96495.380    38.124     1.00    4.81
  96869.326    37.985    -0.37    5.46
  97243.291    37.879    -0.28    5.75
  97617.273    37.476    -1.08    6.02
  97991.274    36.901    -1.54    6.15
  98365.294    35.679    -3.27    6.68
  98739.331    33.908    -4.74    7.28
  99113.387    32.726    -3.16    6.71
  99487.461    31.775    -2.54    5.35
  99861.553    31.079    -1.86    4.18
 100235.663    30.431    -1.73    2.79
 100609.792    30.546     0.31    2.91
 100983.939    30.590     0.12    2.78
 101358.104    31.044     1.21    3.53
 101732.288    32.703     4.43    4.27
 102106.489    34.044     3.58    4.68
 102480.709    35.146     2.94    4.51
 102854.948    35.226     0.21    4.50
 103229.204    35.044    -0.49    4.86
 103603.479    34.113    -2.49    4.59
 103977.772    34.613     1.34    5.04
 104352.084    34.817     0.55    4.63
 104726.414    35.181     0.97    4.42
 105100.762    35.544     0.97    4.08
 105475.128    36.635     2.91    4.36
 105849.513    37.703     2.85    5.28
 106223.916    39.090     3.70    6.62
 106598.338    42.249     8.44    8.74
 106972.778    44.908     7.10    8.93
 107347.236    48.317     9.10    9.29
 107721.712    51.544     8.62    9.29
 108096.207    55.746    11.22   11.38
 108470.720    57.044     3.47    9.87
 108845.252    58.817     4.73    8.27
 109219.802    60.340     4.07    7.83
 109594.370    64.590    11.35   10.04
 109968.956    68.022     9.16   11.22
 110343.561    69.363     3.58   10.83
 110718.185    70.279     2.45    9.19
 111092.827    69.993    -0.76    6.51
 111467.487    69.135    -2.29    5.67
 111842.165    67.524    -4.30    6.17
 112216.862    67.524     0.00    6.28
 112591.578    67.158    -0.98    5.44
 112966.312    67.976     2.18    5.45
 113341.064    68.522     1.46    6.25
 113715.834    69.755     3.29    5.39
 114090.623    71.901     5.73    5.29
 114465.431    74.013     5.63    5.68
 114840.257    73.479    -1.42    6.24
 115215.101    73.822     0.91    6.79
 115589.964    74.799     2.61    7.09
 115964.845    76.257     3.89    6.72
 116339.745    78.881     7.00    5.92
 116714.663    79.417     1.43    6.12
 117089.600    81.879     6.57    6.80
 117464.555    81.272    -1.62    7.61
 117839.528    82.160     2.37    8.19
 118214.520    84.217     5.49    9.31
 118589.531    83.522    -1.85   10.05
 118964.560    85.393     4.99    9.80
 119339.607    84.395    -2.66    9.37
 119714.673    85.363     2.58    9.82
 120089.758    84.453    -2.42    7.82
 120464.860    86.953     6.67    8.17
 120839.982    87.369     1.11    8.13
 121215.122    87.340    -0.08    6.96
 121590.280    88.881     4.11    6.70
 121965.457    89.703     2.19    6.09
 122340.653    91.885     5.82    6.18
 122715.867    91.681    -0.55    6.79
 123091.100    91.749     0.18    8.16
 123466.351    90.320    -3.81    8.96
 123841.620    90.953     1.69    8.08
 124216.909    91.589     1.69    6.75
 124592.215    91.213    -1.00    7.35
 124967.541    90.857    -0.95    7.51
 125342.885    92.431     4.19    6.82
 125718.247    94.885     6.54    7.23
 126093.628    97.534     7.06    5.87
 126469.028    99.135     4.27    5.63
 126844.446   100.136     2.67    4.57
 127219.883   100.390     0.68    4.99
 127595.338   101.768     3.67    6.03
 127970.812   103.938     5.78    5.55
 128346.305   104.476     1.43    5.37
 128721.816   103.463    -2.70    6.48
 129097.346   101.407    -5.48    7.04
