# NaN NaN NaN ;Mean Elev.(m), Avg Gradient(m/km), RMS Gradient(m/km) - SRTM1     
#   24.197  -0.918  16.133 ;Mean Elev.(m), Avg Gradient(m/km), RMS Gradient(m/km) - ASTER GDEM
#   20.073  -0.767  16.688 ;Mean Elev.(m), Avg Gradient(m/km), RMS Gradient(m/km) - GMTED2010 
  7    47.276 52470.58689394  5.83 113.808310  29.923766 15.294
  7    46.214 52470.58689458  9.31 113.807420  29.927056 15.294
  7    35.516 52470.58689523 12.81 113.806530  29.930346 15.294
  7    45.314 52470.58689587 12.60 113.805640  29.933626 15.294
  8    25.403 52505.58687617 19.96 113.809653  29.925989 21.693
  8    27.229 52505.58687681 18.36 113.808763  29.929279 21.693
  8    27.192 52505.58687746 18.74 113.807873  29.932559 21.693
  9    22.451 52540.58685837 24.32 113.810768  29.925015 19.053
  9    22.235 52540.58685901 22.95 113.809878  29.928305 19.053
  9    21.936 52540.58685966 21.43 113.808998  29.931585 19.053
  9    25.354 52540.58686030 21.78 113.808108  29.934875 19.053
 10    24.685 52575.58690440 17.33 113.806440  29.922631 21.199
 10    24.890 52575.58690505 16.20 113.805550  29.925911 21.199
 10    23.974 52575.58690569 18.93 113.804660  29.929201 21.199
 10    25.373 52575.58690634 20.73 113.803770  29.932491 21.199
 11    22.835 52610.58686601 24.46 113.810941  29.925234 16.808
 11    18.556 52610.58686665 25.30 113.810051  29.928524 16.808
 11    18.671 52610.58686730 25.09 113.809161  29.931814 16.808
 11    19.282 52610.58686794 35.57 113.808281  29.935094 16.808
 12    25.136 52645.58685479 22.50 113.808944  29.924601 21.721
 12    18.970 52645.58685543 23.70 113.808054  29.927881 21.721
 12    18.603 52645.58685608 24.22 113.807164  29.931171 21.721
 12    25.615 52645.58685672 24.04 113.806274  29.934461 21.721
 13    24.020 52680.58682963 22.47 113.818190  29.927101 18.964
 13    23.798 52680.58683028 19.58 113.817300  29.930391 18.964
 13    27.293 52680.58683092 17.78 113.816410  29.933679 23.857
 13    27.920 52680.58683157 17.69 113.815520  29.936959 23.857
 15    26.224 52750.58690617 19.60 113.802182  29.924050 22.043
 15    25.986 52750.58690681 17.61 113.801292  29.927340 22.043
 15    27.056 52750.58690745 19.19 113.800402  29.930630 22.043
 16    24.759 52785.58684933 21.17 113.804642  29.923366 15.657
 16    25.165 52785.58684998 20.59 113.803762  29.926656 15.657
 16    25.733 52785.58685062 19.21 113.802872  29.929946 15.657
 16    26.714 52785.58685127 21.99 113.801982  29.933226 15.657
 17    26.294 52820.58692356 24.51 113.806517  29.921831 21.322
 17    26.627 52820.58692420 24.07 113.805627  29.925111 21.322
 17    26.535 52820.58692485 23.59 113.804747  29.928401 21.322
 17    26.329 52820.58692549 25.40 113.803857  29.931691 21.322
 18    24.599 52855.58697159 20.24 113.811238  29.922970 21.955
 18    25.269 52855.58697224 16.73 113.810348  29.926250 21.955
 18    25.458 52855.58697288 17.17 113.809458  29.929540 21.955
 18    25.484 52855.58697353 18.28 113.808568  29.932830 21.955
 19    25.332 52890.58700439 15.77 113.806567  29.922465 19.441
 19    26.320 52890.58700503 16.45 113.805687  29.925745 19.441
 19    26.425 52890.58700568 18.37 113.804797  29.929035 19.441
 19    26.249 52890.58700632 22.22 113.803907  29.932325 19.441
 20    23.337 52925.58695775 20.85 113.812024  29.924973 18.732
 20    23.658 52925.58695839 17.03 113.811144  29.928253 18.732
 20    24.085 52925.58695903 16.93 113.810254  29.931543 18.732
 20    24.439 52925.58695968 19.00 113.809364  29.934833 18.732
 21    23.482 52960.58692503 21.00 113.814556  29.924429 22.027
 21    23.442 52960.58692568 18.44 113.813666  29.927719 22.027
 21    23.622 52960.58692632 17.20 113.812776  29.931009 22.027
 21    24.354 52960.58692697 16.57 113.811886  29.934289 22.027
 22    21.795 52995.58696115 25.22 113.809513  29.922918 12.184
 22    16.702 52995.58696180 27.87 113.808623  29.926208 12.184
 22    16.849 52995.58696244 25.36 113.807733  29.929498 12.184
 22    16.468 52995.58696309 26.92 113.806843  29.932778 12.184
 23    15.853 53030.58692508 26.41 113.812957  29.926713 13.575
 23    15.766 53030.58692573 26.58 113.812067  29.930003 13.575
 23    15.911 53030.58692637 26.64 113.811177  29.933293 13.575
 23    24.417 53030.58692702 26.43 113.810287  29.936573 13.575
 24    24.644 53065.58693190 21.37 113.813400  29.925535 15.643
 24    23.361 53065.58693254 21.61 113.812520  29.928815 15.643
 24    23.540 53065.58693319 21.33 113.811630  29.932105 15.643
 24    24.163 53065.58693383 22.65 113.810740  29.935395 15.643
 25    23.267 53100.58693555 20.27 113.809054  29.925487 18.945
 25    18.059 53100.58693620 22.46 113.808164  29.928777 18.945
 25    20.161 53100.58693684 20.57 113.807274  29.932067 18.945
 25    19.151 53100.58693749 19.45 113.806394  29.935347 18.945
 26    24.786 53135.58693291 25.04 113.814528  29.925659 11.271
 26    24.470 53135.58693355 21.07 113.813638  29.928949 11.271
 26    23.825 53135.58693420 20.45 113.812758  29.932239 11.271
 26    24.637 53135.58693484 21.07 113.811868  29.935529 11.271
 28    26.273 53205.58700006 20.57 113.808938  29.924188 29.547
 28    26.161 53205.58700071 20.62 113.808058  29.927478 29.547
 28    25.852 53205.58700135 21.95 113.807168  29.930768 29.547
 28    26.132 53205.58700200 23.14 113.806278  29.934058 29.547
 29    24.902 53240.58696803 20.82 113.816444  29.926407 17.881
 29    24.512 53240.58696868 20.46 113.815554  29.929687 17.881
 29    24.445 53240.58696932 20.86 113.814664  29.932977 17.881
 29    25.068 53240.58696997 20.07 113.813774  29.936267 17.881
 31    20.464 53310.58698113 23.63 113.805965  29.924514 26.728
 31    20.154 53310.58698178 24.21 113.805085  29.927804 26.728
 31    20.201 53310.58698242 25.19 113.804195  29.931094 26.728
 31    24.318 53310.58698307 24.84 113.803307  29.934382 27.748
 32    22.456 53345.58694722 18.61 113.811988  29.925974 18.574
 32    22.183 53345.58694786 18.86 113.811098  29.929264 18.574
 32    20.953 53345.58694851 18.99 113.810208  29.932554 18.574
 32    24.572 53345.58694915 19.94 113.809325  29.935842 28.250
 33    16.578 53380.58690071 32.71 113.809216  29.923649 17.867
 33    16.571 53380.58690135 32.55 113.808326  29.926929 17.867
 33    16.434 53380.58690199 31.67 113.807436  29.930219 17.867
 33    16.347 53380.58690264 30.97 113.806546  29.933509 17.867
 34    26.184 53415.58692459 25.60 113.816396  29.925790 11.599
 34    25.899 53415.58692523 21.71 113.815506  29.929080 11.599
 34    26.919 53415.58692588 21.45 113.814616  29.932370 11.599
 34    29.036 53415.58692652 23.38 113.813721  29.935658 25.592
 35    25.270 53450.58691962 18.40 113.807206  29.923987 19.355
 35    26.021 53450.58692026 17.28 113.806320  29.927273 23.717
 35    25.698 53450.58692091 17.38 113.805430  29.930563 23.717
 35    25.848 53450.58692155 19.69 113.804540  29.933853 23.717
 36    24.606 53485.58700460 21.59 113.802476  29.921214 16.742
 36    23.723 53485.58700524 18.75 113.801590  29.924510 22.807
 36    25.894 53485.58700589 17.69 113.800700  29.927790 22.807
 36    25.439 53485.58700653 21.38 113.799810  29.931080 22.807
 37    24.746 53520.58700014 21.45 113.812535  29.925467 14.329
 37    24.972 53520.58700078 20.24 113.811642  29.928747 24.874
 37    24.895 53520.58700143 19.03 113.810762  29.932037 24.874
 37    24.953 53520.58700207 21.00 113.809872  29.935327 24.874
 38    24.492 53555.58702354 19.11 113.803807  29.924076 16.377
 38    24.627 53555.58702419 19.64 113.802927  29.927356 16.377
 38    24.639 53555.58702483 20.21 113.802037  29.930646 16.377
 38    26.055 53555.58702548 21.76 113.801147  29.933936 16.377
 39    24.362 53590.58696511 24.08 113.819072  29.926914 26.629
 39    25.113 53590.58696575 19.47 113.818182  29.930194 26.629
 39    24.830 53590.58696639 18.12 113.817292  29.933484 26.629
 39    24.894 53590.58696704 17.31 113.816402  29.936774 26.629
 41    22.826 53660.58697436 21.62 113.806560  29.924938 28.771
 41    22.907 53660.58697500 22.39 113.805673  29.928235 25.146
 41    22.876 53660.58697565 22.47 113.804783  29.931515 25.146
 41    25.630 53660.58697629 20.40 113.803893  29.934805 25.146
 42    20.550 53695.58694617 29.20 113.811985  29.924465 15.725
 42    20.441 53695.58694681 29.00 113.811095  29.927755 15.725
 42    20.306 53695.58694746 30.24 113.810205  29.931045 15.725
 42    20.010 53695.58694810 29.02 113.809315  29.934335 15.725
 43    24.728 53730.58686901 27.68 113.817761  29.925292 13.725
 43    16.519 53730.58686965 26.88 113.816871  29.928572 13.725
 43    16.485 53730.58687030 28.36 113.815981  29.931862 13.725
 43    16.523 53730.58687094 27.18 113.815091  29.935152 13.725
 44    24.269 53765.58683782 18.08 113.814572  29.926836 13.340
 44    23.764 53765.58683847 17.86 113.813682  29.930126 13.340
 44    24.243 53765.58683911 16.52 113.812792  29.933416 13.340
 44    24.553 53765.58683976 20.21 113.811902  29.936696 13.340
 45    23.869 53800.58684182 27.52 113.816607  29.927749 15.568
 45    19.930 53800.58684247 27.51 113.815717  29.931039 15.568
 45    19.807 53800.58684311 27.11 113.814829  29.934318 21.142
 45    24.323 53800.58684376 25.63 113.813939  29.937608 21.142
 46    24.959 53835.58684496 28.41 113.808072  29.922327 15.578
 46    18.679 53835.58684561 28.45 113.807182  29.925617 15.578
 46    18.487 53835.58684625 28.48 113.806292  29.928907 15.578
 46    18.250 53835.58684690 28.90 113.805402  29.932187 15.578
 48    24.707 53905.58694006 22.05 113.807277  29.924233 27.623
 48    24.607 53905.58694070 22.28 113.806387  29.927513 27.623
 48    24.737 53905.58694135 23.43 113.805497  29.930803 27.623
 48    25.558 53905.58694199 24.51 113.804607  29.934093 27.623
 50    19.160 53975.58692844 37.58 113.810978  29.923550 14.733
 50    19.361 53975.58692908 36.15 113.810088  29.926830 14.733
 50    19.260 53975.58692973 37.19 113.809198  29.930120 14.733
 50    19.069 53975.58693037 35.67 113.808308  29.933410 14.733
 51    17.779 54010.58692745 27.19 113.808244  29.923612 21.058
 51    17.789 54010.58692809 27.71 113.807354  29.926892 21.058
 51    17.719 54010.58692874 26.65 113.806464  29.930182 21.058
 51    17.576 54010.58692938 26.25 113.805574  29.933472 21.058
 52    18.321 54045.58694379 24.84 113.815197  29.926509 14.025
 52    18.289 54045.58694444 24.09 113.814307  29.929799 14.025
 52    22.546 54045.58694508 23.45 113.813417  29.933089 14.025
 52    17.997 54045.58694572 23.75 113.812527  29.936369 14.025
 53    18.836 54080.58693634 31.41 113.812545  29.924033 17.200
 53    18.100 54080.58693699 31.49 113.811655  29.927313 17.200
 53    18.376 54080.58693763 30.37 113.810765  29.930603 17.200
 53    17.821 54080.58693828 30.65 113.809875  29.933893 17.200
 54    24.174 54115.58687084 28.08 113.814959  29.924820 13.131
 54    15.725 54115.58687149 28.84 113.814069  29.928100 13.131
 54    15.788 54115.58687213 28.17 113.813179  29.931390 13.131
 54    16.135 54115.58687278 27.42 113.812289  29.934680 13.131
 55    24.981 54150.58688590 25.00 113.808944  29.925130 13.011
 55    16.388 54150.58688655 26.50 113.808064  29.928420 13.011
 55    16.467 54150.58688719 25.70 113.807174  29.931710 13.011
 55    16.023 54150.58688784 26.77 113.806284  29.935000 13.011
 56    24.710 54185.58686203 30.91 113.814860  29.924000 17.292
 56    25.744 54185.58686268 21.06 113.813970  29.927290 17.292
 56    25.136 54185.58686332 21.56 113.813090  29.930570 17.292
 56    25.022 54185.58686397 21.45 113.812200  29.933860 17.292
 57    25.497 54220.58689502 23.61 113.807811  29.924045 17.267
 57    23.309 54220.58689566 24.73 113.806931  29.927335 17.267
 57    19.795 54220.58689631 24.09 113.806041  29.930625 17.267
 57    25.903 54220.58689695 23.67 113.805151  29.933905 17.267
 58    24.498 54255.58691892 24.69 113.810204  29.924519 20.130
 58    20.715 54255.58691957 25.27 113.809314  29.927809 20.130
 58    23.817 54255.58692021 24.27 113.808424  29.931099 20.130
 58    25.191 54255.58692086 24.88 113.807534  29.934379 20.130
 59    25.254 54290.58692114 21.24 113.812222  29.926632 24.174
 59    32.278 54290.58692179 18.63 113.811332  29.929922 24.174
 59    30.913 54290.58692243 18.26 113.810442  29.933212 24.174
 59    29.848 54290.58692308 18.48 113.809552  29.936492 24.174
 60    26.563 54325.58691807 22.51 113.813487  29.923865 15.567
 60    26.729 54325.58691871 20.97 113.812607  29.927145 15.567
 60    26.617 54325.58691936 22.26 113.811717  29.930435 15.567
 60    26.371 54325.58692000 23.58 113.810827  29.933725 15.567
 61    24.459 54360.58687104 22.41 113.815651  29.924912 17.603
 61    24.705 54360.58687169 19.17 113.814761  29.928202 17.603
 61    24.784 54360.58687233 17.80 113.813881  29.931482 17.603
 61    25.144 54360.58687298 16.62 113.812991  29.934772 17.603
 62    19.584 54395.58685840 27.09 113.811052  29.925661 14.088
 62    19.642 54395.58685905 27.27 113.810162  29.928951 14.088
 62    19.477 54395.58685969 26.99 113.809272  29.932241 14.088
 62    19.116 54395.58686034 27.57 113.808392  29.935521 14.088
 63    24.053 54430.58682137 17.62 113.814349  29.927229 18.218
 63    23.366 54430.58682201 16.90 113.813459  29.930509 18.218
 63    23.868 54430.58682266 15.72 113.812569  29.933799 18.218
 64    16.147 54465.58683838 27.22 113.810924  29.924325 13.733
 64    16.120 54465.58683902 27.89 113.810034  29.927615 13.733
 64    15.841 54465.58683967 29.38 113.809144  29.930905 13.733
 64    15.914 54465.58684031 27.47 113.808264  29.934185 13.733
 65    24.156 54500.58683350 22.98 113.813586  29.925820 14.733
 65    15.569 54500.58683414 25.67 113.812697  29.929108 22.381
 65    16.079 54500.58683479 26.88 113.811807  29.932388 22.381
 65    16.124 54500.58683543 40.20 113.810917  29.935678 22.381
 66    23.510 54535.58685315 27.25 113.812466  29.924936 15.566
 66    16.209 54535.58685380 26.70 113.811586  29.928226 15.566
 66    16.093 54535.58685444 25.12 113.810696  29.931506 15.566
 66    15.747 54535.58685509 25.66 113.809806  29.934796 15.566
 67    19.219 54570.58683643 38.91 113.814724  29.926092 13.984
 67    19.347 54570.58683707 38.30 113.813834  29.929382 13.984
 67    19.025 54570.58683772 36.35 113.812944  29.932662 13.984
 67    18.872 54570.58683836 34.46 113.812054  29.935952 13.984
 68    20.477 54605.58684794 26.60 113.809616  29.925956 14.760
 68    20.614 54605.58684858 25.88 113.808726  29.929246 14.760
 68    20.432 54605.58684922 25.83 113.807846  29.932526 14.760
 68    24.359 54605.58684987 26.66 113.806956  29.935816 14.760
 69    24.288 54640.58685673 28.06 113.811525  29.923032 22.340
 69    24.201 54640.58685737 28.46 113.810635  29.926312 22.340
 69    24.049 54640.58685802 28.73 113.809745  29.929602 22.340
 69    24.049 54640.58685866 30.26 113.808855  29.932892 22.340
 70    25.292 54675.58685929 16.41 113.809928  29.924081 22.104
 70    25.069 54675.58685993 16.99 113.809038  29.927361 22.104
 70    24.649 54675.58686058 18.99 113.808148  29.930651 22.104
 70    25.032 54675.58686122 22.87 113.807258  29.933941 22.104
 71    26.780 54710.58681586 19.76 113.815493  29.926532 15.720
 71    26.691 54710.58681650 20.63 113.814603  29.929822 15.720
 71    26.555 54710.58681715 20.93 113.813713  29.933102 15.720
 71    26.174 54710.58681779 22.00 113.812823  29.936392 15.720
 72    25.506 54745.58682667 17.17 113.809939  29.923773 20.874
 72    24.983 54745.58682732 16.74 113.809049  29.927063 20.874
 72    23.863 54745.58682796 17.35 113.808159  29.930353 20.874
 72    24.465 54745.58682860 20.45 113.807279  29.933633 20.874
 73    24.324 54780.58679989 19.78 113.813057  29.926400 19.396
 73    24.799 54780.58680053 19.15 113.812167  29.929680 19.396
 73    25.078 54780.58680118 20.21 113.811277  29.932970 19.396
 73    25.651 54780.58680182 21.41 113.810387  29.936260 19.396
 74    17.504 54815.58681976 28.39 113.809924  29.923957 17.758
 74    17.600 54815.58682041 27.67 113.809034  29.927247 17.758
 74    17.363 54815.58682105 27.79 113.808144  29.930537 17.758
 74    17.062 54815.58682170 29.36 113.807264  29.933817 17.758
 75    23.328 54850.58679825 27.66 113.813551  29.924063 16.974
 75    21.586 54850.58679889 22.73 113.812661  29.927353 16.974
 75    17.389 54850.58679954 22.63 113.811771  29.930633 16.974
 75    15.853 54850.58680018 23.22 113.810881  29.933923 16.974
 76    24.659 54885.58682330 25.43 113.809680  29.922775 14.066
 76    23.929 54885.58682394 23.59 113.808790  29.926065 14.066
 76    24.612 54885.58682459 22.95 113.807900  29.929355 14.066
 76    23.807 54885.58682523 23.12 113.807020  29.932635 14.066
 77    22.423 54920.58679978 27.33 113.812820  29.926019 18.702
 77    17.989 54920.58680042 27.20 113.811930  29.929309 18.702
 77    17.786 54920.58680107 28.28 113.811040  29.932589 18.702
 77    17.714 54920.58680171 26.86 113.810150  29.935879 18.702
 78    25.150 54955.58681938 22.89 113.808835  29.923296 16.629
 78    24.821 54955.58682002 19.74 113.807945  29.926586 16.629
 78    25.449 54955.58682067 18.24 113.807065  29.929866 16.629
 78    25.441 54955.58682131 20.45 113.806175  29.933156 16.629
 79    27.924 54990.58684308 19.84 113.807806  29.924812 24.675
 79    25.972 54990.58684372 20.42 113.806916  29.928102 24.675
 79    26.116 54990.58684437 21.26 113.806036  29.931382 24.675
 79    26.230 54990.58684501 29.03 113.805146  29.934672 24.675
 80    24.988 55025.58683392 26.54 113.813032  29.925262 17.972
 80    25.113 55025.58683457 18.65 113.812142  29.928552 17.972
 80    24.693 55025.58683521 19.06 113.811252  29.931842 17.972
 80    24.970 55025.58683586 21.90 113.810372  29.935122 17.972
 81    27.614 55060.58682774 22.93 113.811806  29.923818 18.770
 81    26.167 55060.58682838 21.74 113.810916  29.927098 18.770
 81    26.063 55060.58682903 23.03 113.810026  29.930388 18.770
 81    25.935 55060.58682967 21.54 113.809136  29.933678 18.770
 82    22.102 55095.58677900 22.32 113.814197  29.925832 15.893
 82    22.392 55095.58677965 22.08 113.813307  29.929122 15.893
 82    22.119 55095.58678029 21.85 113.812417  29.932412 15.893
 82    22.031 55095.58678093 22.27 113.811527  29.935692 15.893
 83    25.637 55130.58676988 14.20 113.809929  29.925244 20.052
 83    24.024 55130.58677052 14.73 113.809039  29.928534 20.052
 83    24.152 55130.58677117 14.96 113.808149  29.931824 20.052
 83    24.753 55130.58677181 16.72 113.807269  29.935104 20.052
 84    23.631 55165.58674044 24.33 113.813592  29.924572 17.514
 84    15.950 55165.58674109 26.16 113.812702  29.927862 17.514
 84    16.169 55165.58674173 25.27 113.811812  29.931152 17.514
 84    16.335 55165.58674238 25.32 113.810922  29.934432 17.514
 85    25.095 55200.58676216 16.41 113.808987  29.925555 15.163
 85    24.875 55200.58676280 15.61 113.808097  29.928845 15.163
 85    24.327 55200.58676345 15.98 113.807217  29.932125 15.163
 85    24.621 55200.58676409 18.44 113.806327  29.935415 15.163
 86    24.038 55235.58674647 22.52 113.813021  29.925102 16.022
 86    23.295 55235.58674711 22.60 113.812131  29.928392 16.022
 86    20.289 55235.58674776 22.76 113.811241  29.931672 16.022
 86    17.066 55235.58674840 23.34 113.810351  29.934962 16.022
 87    26.005 55270.58675590 24.63 113.811226  29.923791 16.524
 87    24.162 55270.58675655 21.13 113.810336  29.927081 16.524
 87    23.818 55270.58675719 21.57 113.809446  29.930371 16.524
 87    24.342 55270.58675784 21.30 113.808566  29.933651 16.524
 88    26.122 55305.58672812 24.99 113.815569  29.925915 18.728
 88    23.122 55305.58672877 22.97 113.814679  29.929195 18.728
 88    23.833 55305.58672941 20.56 113.813789  29.932485 18.728
 88    25.016 55305.58673006 19.50 113.812899  29.935775 18.728
 89    24.648 55340.58672769 26.61 113.811433  29.924371 18.588
 89    24.560 55340.58672834 21.90 113.810543  29.927651 18.588
 89    24.596 55340.58672898 21.23 113.809653  29.930941 18.588
 89    25.394 55340.58672963 21.24 113.808763  29.934231 18.588
 90    27.520 55375.58671992 19.48 113.812933  29.924976 20.738
 90    27.612 55375.58672056 19.39 113.812043  29.928266 20.738
 90    27.467 55375.58672121 20.83 113.811153  29.931556 20.738
 90    27.155 55375.58672185 22.92 113.810273  29.934836 20.738
 91    29.132 55410.58674232 21.92 113.811325  29.924161 18.515
 91    28.795 55410.58674297 21.23 113.810435  29.927441 18.515
 91    28.815 55410.58674361 21.39 113.809545  29.930731 18.515
 91    28.804 55410.58674426 21.42 113.808655  29.934021 18.515
 92    25.888 55445.58673628 26.66 113.812272  29.925095 19.046
 92    25.725 55445.58673692 19.91 113.811382  29.928385 19.046
 92    25.637 55445.58673757 19.03 113.810492  29.931675 19.046
 92    25.475 55445.58673821 22.16 113.809602  29.934965 19.046
 93    24.460 55480.58667015 23.94 113.816607  29.926449 21.856
 93    24.253 55480.58667079 21.34 113.815717  29.929739 21.856
 93    23.940 55480.58667144 20.36 113.814827  29.933029 21.856
 93    25.905 55480.58667208 20.76 113.813937  29.936319 21.856
