# NaN NaN NaN ;Mean Elev.(m), Avg Gradient(m/km), RMS Gradient(m/km) - SRTM1     
#    2.279  -4.104  26.186 ;Mean Elev.(m), Avg Gradient(m/km), RMS Gradient(m/km) - ASTER GDEM
#    0.320  -3.845  26.277 ;Mean Elev.(m), Avg Gradient(m/km), RMS Gradient(m/km) - GMTED2010 
  8 118.946415  32.178433     5.676     5.654  5 52493.57133410 23.266
  9 118.935914  32.177111     5.722     5.729  4 52528.57131514 22.046
 10 118.941928  32.178074     5.051     5.013  4 52563.57134956 18.915
 12 118.935188  32.176607     4.235     4.631  4 52633.57132111 23.633
 13 118.937509  32.176713     4.359     4.309  5 52668.57133567 22.423
 14 118.941305  32.178064     7.156     7.717  4 52703.57131597 23.881
 16 118.946782  32.178125     5.626     5.222  6 52773.57130904 28.079
 17 118.933487  32.176346     4.630     4.507  5 52808.57137700 24.682
 18 118.935691  32.177711     6.587     6.688  5 52843.57143458 26.370
 19 118.936041  32.177336     5.440     5.098  5 52878.57147260 29.303
 20 118.947236  32.179182     5.283     5.267  5 52913.57143065 21.951
 21 118.939213  32.177777     5.274     4.663  5 52948.57138874 24.116
 23 118.941695  32.177702     5.533     5.434  5 53018.57141278 22.197
 24 118.940321  32.177099     4.140     4.012  5 53053.57139562 22.777
 25 118.934019  32.176328     7.368     7.621  4 53088.57143258 18.464
 26 118.936758  32.177691     4.224     4.480  5 53123.57140310 25.342
 27 118.931443  32.176366     8.581     8.785  4 53158.57146131 20.723
 28 118.942792  32.178576     4.861     4.730  5 53193.57145569 23.559
 29 118.943899  32.178612     5.195     5.167  5 53228.57145046 21.636
 30 118.940367  32.177839     5.245     5.217  4 53263.57142270 21.922
 31 118.927975  32.176165     5.091     3.690  5 53298.57146421 27.389
 33 118.945031  32.178913     4.831     5.303  5 53368.57137767 20.413
 34 118.938180  32.176845     3.430     2.430  5 53403.57140793 22.946
 35 118.942678  32.178927     3.736     3.490  5 53438.57139648 21.514
 36 118.933351  32.176640     7.343     8.430  5 53473.57145397 21.871
 37 118.937641  32.176638     5.544     6.205  5 53508.57147752 22.755
 38 118.935932  32.176134     5.130     5.073  4 53543.57148910 22.690
 39 118.939557  32.178224     6.590     6.535  5 53578.57147141 19.680
 40 118.939614  32.178281     5.834     5.766  5 53613.57142472 27.017
 41 118.938853  32.177590     7.030     7.175  4 53648.57143042 21.749
 42 118.934477  32.177662     3.765     3.810  4 53683.57144510 23.802
 43 118.945167  32.178399     4.095     4.010  5 53718.57137194 21.296
 44 118.942616  32.178640     7.323     7.587  5 53753.57129361 23.056
 45 118.943953  32.178628     5.638     5.850  5 53788.57132361 22.205
 46 118.938178  32.177346     4.037     4.034  4 53823.57127881 21.745
 47 118.933820  32.177042     5.629     4.889  5 53858.57137149 22.441
 48 118.941235  32.177961     4.334     4.213  4 53893.57138694 20.688
 49 118.928651  32.177150     6.782     6.243  4 53928.57144454 22.675
 51 118.936055  32.177071     5.294     4.958  5 53998.57137551 22.099
 52 118.939904  32.178022     5.354     4.932  5 54033.57142334 20.191
 54 118.942184  32.177912     6.386     6.631  4 54103.57137468 18.059
 55 118.936992  32.176530     6.931     7.652  5 54138.57134696 23.738
 56 118.940576  32.178047    10.824    13.854  5 54173.57135308 18.638
 57 118.935685  32.177137     5.848     5.857  4 54208.57135285 19.277
 58 118.938898  32.177934     3.319     2.687  5 54243.57138487 23.536
 59 118.939080  32.176841     4.721     4.619  5 54278.57139744 24.139
 60 118.941386  32.176646     5.872     5.554  5 54313.57139721 25.780
 61 118.942110  32.179257     5.858     5.333  5 54348.57136842 28.380
 62 118.938171  32.178179     4.616     4.527  5 54383.57133533 25.583
 63 118.940675  32.178535     4.025     3.790  5 54418.57131762 21.993
 64 118.936465  32.176602     4.120     3.379  5 54453.57130550 25.168
 65 118.940970  32.179015     5.457     5.668  5 54488.57131634 21.561
 66 118.939272  32.177719     3.822     3.554  5 54523.57131862 23.677
 67 118.941111  32.177890     3.708     3.511  4 54558.57132583 22.539
 68 118.938372  32.177144     4.156     3.995  5 54593.57131502 22.757
 69 118.938904  32.178022     5.690     5.978  4 54628.57132977 20.807
 70 118.936589  32.177859     4.929     4.876  5 54663.57133694 22.014
 71 118.943478  32.177112     6.567     5.722  5 54698.57130986 23.652
 72 118.936585  32.177202     6.978     7.982  5 54733.57129452 23.231
 73 118.940667  32.177799     8.755     9.742  5 54768.57128937 20.434
 74 118.935741  32.176886     4.452     4.346  5 54803.57128803 22.104
 75 118.939745  32.177413     4.829     4.083  5 54838.57128322 24.688
 76 118.936830  32.177960     7.134     8.709  5 54873.57128788 25.094
 77 118.940726  32.177124     6.596     7.847  5 54908.57128959 22.422
 78 118.935674  32.177623     9.385     8.812  5 54943.57128090 21.703
 79 118.938372  32.176428     7.472     8.746  5 54978.57130790 21.524
 80 118.938914  32.178361     6.064     4.432  5 55013.57131355 23.574
 81 118.939708  32.177146     8.547     8.720  4 55048.57130648 20.518
 82 118.942982  32.177015     7.339     8.322  5 55083.57127593 21.726
 83 118.938365  32.177438     4.637     3.734  4 55118.57123805 23.103
 84 118.939519  32.177440     6.295     6.385  5 55153.57123446 22.937
 85 118.935878  32.177674     7.693     8.606  4 55188.57122700 20.152
 86 118.939436  32.178240     3.943     3.737  5 55223.57123397 26.352
 87 118.939346  32.177193     7.853     8.476  5 55258.57122239 24.049
 88 118.941234  32.179130     7.418     8.112  5 55293.57122138 25.826
 89 118.937053  32.176514     7.673     8.578  4 55328.57120592 19.774
 90 118.940641  32.178346     5.114     5.104  5 55363.57120086 27.950
 92 118.941472  32.176814     6.814     6.810  5 55433.57121666 22.287
 93 118.943959  32.179076     5.068     4.973  5 55468.57117352 25.850
