-130198.268   564.926     0.00   93.62
-129822.113   530.478   -91.59   87.82
-129445.976   507.913   -60.00   64.84
-129069.859   529.213    56.64   77.15
-128693.760   587.049   153.80   87.58
-128317.679   647.685   161.25   89.32
-127941.618   719.746   191.64  111.60
-127565.574   775.413   148.05  118.96
-127189.550   793.924    49.23  100.81
-126813.544   777.981   -42.41   77.77
-126437.557   776.413    -4.17   68.48
-126061.589   799.026    60.15   93.94
-125685.639   816.501    46.49   89.40
-125309.708   791.708   -65.96   93.59
-124933.795   746.549  -120.15   94.61
-124557.901   703.299  -115.07   56.69
-124182.026   695.299   -21.29   50.07
-123806.169   721.738    70.35   48.44
-123430.331   756.546    92.62   66.70
-123054.511   800.087   115.87   81.67
-122678.710   813.935    36.85   77.72
-122302.928   831.043    45.53   85.50
-121927.164   859.776    76.47   92.11
-121551.419   854.435   -14.22   83.52
-121175.692   849.017   -14.42   85.14
-120799.984   830.035   -50.53   97.15
-120424.294   817.889   -32.33   92.88
-120048.623   814.163    -9.92   90.40
-119672.971   800.346   -36.78   98.85
-119297.337   767.867   -86.47  104.58
-118921.722   705.946  -164.87   89.46
-118546.125   670.198   -95.19   76.16
-118170.547   641.195   -77.23   59.04
-117794.987   630.484   -28.52   43.70
-117419.446   618.768   -31.20   29.25
-117043.923   611.640   -18.98   31.49
-116668.419   608.746    -7.71   38.30
-116292.934   609.731     2.62   48.83
-115917.467   613.938    11.21   50.60
-115542.018   609.835   -10.93   52.73
-115166.588   610.087     0.67   51.35
-114791.176   578.231   -84.87   67.93
-114415.783   522.079  -149.60   95.76
-114040.409   450.656  -190.29   98.88
-113665.052   373.685  -205.08   74.94
-113289.715   331.088  -113.50   44.95
-112914.396   312.390   -49.82   44.14
-112539.095   296.482   -42.39   49.49
-112163.813   271.958   -65.36   42.82
-111788.549   247.322   -65.66   34.34
-111413.304   229.510   -47.47   22.58
-111038.077   228.663    -2.26   29.81
-110662.868   233.559    13.05   36.53
-110287.678   261.901    75.55   52.75
-109912.507   310.668   130.00   74.03
-109537.354   339.458    76.75   68.39
-109162.219   349.390    26.48   61.94
-108787.103   332.144   -45.98   63.39
-108412.005   286.049  -122.90   67.44
-108036.925   248.998   -98.79   42.15
-107661.864   241.724   -19.40   36.20
-107286.822   247.708    15.96   33.39
-106911.797   261.715    37.35   26.47
-106536.791   274.213    33.33   27.47
-106161.804   304.538    80.88   62.92
-105786.835   368.276   170.00  105.73
-105411.884   460.813   246.82  137.00
-105036.952   557.458   257.79  129.98
-104662.038   617.367   159.81   96.39
-104287.142   625.738    22.33   85.62
-103912.265   567.724  -154.77  111.92
-103537.406   480.963  -231.47  100.60
-103162.566   392.231  -236.74  107.71
-102787.744   312.963  -211.50   88.59
-102412.940   262.367  -135.00   71.42
-102038.154   217.322  -120.20   37.98
-101663.387   195.947   -57.04   22.97
-101288.638   181.724   -37.96   16.72
-100913.908   173.613   -21.65   10.31
-100539.196   167.026   -17.58    9.72
-100164.502   159.746   -19.43    9.37
 -99789.826   153.529   -16.59    8.79
 -99415.169   149.235   -11.46    8.36
 -99040.530   148.459    -2.07   10.24
 -98665.910   153.326    12.99   15.48
 -98291.307   163.681    27.65   18.74
 -97916.723   177.731    37.51   25.18
 -97542.158   202.552    66.27   38.90
 -97167.610   219.110    44.21   45.08
 -96793.081   254.594    94.75   66.05
 -96418.570   303.799   131.39   87.57
 -96044.077   345.521   111.42   99.57
 -95669.603   389.055   116.26   97.54
 -95295.147   393.701    12.41   80.92
 -94920.709   384.227   -25.31   72.98
 -94546.289   367.174   -45.55   67.23
 -94171.888   351.185   -42.71   48.97
 -93797.505   340.390   -28.84   45.19
 -93423.140   330.739   -25.78   51.54
 -93048.793   331.246     1.36   58.10
 -92674.465   337.594    16.96   66.75
 -92300.154   345.844    22.04   62.06
 -91925.862   332.299   -36.19   67.58
 -91551.588   299.822   -86.78   74.60
 -91177.333   252.506  -126.44   68.40
 -90803.095   233.500   -50.79   56.59
 -90428.876   211.698   -58.26   37.16
 -90054.675   204.594   -18.99   30.02
 -89680.492   214.890    27.52   40.01
 -89306.328   239.322    65.30   68.17
 -88932.181   273.640    91.73   78.28
 -88558.053   306.924    88.97   81.54
 -88183.943   293.282   -36.47   74.01
 -87809.851   272.698   -55.03   73.93
 -87435.777   250.724   -58.75   55.11
 -87061.721   277.208    70.81   79.47
 -86687.684   312.435    94.19   83.61
 -86313.665   373.776   164.02   97.33
 -85939.663   403.185    78.64   97.61
 -85565.680   421.146    48.03   99.62
 -85191.715   430.459    24.91   93.56
 -84817.769   438.901    22.58   76.83
 -84443.840   466.140    72.85   86.91
 -84069.929   531.799   175.61  116.57
 -83696.037   659.546   341.69  172.82
 -83322.163   757.981   263.30  145.57
 -82948.307   778.049    53.68  135.03
 -82574.468   732.436  -122.02  178.97
 -82200.648   625.235  -286.79  185.29
 -81826.847   504.481  -323.07  161.83
 -81453.063   429.208  -201.40  157.62
 -81079.297   361.208  -181.95  146.95
 -80705.549   300.208  -163.22  121.95
 -80331.820   251.844  -129.42   84.56
 -79958.108   213.157  -103.53   66.01
 -79584.415   194.324   -50.40   53.21
 -79210.739   202.049    20.68   59.08
 -78837.082   203.435     3.71   66.71
 -78463.443   199.481   -10.58   67.77
 -78089.822   180.163   -51.71   66.21
 -77716.219   143.640   -97.76   46.64
 -77342.633   124.808   -50.41   30.91
 -76967.320   113.101   -31.19   21.65
 -76590.120   103.753   -24.78   15.67
 -76212.940   102.049    -4.52   14.20
 -75835.777   100.435    -4.28   12.52
 -75458.633    98.163    -6.03   11.28
 -75081.507   102.663    11.93   14.20
 -74704.400   107.594    13.08   15.10
 -74327.311   120.799    35.02   26.64
 -73950.241   136.117    40.63   27.95
 -73573.188   163.459    72.52   33.02
 -73196.155   193.599    79.94   51.93
 -72819.139   234.804   109.30   82.77
 -72442.142   274.481   105.25   92.02
 -72065.163   320.435   121.91   84.04
 -71688.203   349.436    76.94   71.79
 -71311.261   351.282     4.90   63.36
 -70934.337   339.508   -31.24   73.92
 -70557.432   333.094   -17.02   78.52
 -70180.545   356.294    61.56   97.90
 -69803.676   392.901    97.14  106.19
 -69426.826   427.549    91.95  108.68
 -69049.994   426.583    -2.56  128.49
 -68673.180   365.282  -162.69  133.30
 -68296.384   303.094  -165.05  111.01
 -67919.607   268.994   -90.51   78.69
 -67542.848   270.208     3.22   73.69
 -67166.108   276.900    17.76   69.41
 -66789.386   297.026    53.43   69.47
 -66412.682   278.365   -49.54   62.01
 -66035.996   249.257   -77.28   61.16
 -65659.328   202.117  -125.16   68.06
 -65282.679   159.458  -113.27   56.32
 -64906.048   124.367   -93.18   40.12
 -64529.436   113.763   -28.16   36.23
 -64152.841   139.913    69.44   64.15
 -63776.265   198.994   156.90   97.63
 -63399.707   246.617   126.48  113.31
 -63023.168   294.731   127.79  117.63
 -62646.646   348.461   142.71  120.17
 -62270.143   405.299   150.97  116.77
 -61893.658   448.588   114.99   96.42
 -61517.191   478.367    79.11   76.35
 -61140.743   492.253    36.89   79.90
 -60764.313   495.250     7.96   99.80
 -60387.901   483.213   -31.98  101.04
 -60011.507   461.888   -56.66   89.93
 -59635.131   424.572   -99.15   89.39
 -59258.774   380.288  -117.67   72.04
 -58882.434   358.026   -59.16   62.15
 -58506.113   319.753  -101.71   64.95
 -58129.810   268.831  -135.33   73.32
 -57753.526   217.413  -136.66   68.60
 -57377.259   177.510  -106.05   42.52
 -57001.011   164.867   -33.60   38.52
 -56624.781   149.622   -40.52   45.55
 -56248.569   143.322   -16.75   58.15
 -55872.375   129.594   -36.49   54.62
 -55496.199   111.778   -47.36   41.99
 -55120.041    94.458   -46.05   29.14
 -54743.902    82.746   -31.14   25.19
 -54367.781    73.413   -24.82   19.17
 -53991.678    71.276    -5.68   13.67
 -53615.593    75.013     9.94   14.22
 -53239.526    84.146    24.29   16.29
 -52863.477    91.803    20.36   13.05
 -52487.446    93.013     3.22   12.05
 -52111.434    89.276    -9.94   14.70
 -51735.439    80.867   -22.37   14.57
 -51359.463    77.390    -9.25   14.16
 -50983.505    77.157    -0.62   16.78
 -50607.564    90.594    35.75   30.48
 -50231.642   133.627   114.48   71.72
 -49855.738   202.813   184.06  103.17
 -49479.852   293.344   240.86  112.67
 -49103.985   376.101   220.19   90.27
 -48728.135   435.003   156.72   81.71
 -48352.303   465.549    81.28   74.82
 -47976.490   478.481    34.41   65.04
 -47600.694   488.366    26.31   58.93
 -47224.916   508.835    54.47   80.01
 -46849.157   541.958    88.15  107.09
 -46473.416   592.168   133.63  100.74
 -46097.692   627.594    94.29   77.08
 -45721.987   615.208   -32.97   88.63
 -45346.300   547.049  -181.43  120.03
 -44970.630   444.481  -273.04  130.60
 -44594.979   363.594  -215.33   89.59
 -44219.346   372.526    23.78  117.96
 -43843.730   409.458    98.33  142.32
 -43468.133   451.435   111.77  119.55
 -43092.554   460.457    24.02   97.63
 -42716.993   468.435    21.24   96.40
 -42341.449   488.457    53.32  101.93
 -41965.924   500.622    32.40  100.06
 -41590.417   518.250    46.95   93.87
 -41214.928   500.981   -45.99  115.10
 -40839.456   463.413  -100.06  129.44
 -40464.003   443.253   -53.69  123.32
 -40088.568   436.822   -17.13   99.37
 -39713.150   481.813   119.85  123.28
 -39337.751   542.055   160.48  123.51
 -38962.369   581.867   106.06   87.11
 -38587.006   581.479    -1.03   91.92
 -38211.660   566.435   -40.08   90.47
 -37836.333   551.003   -41.12   82.28
 -37461.023   568.185    45.78   95.81
 -37085.731   615.390   125.79   99.83
 -36710.457   632.222    44.85   91.46
 -36335.201   640.344    21.65   80.45
 -35959.963   636.479   -10.30   89.89
 -35584.743   645.276    23.45   90.75
 -35209.541   656.617    30.23   86.46
 -34834.357   662.947    16.87   72.57
 -34459.190   660.835    -5.63   61.89
 -34084.042   621.841  -103.95   63.89
 -33708.911   590.049   -84.75   77.42
 -33333.798   544.568  -121.25   92.47
 -32958.704   496.435  -128.33  101.81
 -32583.627   440.366  -149.49  100.43
 -32208.568   411.460   -77.07   78.69
 -31833.526   400.746   -28.57   61.25
 -31458.503   394.984   -15.36   63.28
 -31083.498   357.344  -100.37   87.79
 -30708.510   310.594  -124.67   67.22
 -30333.540   283.529   -72.18   45.65
 -29958.588   246.981   -97.48   56.83
 -29583.654   213.222   -90.04   76.16
 -29208.738   146.981  -176.69   77.44
 -28833.840    89.436  -153.50   48.26
 -28458.959    71.299   -48.38   35.98
 -28084.096    67.878    -9.13   34.05
 -27709.251    75.296    19.79   35.27
 -27334.424    78.799     9.34   34.33
 -26959.615    63.788   -40.05   25.03
 -26584.823    46.679   -45.65   18.14
 -26210.050    34.994   -31.18   13.15
 -25835.294    28.017   -18.62    8.37
 -25460.556    23.603   -11.78    5.21
 -25085.835    22.079    -4.07    4.12
 -24711.133    22.844     2.04    5.95
 -24336.448    24.913     5.52    8.43
 -23961.781    27.701     7.44    9.63
 -23587.132    29.413     4.57    9.23
 -23212.500    30.134     1.92    8.43
 -22837.887    29.794    -0.91    8.54
 -22463.291    29.388    -1.08    7.81
 -22088.713    27.185    -5.88    7.23
 -21714.152    27.163    -0.06    7.02
 -21339.610    30.924    10.04   10.05
 -20965.085    32.867     5.19   10.91
 -20590.578    32.599    -0.72   10.60
 -20216.088    27.503   -13.61   10.24
 -19841.616    22.813   -12.53    8.06
 -19467.162    17.913   -13.09    7.72
 -19092.726    13.188   -12.62    4.28
 -18718.308    11.163    -5.41    3.18
 -18343.907    10.413    -2.00    2.15
 -17969.524    10.506     0.25    1.99
 -17595.158     9.958    -1.46    2.08
 -17220.810     9.263    -1.86    2.23
 -16846.480     8.617    -1.72    2.17
 -16472.168     8.198    -1.12    2.31
 -16097.873     9.599     3.74    3.97
 -15723.596    10.413     2.17    4.33
 -15349.337    11.064     1.74    4.33
 -14975.095    11.163     0.26    4.12
 -14600.871    10.925    -0.64    4.13
 -14226.665    10.185    -1.98    4.18
 -13852.476     8.579    -4.29    3.48
 -13478.305     7.617    -2.57    3.49
 -13104.152     6.981    -1.70    3.52
 -12730.016     6.134    -2.26    3.77
 -12355.898     5.231    -2.41    3.90
 -11981.798     5.315     0.23    4.59
 -11607.715     4.208    -2.96    4.40
 -11233.650     4.365     0.42    4.93
 -10859.602     3.640    -1.94    4.53
 -10485.572     2.413    -3.28    2.92
 -10111.560     2.087    -0.87    2.16
  -9737.565     3.185     2.94    3.09
  -9363.588     4.925     4.65    4.42
  -8989.629     6.253     3.55    3.86
  -8615.687     7.484     3.29    3.88
  -8241.763     8.072     1.57    4.93
  -7867.856     8.776     1.88    5.53
  -7493.967     8.854     0.21    5.75
  -7120.095     7.344    -4.04    3.98
  -6746.241     6.437    -2.43    3.12
  -6372.405     5.753    -1.83    2.58
  -5998.586     4.889    -2.31    2.34
  -5624.785     4.276    -1.64    2.27
  -5251.001     3.481    -2.13    1.92
  -4877.235     3.120    -0.97    1.57
  -4503.486     3.253     0.36    1.22
  -4129.755     3.437     0.49    0.99
  -3756.041     3.640     0.54    1.01
  -3382.345     4.294     1.75    1.63
  -3008.667     5.185     2.39    1.90
  -2635.006     5.935     2.01    1.86
  -2261.363     6.388     1.21    1.85
  -1885.563     6.981     1.58    1.35
  -1508.411     7.113     0.35    1.42
  -1131.277     5.324    -4.74    3.87
   -754.161     2.994    -6.18    4.20
   -377.062     1.117    -4.98    3.47
      0.018    -0.587    -4.52    0.00
    377.081    -0.587     0.00    0.00
    754.126     1.435     5.36    6.51
   1131.153     4.974     9.38    9.15
   1508.162     8.731     9.97    9.35
   1885.154    13.213    11.89    8.15
   2262.127    14.947     4.60    6.10
   2639.083    14.094    -2.26    5.50
   3016.021    14.386     0.77    5.12
   3392.941    12.367    -5.36    5.30
   3769.843     9.320    -8.09    6.27
   4146.728     5.981    -8.86    5.67
   4523.594     3.549    -6.45    4.45
   4900.443     2.656    -2.37    3.31
   5277.274     5.072     6.41    5.73
   5654.088     8.310     8.59    6.14
   6030.883     9.163     2.26    5.85
   6407.661     8.163    -2.65    6.25
   6784.421     5.947    -5.88    4.88
   7161.163     7.344     3.71    6.37
   7537.888    10.088     7.28    6.81
   7914.594    12.844     7.32    6.41
   8291.283    15.692     7.56    6.01
   8667.955    15.822     0.35    6.40
   9044.608    13.708    -5.61    6.52
   9421.244    10.746    -7.86    6.53
   9797.862     6.594   -11.02    5.46
  10174.462     5.463    -3.01    7.33
  10551.045    26.413    55.63   46.24
  10927.609    70.924   118.20   75.48
  11304.156   111.253   107.10   83.08
  11680.686   137.013    68.41   74.09
  12057.197   125.938   -29.41   78.54
  12433.691    92.776   -88.08   59.38
  12810.168    68.157   -65.39   37.47
  13186.626    53.698   -38.41   27.92
  13563.067    39.867   -36.74   22.79
  13939.490    33.770   -16.20   12.33
  14315.896    45.168    30.28   27.80
  14692.283    68.341    61.57   38.58
  15068.654    91.622    61.86   39.91
  15445.006   110.320    49.68   43.76
  15821.341   119.413    24.16   56.88
  16197.658   117.785    -4.33   58.52
  16573.957   102.889   -39.58   53.90
  16950.239    89.324   -36.05   40.95
  17326.503    83.117   -16.49   39.64
  17702.750    95.503    32.92   50.80
  18078.979   107.296    31.34   51.41
  18455.190   116.831    25.34   47.40
  18831.384   117.072     0.64   47.88
  19207.560    89.273   -73.90   38.40
  19583.718    68.968   -53.98   32.83
  19959.859    56.981   -31.87   20.81
  20335.982    58.279     3.45   23.72
  20712.087    62.622    11.55   29.29
  21088.175    62.127    -1.32   30.16
  21464.246    52.831   -24.72   29.56
  21840.298    44.552   -22.02   27.96
  22216.334    34.344   -27.15   13.46
  22592.351    29.072   -14.02    9.41
  22968.351    27.546    -4.06    9.14
  23344.333    25.458    -5.55    8.82
  23720.298    22.146    -8.81    8.64
  24096.245    19.844    -6.12    7.86
  24472.175    16.503    -8.89    6.77
  24848.087    13.458    -8.10    2.28
  25223.982    15.253     4.78    7.50
  25599.859    25.663    27.69   27.94
  25975.718    48.072    59.62   49.79
  26351.560    58.867    28.72   46.80
  26727.385    58.367    -1.33   40.56
  27103.191    50.617   -20.62   35.21
  27478.981    38.822   -31.39   20.18
  27854.752    30.738   -21.51   14.03
  28230.507    25.663   -13.51   10.59
  28606.243    22.435    -8.59    9.71
  28981.963    20.685    -4.66    9.28
  29357.664    29.552    23.60   31.08
  29733.349    45.617    42.76   47.54
  30109.015    85.529   106.24   72.69
  30484.665   139.947   144.86   98.64
  30860.296   187.013   125.29  103.53
  31235.911   235.366   128.73   95.53
  31611.507   287.568   138.98   96.88
  31987.087   313.413    68.81   84.45
  32362.648   290.436   -61.18   87.82
  32738.193   246.645  -116.60  101.55
  33113.720   179.227  -179.53   75.69
  33489.229   143.867   -94.16   37.64
  33864.721   141.458    -6.42   36.98
  34240.195   137.913    -9.44   44.86
  34615.652   130.674   -19.28   55.18
  34991.092   110.935   -52.57   51.08
  35366.514    92.072   -50.24   34.67
  35741.919    92.208     0.36   27.41
  36117.306   111.367    51.04   36.13
  36492.676   153.250   111.57   65.70
  36868.028   206.390   141.57   96.39
  37243.363   280.198   196.64  105.54
  37618.681   347.971   180.57   90.00
  37993.981   375.146    72.41   77.18
  38369.264   364.947   -27.17   93.33
  38744.529   339.344   -68.22  110.73
  39119.777   310.599   -76.60  106.60
  39495.008   270.549  -106.73   92.47
  39870.221   215.532  -146.62   54.79
  40245.417   185.572   -79.85   43.90
  40620.596   170.599   -39.91   41.38
  40995.757   157.343   -35.33   30.09
  41370.900   152.799   -12.11   25.25
  41746.027   148.841   -10.55   21.04
  42121.136   141.799   -18.77   19.71
  42496.227   135.185   -17.63   20.40
  42871.301   131.296   -10.37   17.09
  43246.358   126.110   -13.83   18.32
  43621.398   119.117   -18.65   19.83
  43996.420   112.435   -17.82   17.87
  44371.425   106.827   -14.95   16.41
  44746.413   103.685    -8.38   14.17
  45121.383    97.790   -15.72   13.07
  45496.336    93.389   -11.74   14.30
  45871.271    88.087   -14.14   12.27
  46246.190    80.622   -19.91   10.48
  46621.091    75.257   -14.31    9.69
  46995.974    73.960    -3.46   10.84
  47370.841    71.854    -5.62    9.55
  47745.690    70.968    -2.36    9.46
  48120.521    70.552    -1.11    8.93
  48495.336    72.322     4.72    7.91
  48870.133    72.343     0.06    8.07
  49244.913    71.324    -2.72    8.79
  49619.676    71.532     0.55    8.47
  49994.421    70.413    -2.99    8.81
  50369.149    67.844    -6.85    9.69
  50743.860    64.901    -7.85    9.57
  51118.553    60.481   -11.80    8.86
  51493.230    57.651    -7.55    9.86
  51867.889    61.253     9.62   14.40
  52242.531    67.246    15.99   17.69
  52617.155    76.708    25.26   21.69
  52991.762    90.087    35.71   29.08
  53366.353   102.250    32.47   34.02
  53740.925   103.026     2.07   35.76
  54115.481   101.365    -4.44   36.49
  54490.019    82.049   -51.57   33.10
  54864.541    63.035   -50.77   25.23
  55239.045    51.901   -29.73   18.63
  55613.531    49.994    -5.09   22.07
  55988.001    44.064   -15.84   17.12
  56362.453    44.890     2.21   16.89
  56736.889    51.535    17.74   17.98
  57111.307    58.481    18.55   16.75
  57485.707    61.501     8.07   15.29
  57860.091    58.901    -6.95   14.59
  58234.457    54.731   -11.14   11.51
  58608.807    56.971     5.98   12.40
  58983.139    65.094    21.70   13.07
  59357.454    75.794    28.58   19.28
  59731.751   100.157    65.09   41.26
  60106.032   136.435    96.92   62.93
  60480.295   156.738    54.24   61.04
  60854.542   173.813    45.62   55.04
  61228.771   173.482    -0.88   47.59
  61602.983   161.208   -32.80   37.72
  61977.178   151.198   -26.75   35.83
  62351.355   136.208   -40.06   38.38
  62725.516   111.546   -65.91   30.85
  63099.660    99.994   -30.87   29.90
  63473.786   101.257     3.38   31.34
  63847.895   105.040    10.11   28.82
  64221.987   107.599     6.84   26.05
  64596.062   103.603   -10.68   25.41
  64970.120   100.971    -7.04   22.29
  65344.161    94.526   -17.23   21.02
  65718.185    90.526   -10.69   23.13
  66092.192    86.503   -10.76   25.01
  66466.181    75.040   -30.65   22.69
  66840.154    61.273   -36.81   18.00
  67214.109    51.549   -26.00   11.09
  67588.047    46.663   -13.07    4.73
  67961.969    46.890     0.61    5.35
  68335.873    57.390    28.08   26.71
  68709.760    82.458    67.04   53.28
  69083.630   112.924    81.48   63.33
  69457.483   138.273    67.80   58.42
  69831.319   148.322    26.88   61.19
  70205.138   159.435    29.73   68.74
  70578.940   165.599    16.49   76.50
  70952.725   176.890    30.21   75.74
  71326.492   186.253    25.05   81.11
  71700.243   178.413   -20.98   80.27
  72073.977   169.064   -25.01   80.49
  72447.694   137.459   -84.56   77.75
  72821.394   111.163   -70.36   68.96
  73197.676    82.436   -76.34   50.55
  73574.783    63.459   -50.32   42.31
  73951.873    51.227   -32.44   26.09
  74328.946    47.622    -9.56   24.69
  74706.001    74.971    72.53   50.42
  75083.039   114.231   104.12   74.25
  75460.060   184.890   187.40  106.86
  75837.063   252.458   179.21  110.96
  76214.049   295.087   113.07   83.22
  76591.018   295.459     0.99   86.54
  76967.969   263.594   -84.53   90.51
  77344.903   255.140   -22.43   64.54
  77721.820   269.708    38.65   60.18
  78098.720   307.134    99.29   60.02
  78475.602   355.227   127.60   76.55
  78852.467   403.960   129.30   80.27
  79229.315   454.276   133.51   77.21
  79606.145   515.146   161.52   94.32
  79982.958   600.110   225.47  118.38
  80359.754   679.617   210.99  128.76
  80736.533   761.341   216.89  113.08
  81113.294   826.799   173.73   85.96
  81490.038   864.185    99.23   53.39
  81866.765   870.552    16.90   41.40
  82243.475   832.174  -101.87   70.68
  82620.167   790.134  -111.60   87.77
  82996.842   739.413  -134.64  103.87
  83373.500   704.055   -93.86  109.74
  83750.141   668.549   -94.26  106.81
  84126.764   610.343  -154.54  110.19
  84503.371   560.651  -131.94  108.88
  84879.960   463.366  -258.31  125.26
  85256.532   383.555  -211.92  125.55
  85633.086   307.857  -201.01   94.28
  86009.624   266.692  -109.32   83.81
  86386.144   238.958   -73.65   79.60
  86762.647   222.746   -43.06   68.29
  87139.133   211.925   -28.74   53.25
  87515.601   220.049    21.58   69.22
  87892.053   220.364     0.84   71.28
  88268.487   210.532   -26.12   58.63
  88644.904   210.231    -0.80   53.06
  89021.304   200.778   -25.11   48.40
  89397.687   216.367    41.41   65.29
  89774.053   250.169    89.80  107.87
  90150.401   332.617   219.06  140.87
  90526.733   372.854   106.91  128.79
  90903.047   370.878    -5.25  128.20
  91279.344   326.151  -118.85  128.68
  91655.624   281.618  -118.34  103.24
  92031.887   269.935   -31.05   98.86
  92408.133   265.113   -12.82  104.86
  92784.361   261.785    -8.84   98.59
  93160.573   279.867    48.06   94.01
  93536.767   336.110   149.49  115.32
  93912.944   417.390   216.05  122.27
  94289.104   470.763   141.88   79.27
  94665.247   446.367   -64.85  103.18
  95041.373   360.651  -227.87  115.98
  95417.482   292.481  -181.24   88.35
  95793.574   241.698  -135.02   59.64
  96169.648   215.695   -69.14   56.20
  96545.706   212.617    -8.18   52.35
  96921.746   206.813   -15.43   46.98
  97297.770   183.057   -63.17   49.16
  97673.776   181.785    -3.38   49.56
  98049.765   199.971    48.36   73.22
  98425.738   246.753   124.42   87.35
  98801.693   287.772   109.09   77.56
  99177.631   308.435    54.96   80.94
  99553.552   297.294   -29.64   98.37
  99929.456   260.708   -97.32  107.59
 100305.343   216.276  -118.19  106.42
 100681.213   167.705  -129.21   83.64
 101057.066   129.367  -101.99   50.70
 101432.902   108.176   -56.38   34.66
 101808.721   101.958   -16.54   33.33
 102184.522   100.947    -2.69   36.23
 102560.307   107.367    17.08   51.84
 102936.075   134.715    72.77   68.22
 103311.826   149.746    40.00   67.00
 103687.560   136.799   -34.45   68.30
 104063.277   118.096   -49.78   68.43
 104438.976    80.526   -99.99   41.81
 104814.659    60.854   -52.36   22.26
 105190.325    58.506    -6.25   16.08
 105565.974    69.208    28.49   28.24
 105941.606    83.413    37.81   28.07
 106317.221    92.276    23.60   30.96
 106692.819    91.227    -2.79   31.51
 107068.400    92.094     2.31   35.16
 107443.964   116.549    65.11   61.24
 107819.511   139.413    60.88   65.37
 108195.041   157.094    47.08   51.69
 108570.554   163.848    17.98   50.56
 108946.050   150.344   -35.96   49.43
 109321.530   131.575   -49.98   52.19
 109696.992   115.026   -44.07   53.32
 110072.437    84.890   -80.26   33.59
 110447.866    66.336   -49.42   16.44
 110823.278    61.413   -13.11    9.50
 111198.672    67.339    15.79   18.28
 111574.050    81.110    36.68   27.03
 111949.411    88.134    18.71   26.93
 112324.755    85.603    -6.74   24.37
 112700.082    81.753   -10.26   20.08
 113075.392    77.597   -11.07   17.80
 113450.685    76.503    -2.91   19.75
 113825.961    78.924     6.45   21.08
 114201.221    77.026    -5.06   20.00
 114576.464    74.072    -7.87   19.63
 114951.689    72.028    -5.45   13.51
 115326.898    71.935    -0.25   15.07
 115702.090    70.688    -3.33   12.99
 116077.265    71.572     2.36   11.34
 116452.423    68.645    -7.80   13.06
 116827.565    62.481   -16.43   14.24
 117202.689    54.185   -22.11   14.99
 117577.797    46.438   -20.65   10.80
 117952.888    40.981   -14.55    3.94
 118327.962    40.047    -2.49    1.93
 118703.019    40.040    -0.02    1.84
 119078.059    40.296     0.68    1.88
 119453.083    41.389     2.91    2.13
 119828.090    42.822     3.82    3.08
 120203.080    44.781     5.22    4.03
 120578.053    47.322     6.77    4.49
 120953.009    50.529     8.55    4.78
 121327.948    53.299     7.39    3.85
 121702.871    53.459     0.43    3.99
 122077.777    52.413    -2.79    4.62
 122452.666    48.776    -9.70    5.76
 122827.538    45.288    -9.31    4.79
 123202.394    43.253    -5.43    4.86
 123577.232    42.645    -1.62    5.19
 123952.054    42.715     0.19    5.57
 124326.859    41.366    -3.60    5.30
 124701.648    40.002    -3.64    5.13
 125076.419    40.185     0.49    4.88
 125451.174    41.288     2.94    5.60
 125825.912    43.203     5.11    5.93
 126200.634    44.958     4.68    5.72
 126575.338    43.889    -2.85    5.68
 126950.026    43.367    -1.39    5.86
 127324.697    43.888     1.39    6.44
 127699.352    47.276     9.04    6.42
 128073.989    49.913     7.04    5.94
 128448.610    51.296     3.69    7.17
 128823.215    50.460    -2.23    7.22
 129197.802    48.754    -4.55    6.67
 129572.373    49.185     1.15    6.45
 129946.927    48.638    -1.46    6.55
 130321.464    48.117    -1.39    7.46
 130695.985    45.413    -7.22    8.31
 131070.489    41.715    -9.87    8.60
 131444.976    37.746   -10.60    7.44
 131819.447    34.788    -7.90    3.92
 132193.900    34.231    -1.49    1.77
 132568.338    34.588     0.95    1.68
 132942.758    34.971     1.02    2.10
 133317.162    37.413     6.52    5.44
 133691.549    42.270    12.97    7.80
 134065.920    47.366    13.61    7.08
 134440.274    50.320     7.89    5.57
 134814.611    51.822     4.01    4.75
 135188.931    53.461     4.38    5.06
 135563.235    55.901     6.52    5.30
 135937.522    58.040     5.72    5.16
 136311.793    57.794    -0.66    5.13
 136686.047    55.924    -4.99    5.97
 137060.284    52.270    -9.76    6.95
 137434.505    50.163    -5.63    6.88
 137808.709    49.651    -1.37    7.03
 138182.897    48.203    -3.87    6.77
 138557.067    48.436     0.62    7.42
 138931.222    48.250    -0.50    7.27
 139305.359    45.458    -7.46    6.44
 139679.480    43.484    -5.28    5.39
 140053.585    42.617    -2.32    4.54
 140427.672    42.110    -1.35    4.01
 140801.744    41.668    -1.18    3.08
 141175.798    42.503     2.23    3.92
 141549.836    44.185     4.50    5.62
 141923.858    47.831     9.75    8.87
 142297.863    50.674     7.60    9.37
 142671.851    53.753     8.23    9.17
 143045.823    57.140     9.05   10.10
 143419.778    61.072    10.51    9.59
 143793.717    62.575     4.02    6.78
 144167.639    62.343    -0.62    6.64
 144541.544    62.506     0.44    6.31
 144915.433    62.436    -0.19    5.71
 145289.306    64.193     4.70    6.31
 145663.161    67.367     8.49    6.07
 146037.001    74.552    19.22   17.99
 146410.824    95.692    56.54   45.54
 146784.630   130.250    92.44   63.50
 147158.420   154.575    65.07   62.86
 147532.193   163.320    23.39   57.64
 147905.950   134.317   -77.59   62.30
 148282.709    99.064   -93.56   48.54
 148659.773    78.322   -55.00   29.51
 149036.820    67.299   -29.23    9.84
 149413.851    63.180   -10.92    6.97
 149790.865    59.692    -9.25    6.67
 150167.862    56.436    -8.64    5.73
 150544.842    54.738    -4.50    6.40
 150921.806    54.203    -1.42    6.57
 151298.753    55.947     4.63    7.01
 151675.683    62.040    16.16   13.00
 152052.596    67.971    15.73   14.51
 152429.492    74.180    16.47   14.17
 152806.372    78.094    10.38   13.11
 153183.234    73.640   -11.82   12.78
 153560.080    68.958   -12.42   10.78
 153936.910    64.599   -11.57    8.76
 154313.722    60.365   -11.23    8.87
 154690.518    55.958   -11.69    8.09
 155067.297    50.599   -14.22    6.59
 155444.059    46.575   -10.68    5.32
 155820.805    44.157    -6.42    4.83
 156197.533    44.865     1.88    6.03
 156574.245    48.127     8.66    7.25
 156950.941    50.157     5.39    6.59
 157327.619    51.572     3.76    5.91
 157704.281    53.094     4.04    5.02
 158080.926    53.663     1.51    5.28
 158457.555    55.413     4.65    4.69
 158834.166    54.299    -2.96    5.22
 159210.761    52.935    -3.62    5.76
 159587.340    52.296    -1.70    5.69
 159963.901    52.208    -0.23    6.14
 160340.446    53.436     3.26    5.70
 160716.974    54.603     3.10    6.29
 161093.486    52.651    -5.18    7.09
 161469.981    49.645    -7.98    7.51
 161846.459    47.844    -4.78    7.61
 162222.920    44.458    -8.99    5.87
 162599.365    42.134    -6.17    5.68
 162975.793    40.746    -3.69    6.54
 163352.205    39.459    -3.42    6.20
 163728.600    38.344    -2.96    6.68
 164104.978    37.413    -2.48    6.48
 164481.339    35.799    -4.29    6.70
 164857.684    34.622    -3.13    6.57
 165234.012    33.878    -1.98    6.72
 165610.324    33.079    -2.12    7.26
 165986.619    32.668    -1.09    7.16
 166362.897    32.296    -0.99    7.38
 166739.159    30.459    -4.88    7.19
 167115.404    28.157    -6.12    5.95
 167491.633    26.388    -4.70    4.56
 167867.844    24.413    -5.25    3.24
 168244.040    23.481    -2.48    2.22
 168620.218    23.841     0.96    2.79
 168996.380    25.435     4.24    4.78
 169372.526    26.715     3.40    5.11
 169748.655    27.040     0.87    4.74
 170124.767    26.127    -2.43    4.42
 170500.863    24.040    -5.55    2.50
 170876.942    23.110    -2.47    1.83
 171253.004    22.529    -1.55    1.65
 171629.050    22.413    -0.31    1.29
 172005.080    22.389    -0.06    1.35
 172381.093    22.276    -0.30    1.29
 172757.089    22.253    -0.06    1.48
 173133.069    21.698    -1.48    1.95
 173509.032    21.685    -0.03    2.26
 173884.978    21.436    -0.66    2.68
 174260.908    21.482     0.12    2.73
 174636.822    21.413    -0.19    2.92
 175012.719    21.622     0.56    2.91
 175388.600    22.087     1.24    2.93
 175764.463    22.389     0.80    3.04
 176140.311    23.110     1.92    3.41
 176516.142    23.436     0.87    3.54
 176891.956    23.549     0.30    3.54
 177267.754    24.501     2.53    5.23
 177643.535    26.341     4.89    7.65
 178019.300    30.413    10.83    9.45
 178395.049    35.668    13.99    9.81
 178770.781    42.365    17.82    8.78
 179146.496    46.508    11.02    8.75
 179522.195    47.645     3.03    7.73
 179897.877    44.831    -7.49    6.01
 180273.543    39.994   -12.87    6.33
 180649.193    38.157    -4.89    7.45
 181024.826    37.151    -2.68    7.12
 181400.442    39.026     4.99    7.10
 181776.042    40.506     3.94    4.98
 182151.626    39.203    -3.47    3.75
 182527.193    40.276     2.86    3.78
 182902.744    44.203    10.46    9.75
 183278.278    46.889     7.15    9.87
 183653.796    48.413     4.06    9.13
 184029.297    45.692    -7.24    9.55
 184404.782    43.594    -5.58   10.35
 184780.251    43.971     1.00   10.34
 185155.703    47.413     9.17   14.39
 185531.139    49.343     5.14   15.54
 185906.558    49.134    -0.56   15.94
 186281.961    49.134     0.00   19.27
 186657.347    44.506   -12.33   21.57
 187032.717    42.296    -5.88   22.62
 187408.071    40.299    -5.32   21.94
 187783.408    32.831   -19.89    3.81
 188158.729    30.994    -4.89    2.50
 188534.033    31.315     0.86    3.29
 188909.321    31.301    -0.04    3.85
 189284.593    31.761     1.23    3.97
 189659.848    33.890     5.67    4.72
 190035.087    35.854     5.23    5.13
 190410.310    39.458     9.60    8.18
 190785.516    47.785    22.19   13.32
 191160.706    55.366    20.20   15.91
 191535.879    57.668     6.14   16.48
 191911.037    54.731    -7.83   17.88
 192286.177    44.253   -27.92   13.76
 192661.302    36.761   -19.97    6.45
 193036.410    32.459   -11.47    5.53
 193411.502    28.436   -10.72    5.23
 193786.577    25.459    -7.94    3.94
 194161.636    26.273     2.17    5.51
 194536.679    29.134     7.63    8.20
 194911.705    33.134    10.66   10.98
 195286.715    39.731    17.59   15.08
 195661.709    44.960    13.94   14.59
 196036.687    48.532     9.52   14.94
 196411.648    53.163    12.35   19.07
 196786.593    53.799     1.70   22.39
 197161.521    52.685    -2.97   23.21
 197536.434    48.250   -11.83   19.09
 197911.330    41.960   -16.77   11.85
 198286.210    39.808    -5.74    7.18
 198661.073    37.250    -6.82    4.54
 199035.920    35.250    -5.33    4.52
 199410.751    32.506    -7.32    4.67
 199785.566    30.776    -4.61    4.58
 200160.364    33.722     7.86   12.43
 200535.146    36.889     8.45   15.53
 200909.912    43.040    16.41   17.30
 201284.662    50.924    21.03   24.60
 201659.395    55.936    13.37   26.66
 202034.112    57.994     5.49   27.64
 202408.813    58.924     2.48   28.21
 202783.498    50.572   -22.29   12.84
 203158.166    47.246    -8.88    7.76
 203532.818    49.040     4.79    9.48
 203907.454    49.579     1.44   10.63
 204282.074    52.389     7.50   12.33
 204656.677    59.555    19.13   14.75
 205031.265    65.936    17.03   16.81
 205405.836    70.947    13.38   14.64
 205780.391    75.266    11.53   12.59
 206154.929    72.157    -8.30   12.69
 206529.452    67.852   -11.49   11.22
 206903.958    62.799   -13.49    9.00
 207278.448    59.317    -9.30    4.53
 207652.922    60.013     1.86    4.45
 208027.380    59.549    -1.24    4.55
 208401.821    57.772    -4.75    5.29
 208776.247    55.296    -6.61    5.21
 209150.656    52.017    -8.76    4.83
 209525.049    49.645    -6.33    4.58
 209899.426    47.087    -6.83    4.32
 210273.786    46.113    -2.60    4.36
 210648.131    44.890    -3.27    4.11
 211022.459    44.207    -1.82    4.32
 211396.772    44.668     1.23    5.39
 211771.068    44.506    -0.43    5.60
 212145.348    43.878    -1.68    5.81
 212519.612    43.731    -0.39    5.48
 212893.859    43.518    -0.57    5.30
 213268.091    42.776    -1.98    4.91
 213642.306    41.413    -3.64    5.16
 214016.506    40.617    -2.13    5.11
 214390.689    40.389    -0.61    5.24
 214764.856    41.688     3.47    5.51
 215139.007    43.276     4.25    4.50
 215513.142    43.541     0.71    4.62
 215887.261    42.617    -2.47    4.77
 216261.364    42.366    -0.67    4.29
 216635.450    42.572     0.55    3.89
 217009.521    42.017    -1.48    4.34
 217383.575    40.669    -3.60    4.56
 217757.614    38.663    -5.36    5.27
 218131.636    35.363    -8.82    5.97
 218505.642    31.552   -10.19    5.61
 218879.632    29.017    -6.78    4.13
 219253.606    27.622    -3.73    2.17
 219627.564    26.935    -1.84    1.42
 220001.506    27.541     1.62    2.66
 220375.432    30.890     8.95    7.17
 220749.342    34.460     9.55    8.79
 221123.236    39.668    13.93    9.20
 221497.114    43.947    11.44    7.62
 221870.976    46.144     5.87    6.64
 222244.821    45.708    -1.17    6.82
 222618.651    44.535    -3.14    6.72
 222992.656    43.622    -2.44    5.92
 223369.688    42.668    -2.53    6.17
 223746.704    40.460    -5.86    6.56
 224123.704    36.889    -9.47    8.07
 224500.687    31.720   -13.71    6.32
 224877.655    30.526    -3.17    5.08
 225254.606    32.266     4.62    5.84
 225631.540    32.203    -0.17    6.36
 226008.459    31.341    -2.29    6.67
 226385.361    29.217    -5.63    5.49
 226762.246    27.049    -5.75    2.40
 227139.116    27.163     0.30    1.30
 227515.969    27.026    -0.36    1.30
 227892.806    27.040     0.04    1.33
 228269.627    26.960    -0.21    1.25
 228646.431    26.913    -0.13    1.02
 229023.219    27.541     1.67    1.45
 229399.991    27.981     1.17    1.40
 229776.747    28.341     0.96    1.39
 230153.486    28.250    -0.24    1.29
 230530.210    28.413     0.43    1.31
 230906.917    31.263     7.56    6.60
 231283.607    36.026    12.64    8.92
 231660.282    40.113    10.85    8.33
 232036.940    42.936     7.50    7.09
 232413.582    44.738     4.78    7.89
 232790.208    45.632     2.37    8.05
 233166.818    49.322     9.79    8.88
 233543.411    53.638    11.46   10.24
 233919.988    60.503    18.23   10.80
 234296.549    65.110    12.23    8.95
 234673.094    64.831    -0.74    7.64
 235049.623    65.317     1.29    7.20
 235426.135    65.438     0.32    5.84
 235802.631    64.890    -1.46    5.72
 236179.111    65.263     0.99    5.86
 236555.575    64.222    -2.76    4.93
 236932.023    63.854    -0.98    4.45
 237308.454    63.925     0.19    3.53
 237684.870    67.140     8.54    6.12
 238061.269    69.838     7.17    6.34
 238437.652    74.227    11.66    8.33
 238814.019    80.413    16.43    9.85
 239190.370    84.674    11.32   11.01
 239566.704    90.674    15.94   11.77
 239943.023   100.695    26.62   14.21
 240319.325   108.844    21.65   13.51
 240695.611   113.698    12.90   10.38
 241071.881   112.180    -4.03   11.52
 241448.135   106.770   -14.38   14.38
 241824.373    99.681   -18.84   16.45
 242200.595    93.117   -17.44   16.02
 242576.800    89.663    -9.18   16.08
 242952.990    85.575   -10.86   14.52
 243329.163    82.413    -8.41   14.82
 243705.321    77.984   -11.77   11.01
 244081.462    73.599   -11.66   10.21
 244457.587    70.613    -7.94    9.01
 244833.696    72.776     5.75   15.66
 245209.789    75.246     6.57   21.27
 245585.866    75.343     0.26   24.35
 245961.926    76.008     1.77   24.99
 246337.971    69.242   -17.99   19.89
 246714.000    63.776   -14.53   13.04
 247090.012    62.863    -2.43   13.18
 247466.009    58.110   -12.64   11.52
 247841.989    54.947    -8.41   12.02
 248217.953    58.291     8.89   18.36
 248593.902    58.599     0.82   18.30
 248969.834    60.632     5.41   17.77
 249345.750    61.079     1.19   11.23
 249721.650    58.559    -6.70    6.13
 250097.534    57.413    -3.05    6.05
 250473.403    56.651    -2.03    7.05
 250849.255    55.484    -3.10    7.61
 251225.091    53.785    -4.52    7.91
 251600.911    50.486    -8.78    7.12
 251976.715    47.971    -6.69    6.86
 252352.503    48.738     2.04    7.74
 252728.275    49.770     2.74    8.45
 253104.031    52.134     6.29    9.54
 253479.771    52.854     1.92   10.08
 253855.495    52.180    -1.79    8.83
 254231.203    52.317     0.37    8.83
 254606.895    54.413     5.58    8.86
 254982.571    59.555    13.69    8.56
 255358.231    62.087     6.74    7.44
 255733.875    67.482    14.36   10.16
 256109.503    71.889    11.73   12.49
 256485.116    74.320     6.47   14.29
 256860.712    74.322     0.01   14.43
 257236.292    74.936     1.64   13.67
 257611.856    77.320     6.34   13.69
 257987.405    77.180    -0.37   12.42
 258362.937    77.555     1.00   10.16
 258738.453    78.746     3.17    9.53
 259113.954    82.017     8.71   10.31
 259489.438    86.208    11.16    9.21
 259864.907    91.040    12.87   15.58
 260240.360    90.958    -0.22   15.86
 260615.797    92.222     3.37   16.38
 260991.217    88.103   -10.97   18.68
 261366.622    78.481   -25.63   11.62
 261742.011    73.831   -12.38   10.31
 262117.385    68.250   -14.87    7.32
 262492.742    66.250    -5.33    7.14
 262868.083    68.389     5.70   12.53
 263243.408    68.889     1.33   14.63
 263618.718    63.270   -14.97   15.40
 263994.012    58.413   -12.94   14.07
 264369.289    57.003    -3.75   12.35
 264744.551    58.320     3.51   15.16
 265119.797    70.552    32.59   25.63
 265495.027    83.808    35.32   25.58
 265870.241    92.103    22.10   22.79
 266245.440    94.365     6.03   21.13
 266620.622    84.599   -26.03   17.35
 266995.789    80.320   -11.40   14.08
 267370.940    78.151    -5.78   11.33
 267746.075    80.555     6.41   14.95
 268121.194    85.994    14.49   13.74
 268496.297    90.603    12.28   14.70
 268871.384    94.506    10.40   16.48
 269246.456    89.599   -13.08   18.09
 269621.512    83.459   -16.37   18.98
 269996.552    76.250   -19.22   18.49
 270371.576    77.222     2.59   23.73
 270746.584    84.785    20.16   32.86
 271121.577    99.901    40.30   47.97
 271496.553   116.785    45.02   53.63
 271871.514   138.008    56.59   56.24
 272246.459   141.526     9.38   52.01
 272621.388   118.436   -61.57   52.10
 272996.302    90.488   -74.53   46.91
 273371.199    64.140   -70.26   30.48
 273746.081    45.778   -48.97   14.62
 274120.947    38.294   -19.96    5.67
 274495.797    34.341   -10.54    5.17
 274870.632    31.984    -6.29    4.53
 275245.451    30.579    -3.75    3.33
 275620.254    29.938    -1.71    2.32
 275995.041    30.390     1.21    2.06
 276369.812    30.656     0.71    1.36
 276744.568    30.947     0.78    1.28
 277119.308    31.103     0.42    1.52
 277494.032    31.563     1.23    1.87
 277868.740    33.503     5.18    5.30
 278243.433    37.823    11.53   10.34
 278618.110    41.668    10.26   12.01
 278992.771    47.110    14.52   11.84
 279367.417    48.808     4.53    9.50
 279742.047    52.026     8.59    7.97
 280116.661    54.307     6.09    7.30
 280491.259    53.003    -3.48    7.39
 280865.841    53.388     1.03    7.13
 281240.408    54.253     2.31    7.95
 281614.959    55.367     2.97    8.98
 281989.495    57.263     5.06    9.07
 282364.015    55.617    -4.39    8.63
 282738.519    52.992    -7.01    6.69
 283113.007    54.458     3.92    8.52
 283487.480    59.459    13.35   11.23
 283861.937    64.231    12.74   11.12
 284236.378    69.436    13.90    9.37
 284610.804    72.387     7.88    7.01
 284985.214    70.435    -5.21    7.68
 285359.608    68.763    -4.47    6.77
 285733.987    69.715     2.54    7.51
 286108.350    71.482     4.72    7.40
 286482.697    74.778     8.80    6.68
 286857.028    75.390     1.63    7.37
 287231.344    76.746     3.62    7.95
 287605.645    76.003    -1.98    9.33
 287979.929    75.008    -2.66    9.89
 288354.199    77.668     7.11    9.21
 288728.452    82.365    12.55   10.18
 289102.690    85.656     8.79    9.56
 289476.912    87.231     4.21   10.34
 289851.118    83.438   -10.13   13.15
 290225.309    80.482    -7.90   11.58
 290599.485    80.389    -0.25    9.46
 290973.644    84.341    10.56   11.21
 291347.788    91.246    18.45    8.81
 291721.917    95.169    10.48    7.52
 292096.030   102.040    18.36   10.27
 292470.127   106.746    12.58   11.63
 292844.209   111.627    13.04   10.01
 293218.275   110.865    -2.04    9.68
 293592.325   105.794   -13.55   12.14
 293966.360    97.341   -22.59   11.11
 294340.380    91.459   -15.72    8.27
 294714.383    87.127   -11.58    7.78
 295088.372    82.508   -12.35    8.58
 295462.344    80.692    -4.86    8.67
 295836.301    78.459    -5.97    8.50
 296210.243    76.185    -6.08    8.29
 296584.169    74.692    -3.99    8.54
 296958.079    72.087    -6.96    8.80
 297331.974    69.651    -6.51    8.77
 297705.853    66.317    -8.91    9.17
 298080.405    63.079    -8.64    8.64
 298457.396    59.040   -10.71    7.73
 298834.372    55.575    -9.19    6.50
 299211.332    52.174    -9.02    4.83
 299588.276    51.389    -2.08    5.19
 299965.205    55.889    11.94   10.33
 300342.117    60.878    13.23   11.44
 300719.014    63.481     6.90    9.01
 301095.895    61.389    -5.55    9.80
 301472.760    54.981   -17.00    8.53
 301849.610    51.632    -8.88    6.93
 302226.443    52.674     2.77    9.00
 302603.261    55.227     6.77    9.08
 302980.064    60.459    13.88   10.25
 303356.850    62.971     6.66    8.95
 303733.620    66.645     9.75    7.02
 304110.375    68.460     4.82    5.16
 304487.114    66.889    -4.17    6.66
 304863.838    63.785    -8.24    6.77
 305240.545    59.994   -10.06    4.61
 305617.237    57.413    -6.85    4.29
 305993.913    55.532    -4.99    3.55
 306370.574    54.746    -2.09    3.72
 306747.218    55.413     1.77    4.89
 307123.847    56.645     3.27    6.53
 307500.461    58.555     5.07    8.22
 307877.058    61.140     6.86   10.24
 308253.640    61.841     1.86    9.50
 308630.206    60.827    -2.69   10.22
 309006.756    59.222    -4.26    9.55
 309383.291    54.506   -12.52    6.80
 309759.810    52.552    -5.19    6.61
 310136.313    49.017    -9.39    6.09
 310512.801    47.222    -4.77    4.82
 310889.272    50.008     7.40    8.81
 311265.729    54.878    12.93   10.52
 311642.169    60.651    15.33    9.78
 312018.594    65.603    13.15    7.79
 312395.003    65.913     0.82    7.46
 312771.397    66.072     0.42    7.69
 313147.774    65.174    -2.38    7.36
 313524.137    64.413    -2.02    9.44
 313900.483    61.555    -7.59   10.45
 314276.814    59.746    -4.81   11.28
 314653.129    53.575   -16.39    8.14
 315029.429    50.389    -8.47    6.72
 315405.712    48.924    -3.89    5.51
 315781.981    49.127     0.54    5.83
 316158.233    49.246     0.32    6.03
 316534.470    49.294     0.13    6.67
 316910.692    47.222    -5.50    6.70
 317286.897    44.555    -7.09    5.62
 317663.088    42.315    -5.95    5.58
 318039.262    40.738    -4.19    5.02
 318415.421    39.193    -4.11    4.25
 318791.564    39.087    -0.28    3.85
 319167.692    39.246     0.42    3.29
 319543.804    40.438     3.17    1.49
 319919.901    40.344    -0.25    1.56
 320295.981    40.063    -0.75    2.26
 320672.047    41.508     3.84    5.68
 321048.096    47.865    16.90   10.65
 321424.131    55.794    21.08   12.13
 321800.149    63.831    21.37    9.41
 322176.152    68.797    13.20    4.09
 322552.140    69.924     3.00    4.26
 322928.111    69.555    -0.98    5.26
 323304.068    68.087    -3.90    6.32
 323680.008    64.603    -9.26    6.63
 324055.934    60.263   -11.54    5.01
 324431.843    58.231    -5.40    3.06
 324807.737    58.705     1.26    4.19
 325183.616    60.386     4.47    4.68
 325559.479    61.968     4.21    4.68
