# NaN NaN NaN ;Mean Elev.(m), Avg Gradient(m/km), RMS Gradient(m/km) - SRTM1     
#   13.808   0.979  27.745 ;Mean Elev.(m), Avg Gradient(m/km), RMS Gradient(m/km) - ASTER GDEM
#   11.869   0.606  27.753 ;Mean Elev.(m), Avg Gradient(m/km), RMS Gradient(m/km) - GMTED2010 
  7    20.846 52467.58295309 26.81 115.167862  30.215051  7.395
  7    20.790 52467.58295374 26.62 115.166972  30.218341 16.805
  7    20.717 52467.58295438 27.01 115.166082  30.221621 16.805
  8    20.371 52502.58294370 27.22 115.168756  30.215667 18.820
  8    20.429 52502.58294435 25.79 115.167866  30.218957 18.820
  8    20.467 52502.58294499 27.50 115.166966  30.222247 18.820
  9    20.915 52537.58292848 18.83 115.164653  30.213484 19.821
  9    17.797 52537.58292913 20.95 115.163763  30.216774 19.821
  9    18.321 52537.58292977 25.59 115.162863  30.220054 19.821
 10    21.807 52572.58296678 20.16 115.166245  30.212562 14.054
 10    16.897 52572.58296742 22.43 115.165345  30.215852 14.054
 10    18.349 52572.58296807 21.74 115.164455  30.219132 14.054
 10    20.085 52572.58296871 26.56 115.163565  30.222422 14.054
 12    12.681 52642.58292188 32.90 115.166230  30.211776 18.228
 12    12.706 52642.58292252 32.01 115.165340  30.215066 18.228
 12    12.501 52642.58292317 30.46 115.164440  30.218346 18.228
 12    18.678 52642.58292381 26.38 115.163550  30.221636 18.228
 13    21.747 52677.58290742 18.21 115.173084  30.216114 19.068
 13    20.812 52677.58290806 19.14 115.172194  30.219404 19.068
 13    20.291 52677.58290871 21.53 115.171294  30.222694 19.068
 14    23.234 52712.58294078 25.25 115.165646  30.211345 14.879
 14    22.099 52712.58294143 24.91 115.164756  30.214635 14.879
 14    19.073 52712.58294207 24.81 115.163866  30.217915 14.879
 14    19.970 52712.58294272 25.99 115.162966  30.221205 14.879
 15    23.615 52747.58296743 18.64 115.162274  30.212669 13.860
 15    21.103 52747.58296808 20.92 115.161384  30.215959 13.860
 15    18.533 52747.58296872 25.01 115.160494  30.219239 13.860
 15    19.026 52747.58296937 27.36 115.159604  30.222529 13.860
 16    19.321 52782.58290731 32.33 115.163624  30.212193 21.997
 16    19.091 52782.58290796 30.98 115.162724  30.215473 21.997
 16    19.006 52782.58290860 29.37 115.161834  30.218763 21.997
 16    18.676 52782.58290925 32.32 115.160944  30.222053 21.997
 17    17.879 52817.58298637 26.19 115.162635  30.214333 18.818
 17    18.024 52817.58298702 27.20 115.161745  30.217623 18.818
 17    18.021 52817.58298766 29.67 115.160855  30.220903 18.818
 18    19.613 52852.58303617 26.88 115.168367  30.213031 18.782
 18    19.524 52852.58303681 29.13 115.167477  30.216321 18.782
 18    19.532 52852.58303746 28.99 115.166587  30.219611 18.782
 18    19.564 52852.58303810 29.00 115.165697  30.222891 18.782
 20    17.262 52922.58302489 27.48 115.171417  30.213272 23.354
 20    17.336 52922.58302553 29.37 115.170527  30.216562 23.354
 20    17.137 52922.58302618 25.70 115.169637  30.219852 23.354
 20    19.782 52922.58302682 26.35 115.168737  30.223132 23.354
 21    11.809 52957.58299080 29.50 115.171771  30.215270 27.019
 21    11.808 52957.58299145 29.88 115.170871  30.218550 27.019
 21    19.324 52957.58299209 27.60 115.169981  30.221840 27.019
 22    18.618 52992.58301387 20.23 115.171260  30.216260 14.422
 22    19.651 52992.58301452 19.49 115.170370  30.219540 14.422
 22    19.964 52992.58301516 24.82 115.169470  30.222830 14.422
 23    19.073 53027.58297900 19.90 115.177436  30.214541 13.812
 23    19.449 53027.58297965 19.28 115.176546  30.217821 13.812
 23    19.453 53027.58298029 20.56 115.175656  30.221111 13.812
 23    19.292 53027.58298094 29.87 115.174766  30.224391 13.812
 24    18.575 53062.58298787 22.97 115.174326  30.215452 12.928
 24    18.346 53062.58298852 21.59 115.173426  30.218742 12.928
 24    19.949 53062.58298916 20.79 115.172536  30.222022 12.928
 24    19.948 53062.58298981 30.24 115.171646  30.225312 12.928
 25    25.937 53097.58300836 16.65 115.166406  30.212973 26.897
 25    18.986 53097.58300900 18.02 115.165516  30.216263 26.897
 25    17.927 53097.58300965 22.05 115.164626  30.219543 26.897
 26    16.144 53132.58298493 27.45 115.176154  30.213427 17.993
 26    14.385 53132.58298558 30.18 115.175264  30.216717 17.993
 26    14.469 53132.58298622 30.31 115.174374  30.220007 17.993
 26    16.893 53132.58298687 29.37 115.173484  30.223287 17.993
 28    22.202 53202.58306170 17.93 115.167913  30.212553 13.617
 28    19.535 53202.58306235 19.52 115.167023  30.215843 13.617
 28    19.427 53202.58306299 20.21 115.166133  30.219133 13.617
 28    19.234 53202.58306364 25.81 115.165243  30.222413 13.617
 29    18.418 53237.58303028 27.71 115.178099  30.213275 24.471
 29    18.323 53237.58303093 21.14 115.177199  30.216555 24.471
 29    18.868 53237.58303157 21.97 115.176309  30.219845 24.471
 29    19.393 53237.58303222 24.37 115.175419  30.223135 24.471
 30    19.622 53272.58298839 20.62 115.167291  30.213856 18.136
 30    17.936 53272.58298904 23.01 115.166391  30.217136 18.136
 30    18.721 53272.58298968 23.00 115.165501  30.220426 18.136
 31    19.832 53307.58305141 19.71 115.161861  30.214929 25.975
 31    17.653 53307.58305205 21.16 115.160971  30.218209 25.975
 31    17.675 53307.58305270 27.90 115.160081  30.221499 25.975
 32    19.964 53342.58301789 17.67 115.170303  30.213920 15.667
 32    19.770 53342.58301853 16.75 115.169403  30.217210 15.667
 32    20.073 53342.58301918 19.81 115.168513  30.220490 15.667
 32    20.255 53342.58301982 29.75 115.167623  30.223780 15.667
 33    12.184 53377.58295480 22.78 115.168937  30.213544 18.871
 33    18.693 53377.58295545 20.00 115.168047  30.216834 18.871
 33    19.665 53377.58295609 20.62 115.167147  30.220114 18.871
 34    21.727 53412.58299345 24.46 115.173348  30.213393 19.183
 34    20.747 53412.58299409 26.04 115.172448  30.216683 19.183
 34    20.499 53412.58299474 24.20 115.171558  30.219963 19.183
 34    20.566 53412.58299538 25.18 115.170668  30.223253 19.183
 35    19.954 53447.58297927 27.06 115.165032  30.211725  8.417
 35    19.345 53447.58297991 19.57 115.164142  30.215005  8.417
 35    18.176 53447.58298056 21.42 115.163252  30.218295  8.417
 35    17.813 53447.58298120 27.91 115.162359  30.221582 28.462
 36    20.734 53482.58306575 20.75 115.159583  30.216666 17.534
 36    19.823 53482.58306640 21.36 115.158683  30.219946 17.534
 36    19.494 53482.58306704 35.72 115.157793  30.223236 17.534
 37    17.659 53517.58306616 30.11 115.170644  30.213375 23.419
 37    17.682 53517.58306680 30.83 115.169754  30.216665 23.419
 37    17.506 53517.58306745 31.41 115.168864  30.219955 23.419
 37    20.124 53517.58306809 30.45 115.167964  30.223235 23.419
 38    21.522 53552.58308726 17.75 115.163542  30.212650 26.968
 38    19.867 53552.58308791 19.17 115.162652  30.215940 26.968
 38    19.326 53552.58308855 22.73 115.161762  30.219230 26.968
 39    18.549 53587.58303899 26.28 115.175206  30.213456 25.894
 39    18.065 53587.58303963 26.35 115.174316  30.216736 25.894
 39    18.119 53587.58304028 25.42 115.173416  30.220026 25.894
 39    18.086 53587.58304092 26.20 115.172526  30.223306 25.894
 40    20.298 53622.58300776 34.62 115.158868  30.212904 21.228
 40    20.125 53622.58300841 33.61 115.157978  30.216194 21.228
 40    20.433 53622.58300905 31.37 115.157078  30.219474 21.228
 40    20.497 53622.58300970 33.62 115.156188  30.222764 21.228
 41    30.080 53657.58303523 17.63 115.165563  30.213175 22.340
 41    21.740 53657.58303587 18.30 115.164673  30.216465 22.340
 41    17.942 53657.58303652 23.09 115.163783  30.219755 22.340
 42    26.671 53692.58301866 21.15 115.169518  30.212626 19.556
 42    19.397 53692.58301930 20.21 115.168628  30.215906 19.556
 42    20.282 53692.58301995 20.28 115.167728  30.219196 19.556
 42    20.298 53692.58302059 24.61 115.166838  30.222476 19.556
 43    19.071 53727.58294188 24.19 115.176471  30.212543 24.357
 43    18.937 53727.58294253 18.59 115.175581  30.215833 24.357
 43    18.804 53727.58294317 18.56 115.174681  30.219113 24.357
 43    16.995 53727.58294382 22.95 115.173791  30.222403 24.357
 43    19.600 53727.58294446 30.43 115.172901  30.225683 24.357
 44    19.548 53762.58289805 21.19 115.173550  30.214747 20.029
 44    18.838 53762.58289869 22.59 115.172660  30.218037 20.029
 44    19.916 53762.58289934 20.60 115.171770  30.221327 20.029
 44    20.394 53762.58289998 31.48 115.170870  30.224607 20.029
 45    20.125 53797.58290884 21.07 115.175949  30.213048 18.836
 45    19.760 53797.58290948 19.41 115.175049  30.216338 18.836
 45    20.081 53797.58291013 19.16 115.174159  30.219618 18.836
 45    19.968 53797.58291077 22.59 115.173269  30.222908 18.836
 47    24.241 53867.58296811 19.93 115.165925  30.212130 27.920
 47    23.298 53867.58296875 19.14 115.165025  30.215420 27.920
 47    22.133 53867.58296939 21.22 115.164135  30.218700 27.920
 47    19.642 53867.58297004 26.90 115.163245  30.221990 27.920
 48    17.239 53902.58299950 29.72 115.167247  30.215032 22.661
 48    17.250 53902.58300014 27.44 115.166347  30.218312 22.661
 48    18.697 53902.58300079 26.38 115.165457  30.221602 22.661
 49    18.011 53937.58303671 21.46 115.158822  30.212805 19.240
 49    18.758 53937.58303736 22.88 115.157932  30.216085 19.240
 49    18.496 53937.58303800 23.79 115.157042  30.219375 19.240
 49    18.882 53937.58303864 32.04 115.156142  30.222665 19.240
 50    12.522 53972.58300029 22.10 115.167620  30.214238 21.986
 50    19.296 53972.58300094 18.70 115.166720  30.217518 21.986
 50    19.539 53972.58300158 20.73 115.165830  30.220808 21.986
 51    11.385 54007.58298689 23.45 115.167288  30.214526 19.946
 51    18.004 54007.58298753 22.21 115.166398  30.217806 19.946
 51    11.694 54007.58298818 28.56 115.165508  30.221096 19.946
 52    23.554 54042.58301087 21.60 115.172239  30.214253 30.818
 52    18.698 54042.58301152 21.22 115.171349  30.217533 30.818
 52    19.800 54042.58301216 20.00 115.170449  30.220823 30.818
 52    21.612 54042.58301281 31.06 115.169559  30.224113 30.818
 53    28.240 54077.58300502 17.96 115.170717  30.216178 14.476
 53    21.377 54077.58300567 18.98 115.169817  30.219458 14.476
 53    19.988 54077.58300631 27.01 115.168927  30.222748 14.476
 54    21.650 54112.58294376 20.02 115.173355  30.213393 23.341
 54    21.178 54112.58294440 20.00 115.172455  30.216683 23.341
 54    20.894 54112.58294505 19.84 115.171565  30.219963 23.341
 54    20.261 54112.58294569 23.88 115.170675  30.223253 23.341
 55    22.725 54147.58294834 21.03 115.167324  30.214077  5.861
 55    23.167 54147.58294898 19.32 115.166424  30.217357  5.861
 55    20.749 54147.58294963 23.16 115.165534  30.220647  5.861
 56    11.715 54182.58293235 37.05 115.172495  30.215678  9.905
 56    11.718 54182.58293300 35.77 115.171595  30.218958  9.905
 56    11.663 54182.58293364 33.04 115.170705  30.222248  9.905
 57    19.679 54217.58295672 21.69 115.166458  30.213712  7.892
 57    18.722 54217.58295737 21.67 115.165568  30.217002  7.892
 57    18.634 54217.58295801 23.08 115.164673  30.220289 33.491
 58    13.138 54252.58298275 35.58 115.167843  30.214258  9.537
 58    12.971 54252.58298340 31.91 115.166953  30.217538  9.537
 58    13.337 54252.58298404 33.82 115.166061  30.220828 20.224
 59    17.877 54287.58298720 29.68 115.171551  30.214513 10.602
 59    17.682 54287.58298784 29.67 115.170661  30.217803 10.602
 59    17.667 54287.58298849 28.95 115.169761  30.221093 10.602
 59    20.607 54287.58298913 28.61 115.168871  30.224373 10.602
 60    20.330 54322.58298428 33.35 115.170973  30.214585 13.516
 60    20.245 54322.58298493 32.08 115.170083  30.217875 13.516
 60    20.200 54322.58298557 32.51 115.169183  30.221155 13.516
 61    18.808 54357.58294262 25.51 115.173974  30.215141 10.761
 61    18.146 54357.58294327 26.41 115.173074  30.218431 10.761
 61    18.182 54357.58294391 25.25 115.172184  30.221711 10.761
 61    19.848 54357.58294456 27.80 115.171294  30.225001 10.761
 62    19.302 54392.58292459 20.10 115.169979  30.213937 18.333
 62    18.473 54392.58292523 20.86 115.169089  30.217227 18.333
 62    19.269 54392.58292588 21.99 115.168189  30.220507 18.333
 63    10.608 54427.58289269 26.18 115.171954  30.215623 26.733
 63    10.619 54427.58289334 24.01 115.171064  30.218903 26.733
 63    19.641 54427.58289398 23.45 115.170174  30.222193 26.733
 64    34.221 54462.58290247 17.57 115.169025  30.213623 20.598
 64    32.427 54462.58290312 17.35 115.168125  30.216903 20.598
 64    22.424 54462.58290376 19.06 115.167235  30.220193 20.598
 65     9.421 54497.58290089 42.59 115.172343  30.214464 21.884
 65     9.432 54497.58290154 45.59 115.171443  30.217754 21.884
 65     9.562 54497.58290218 47.65 115.170553  30.221034 21.884
 65     9.280 54497.58290283 44.02 115.169663  30.224324 21.884
 66     9.361 54532.58291565 29.99 115.170883  30.213206 15.756
 66     9.409 54532.58291629 32.33 115.169993  30.216496 15.756
 66     9.385 54532.58291694 30.37 115.169103  30.219776 15.756
 66    20.203 54532.58291758 27.78 115.168203  30.223066 15.756
 67    21.616 54567.58290558 25.52 115.173756  30.213359 18.889
 67    18.605 54567.58290622 27.45 115.172866  30.216649 18.889
 67    19.273 54567.58290687 25.33 115.171966  30.219929 18.889
 67    20.158 54567.58290751 27.34 115.171076  30.223219 18.889
 68    20.030 54602.58291119 22.82 115.168879  30.212437 29.881
 68    14.176 54602.58291183 25.41 115.167989  30.215727 29.881
 68    18.942 54602.58291248 23.17 115.167089  30.219017 29.881
 68    19.709 54602.58291312 23.20 115.166199  30.222297 29.881
 69    17.405 54637.58292269 33.59 115.168441  30.215469 23.209
 69    17.364 54637.58292333 30.29 115.167541  30.218749 23.209
 69    18.297 54637.58292397 29.65 115.166651  30.222039 23.209
 70    17.506 54672.58292571 39.77 115.169067  30.214176 21.831
 70    17.408 54672.58292635 38.84 115.168177  30.217466 21.831
 70    17.211 54672.58292700 34.85 115.167287  30.220756 21.831
 71    26.483 54707.58288497 18.93 115.173659  30.214015 17.608
 71    23.507 54707.58288562 17.85 115.172769  30.217305 17.608
 71    20.681 54707.58288626 19.79 115.171869  30.220585 17.608
 71    20.331 54707.58288691 23.13 115.170979  30.223875 17.608
 72    21.967 54742.58289096 21.57 115.168642  30.214075 18.353
 72    21.420 54742.58289160 21.43 115.167752  30.217365 18.353
 72    21.222 54742.58289224 22.11 115.166862  30.220645 18.353
 73    27.110 54777.58286632 21.75 115.172457  30.214905 17.635
 73    22.850 54777.58286697 21.06 115.171557  30.218185 17.635
 73    22.048 54777.58286761 21.59 115.170667  30.221475 17.635
 73    20.545 54777.58286826 39.30 115.169777  30.224765 17.635
 74    11.802 54812.58288413 32.34 115.167727  30.213316 18.176
 74    11.637 54812.58288478 27.63 115.166837  30.216606 18.176
 74    15.624 54812.58288542 25.65 115.165947  30.219896 18.176
 75    30.844 54847.58286686 15.72 115.171433  30.214896 19.977
 75    20.654 54847.58286751 16.63 115.170533  30.218176 19.977
 75    21.755 54847.58286815 20.29 115.169643  30.221466 19.977
 76    22.425 54882.58288743 18.37 115.167686  30.213580 11.069
 76    22.010 54882.58288808 18.03 115.166796  30.216870 11.069
 76    19.986 54882.58288872 21.99 115.165906  30.220150 11.069
 77    23.372 54917.58286959 20.30 115.170415  30.216197 20.800
 77    22.360 54917.58287024 20.99 115.169515  30.219477 20.800
 77    21.845 54917.58287088 23.60 115.168625  30.222767 20.800
 78    21.899 54952.58288186 25.72 115.167602  30.213542 24.051
 78    16.033 54952.58288250 26.78 115.166712  30.216822 24.051
 78    16.266 54952.58288315 26.96 115.165822  30.220112 24.051
 79    19.774 54987.58290574 27.72 115.167010  30.211408 14.177
 79    17.102 54987.58290638 25.80 115.166120  30.214698 14.177
 79    17.295 54987.58290703 26.52 115.165230  30.217978 14.177
 79    18.174 54987.58290767 27.89 115.164330  30.221268 14.177
 80    18.254 55022.58289847 33.79 115.171558  30.215703 21.453
 80    18.129 55022.58289911 30.83 115.170668  30.218993 21.453
 80    18.144 55022.58289976 30.92 115.169778  30.222273 21.453
 81    19.169 55057.58289451 34.81 115.170637  30.214955 19.092
 81    19.123 55057.58289515 32.48 115.169747  30.218245 19.092
 81    18.945 55057.58289580 32.27 115.168857  30.221535 19.092
 82    23.515 55092.58285052 21.47 115.171680  30.216278 20.266
 82    20.425 55092.58285117 23.39 115.170790  30.219568 20.266
 82    20.687 55092.58285181 26.14 115.169890  30.222848 20.266
 83    10.939 55127.58283405 30.78 115.169392  30.213876 13.000
 83    10.670 55127.58283469 25.50 115.168492  30.217156 13.000
 83    19.022 55127.58283534 24.09 115.167602  30.220446 13.000
 84    22.005 55162.58281148 19.19 115.170679  30.215283 16.586
 84    19.782 55162.58281213 21.16 115.169789  30.218573 16.586
 84    19.984 55162.58281277 26.67 115.168889  30.221853 16.586
 85    20.713 55197.58282513 23.35 115.167908  30.212104 12.728
 85     9.644 55197.58282578 25.33 115.167018  30.215394 12.728
 85    18.240 55197.58282642 24.32 115.166128  30.218674 12.728
 85    19.012 55197.58282707 24.80 115.165228  30.221964 12.728
 86    10.135 55232.58281553 29.68 115.171245  30.215497 22.066
 86    10.119 55232.58281617 26.73 115.170345  30.218777 22.066
 86    20.289 55232.58281682 26.16 115.169455  30.222067 22.066
 87    12.684 55267.58281986 22.67 115.169622  30.213745 18.732
 87    20.650 55267.58282050 19.45 115.168732  30.217035 18.732
 87    20.833 55267.58282115 19.77 115.167842  30.220315 18.732
 88    21.390 55302.58279582 20.06 115.174130  30.214546 19.182
 88    20.990 55302.58279646 18.57 115.173240  30.217836 19.182
 88    20.398 55302.58279711 20.54 115.172350  30.221126 19.182
 88    20.603 55302.58279775 26.17 115.171450  30.224406 19.182
 89    22.167 55337.58279463 22.54 115.169735  30.214537  9.484
 89    22.347 55337.58279528 22.57 115.168845  30.217817  9.484
 89    20.816 55337.58279592 24.56 115.167955  30.221107  9.484
 90    20.655 55372.58278438 27.94 115.171301  30.214712 20.907
 90    20.408 55372.58278503 28.12 115.170411  30.218002 20.907
 90    20.591 55372.58278567 27.35 115.169521  30.221292 20.907
 91    22.244 55407.58280472 29.60 115.170179  30.214111 16.137
 91    22.155 55407.58280537 29.56 115.169289  30.217401 16.137
 91    22.109 55407.58280601 25.19 115.168399  30.220681 16.137
 92    19.349 55442.58280372 27.41 115.170647  30.216050 15.300
 92    20.339 55442.58280436 26.35 115.169757  30.219340 15.300
 92    20.811 55442.58280501 26.50 115.168867  30.222630 15.300
 93    19.601 55477.58274356 20.90 115.174444  30.215822 21.317
 93    19.788 55477.58274421 21.68 115.173554  30.219112 21.317
 93    20.278 55477.58274485 21.88 115.172664  30.222402 21.317
