# NaN NaN NaN ;Mean Elev.(m), Avg Gradient(m/km), RMS Gradient(m/km) - SRTM1     
#  147.519 -40.736  57.658 ;Mean Elev.(m), Avg Gradient(m/km), RMS Gradient(m/km) - ASTER GDEM
#  135.723   4.721  39.522 ;Mean Elev.(m), Avg Gradient(m/km), RMS Gradient(m/km) - GMTED2010 
  9   143.086 52530.13099147 16.42 107.799866  29.948441 11.204
  9   141.778 52530.13099211 16.61 107.798976  29.945161 11.204
  9   142.356 52530.13099276 14.11 107.798086  29.941871 11.204
  9   240.916 52530.13099340 10.76 107.797196  29.938581 11.204
 11   230.641 52600.13103815 15.33 107.786509  29.938570  9.964
 11   178.844 52600.13103879 15.36 107.785619  29.935290  9.964
 11   235.929 52600.13103944 15.30 107.784729  29.932000  9.964
 13   354.446 52670.13100413  7.29 107.792450  29.940540  8.174
 13   354.735 52670.13100477  7.85 107.791560  29.937250  8.174
 13   356.725 52670.13100542  7.64 107.790670  29.933960  8.174
 15   368.616 52740.13102876  7.20 107.791813  29.941712  4.922
 15   363.453 52740.13102941  9.11 107.790923  29.938422  4.922
 15   349.370 52740.13103005 10.24 107.790033  29.935142  4.922
 17   255.817 52810.13104998 11.39 107.795229  29.942700 14.361
 17   145.972 52810.13105063 12.46 107.794339  29.939410 14.361
 17   236.131 52810.13105127 12.77 107.793449  29.936120 14.361
 18   148.416 52845.13110500 14.75 107.798719  29.948317  9.676
 18   151.053 52845.13110564 14.28 107.797829  29.945037  9.676
 18   148.066 52845.13110628 12.98 107.796939  29.941747  9.676
 18   147.726 52845.13110693 11.99 107.796049  29.938457  9.676
 18   236.254 52845.13110757 12.56 107.795159  29.935167  9.676
 19   348.371 52880.13114418  3.60 107.792903  29.940926  6.498
 19   250.095 52880.13114482  6.89 107.792013  29.937636  6.498
 19   354.362 52880.13114547  5.59 107.791123  29.934346  6.498
 20   356.120 52915.13110065  5.07 107.797635  29.946620  2.062
 20   379.347 52915.13110129  2.24 107.796755  29.943340  2.062
 20   382.663 52915.13110194  0.16 107.795865  29.940050  2.062
 22   380.517 52985.13108276  2.20 107.805268  29.955650  5.966
 22   381.747 52985.13108340  2.09 107.804378  29.952360  5.966
 22   377.406 52985.13108405  1.97 107.803488  29.949070  5.966
 22   376.913 52985.13108469  2.29 107.802596  29.945789  9.851
 22   459.566 52985.13108534  0.79 107.801706  29.942499  9.851
 23   361.274 53020.13107606  6.90 107.795687  29.943310  9.807
 23   364.143 53020.13107670  6.53 107.794797  29.940020  9.807
 23   372.805 53020.13107734  5.10 107.793907  29.936730  9.807
 24   145.019 53055.13105987 18.28 107.806342  29.957308 12.671
 24   146.181 53055.13106052 18.86 107.805452  29.954018 12.671
 24   147.108 53055.13106116 18.31 107.804562  29.950728 12.671
 24   147.489 53055.13106180 19.03 107.803676  29.947448 12.568
 24   147.287 53055.13106245 18.30 107.802786  29.944158 12.568
 24   145.522 53055.13106309 18.01 107.801896  29.940868 12.568
 25   368.738 53090.13110175  6.81 107.782878  29.937587  9.172
 25   360.165 53090.13110239  8.18 107.781988  29.934297  9.172
 25   212.770 53090.13110304 19.29 107.781098  29.931007  9.172
 26   379.207 53125.13106931  8.07 107.800480  29.947893  5.850
 26   376.595 53125.13106995  7.06 107.799590  29.944603  5.850
 26   377.122 53125.13107060  6.55 107.798700  29.941313  5.850
 26   400.710 53125.13107124  6.95 107.797810  29.938033  5.850
 27   357.447 53160.13113181 13.15 107.788646  29.939304  7.675
 27   256.348 53160.13113246 12.77 107.787756  29.936014  7.675
 27   252.629 53160.13113310 14.47 107.786866  29.932724  7.675
 30   375.654 53265.13108705  4.00 107.788803  29.941020 12.732
 30   374.126 53265.13108769  5.43 107.787913  29.937730 12.732
 30   315.963 53265.13108833  9.97 107.787023  29.934450 12.732
 31   239.195 53300.13113482 12.62 107.786801  29.940700 10.367
 31   234.997 53300.13113547 13.40 107.785911  29.937410 10.367
 31   237.804 53300.13113611 13.27 107.785021  29.934120 10.367
 33   401.202 53370.13104472  7.90 107.792053  29.937046  7.813
 33   355.209 53370.13104536  7.63 107.791173  29.933756  7.813
 35   275.415 53440.13106395  9.62 107.792786  29.943420 10.651
 35   267.184 53440.13106588  7.07 107.790126  29.933560 10.651
 36   358.429 53475.13112752 10.38 107.791484  29.940667  5.383
 36   358.236 53475.13112816 10.62 107.790594  29.937377  5.383
 36   353.372 53475.13112881 11.41 107.789704  29.934097  5.383
 38   422.428 53545.13116021  7.12 107.789417  29.940847  4.147
 38   422.621 53545.13116085  3.78 107.788527  29.937557  4.147
 43   358.336 53720.13103850  7.66 107.794760  29.941241 13.247
 43   321.488 53720.13103914  9.56 107.793870  29.937961 13.247
 43   293.353 53720.13103979 10.33 107.792990  29.934671 13.247
 47   421.670 53860.13104235  9.54 107.792583  29.940662  6.436
 47   416.596 53860.13104300  8.82 107.791691  29.937381  2.412
 47   406.761 53860.13104364  7.67 107.790801  29.934091  2.412
 48   390.762 53895.13105853  4.56 107.800173  29.948511  4.809
 48   362.148 53895.13105918  7.73 107.799283  29.945231  4.809
 48   407.605 53895.13105982  4.91 107.798393  29.941941  4.809
 48   417.846 53895.13106047  4.33 107.797503  29.938651  4.809
 52   384.618 54035.13109030  2.28 107.801583  29.951540  6.164
 52   391.127 54035.13109159  1.77 107.799803  29.944970  6.164
 52   391.254 54035.13109223  1.96 107.798913  29.941680  6.164
 53   273.602 54070.13108600 13.89 107.796954  29.944894  6.770
 53   353.505 54070.13108665  8.85 107.796064  29.941604  6.770
 53   355.175 54070.13108729  7.69 107.795176  29.938323 12.483
 53   368.482 54070.13108794  5.75 107.794286  29.935033 12.483
 54   372.356 54105.13104160  7.34 107.789571  29.938258  4.088
 54   364.272 54105.13104224  6.65 107.788681  29.934968  4.088
 55   268.090 54140.13101758 12.41 107.797014  29.944238  4.475
 55   316.530 54140.13101887 11.04 107.795231  29.937666 11.335
 56   213.163 54175.13102119 18.14 107.791866  29.940534 13.421
 56   159.877 54175.13102183 19.55 107.790976  29.937244 13.421
 56   158.607 54175.13102248 19.58 107.790086  29.933954 13.421
 59   152.947 54280.13106627 18.03 107.795806  29.943496 15.290
 59   151.078 54280.13106692 15.73 107.794916  29.940216 15.290
 59   152.243 54280.13106756 15.52 107.794026  29.936926 15.290
 60   255.260 54315.13106506  8.43 107.797213  29.946342 15.068
 60   239.138 54315.13106570  8.49 107.796323  29.943052 15.068
 60   228.936 54315.13106635  9.83 107.795443  29.939772 15.068
 60   230.172 54315.13106699 10.73 107.794553  29.936482 15.068
 61   377.840 54350.13103438  7.58 107.793238  29.943014  6.958
 61   423.258 54350.13103502  4.38 107.792348  29.939724  6.958
 61   412.940 54350.13103567  4.35 107.791458  29.936444  6.958
 61   395.288 54350.13103631  3.85 107.790578  29.933154  6.958
 62   164.652 54385.13100332 15.95 107.798926  29.947939 12.617
 62   160.419 54385.13100396 16.38 107.798036  29.944649 12.617
 62   160.842 54385.13100461 17.37 107.797146  29.941359 12.617
 62   159.970 54385.13100525 17.15 107.796256  29.938069 12.617
 63   365.805 54420.13098447  9.68 107.792619  29.942230  9.972
 63   356.635 54420.13098512  8.92 107.791729  29.938940  9.972
 63   364.869 54420.13098576  8.60 107.790849  29.935650  9.972
 65   321.124 54490.13098420 11.25 107.795686  29.944470 14.403
 65   355.084 54490.13098485  6.58 107.794796  29.941190 14.403
 65   232.448 54490.13098549 15.80 107.793906  29.937900 14.403
 65   174.761 54490.13098614 15.88 107.793016  29.934610 14.403
 67   417.062 54560.13099342 10.54 107.792809  29.941945  2.997
 67   417.445 54560.13099406  7.75 107.791919  29.938655  2.997
 67   407.904 54560.13099471  7.08 107.791029  29.935365  2.997
 69   417.399 54630.13099926  4.43 107.794211  29.942460  7.192
 69   422.879 54630.13099991  3.22 107.793321  29.939170  7.192
 69   415.391 54630.13100055  2.06 107.792431  29.935890  7.192
 72   379.516 54735.13096337  3.09 107.799096  29.948680  6.444
 72   366.974 54735.13096401  4.81 107.798206  29.945400  6.444
 72   414.262 54735.13096466  2.66 107.797316  29.942110  6.444
 72   415.295 54735.13096530  2.01 107.796426  29.938820  6.444
 72   411.546 54735.13096595  1.30 107.795536  29.935540  6.444
 74   349.005 54805.13095816 11.95 107.796397  29.943740  3.635
 74   412.267 54805.13095880  8.54 107.795507  29.940450  3.635
 74   355.063 54805.13095945  9.17 107.794617  29.937170  3.635
 75   280.291 54840.13095095 13.20 107.796128  29.944341 14.247
 75   405.487 54840.13095160  7.52 107.795238  29.941051 14.247
 75   362.627 54840.13095224  7.70 107.794348  29.937761 14.247
 75   235.732 54840.13095289 20.27 107.793458  29.934481 14.247
 79   417.368 54980.13097829 11.98 107.793686  29.941999  3.861
 79   421.086 54980.13097894  7.19 107.792796  29.938709  3.861
 79   414.725 54980.13097958  6.61 107.791906  29.935429  3.861
 81   164.061 55050.13097440 17.16 107.796783  29.945554 19.228
 81   164.918 55050.13097504 15.62 107.795893  29.942264 19.228
 81   164.774 55050.13097569 14.28 107.795003  29.938974 19.228
 81   167.141 55050.13097633 14.93 107.794113  29.935684 19.228
 82   237.776 55085.13094269  5.82 107.791047  29.939952 15.830
 82   238.158 55085.13094333  6.65 107.790167  29.936662 15.830
 82   183.218 55085.13094398 10.68 107.789277  29.933372 15.830
 83   370.787 55120.13090666  5.73 107.800649  29.950395  3.822
 83   363.017 55120.13090731  6.49 107.799759  29.947105  3.822
 83   331.523 55120.13090795 10.03 107.798869  29.943815  3.822
 83   401.801 55120.13090860  7.76 107.797979  29.940525  3.822
 83   414.561 55120.13090924  5.24 107.797089  29.937245  3.822
 84   177.135 55155.13090184 17.95 107.792837  29.943136 11.969
 84   177.173 55155.13090249 17.99 107.791947  29.939846 11.969
 84   175.348 55155.13090313 18.85 107.791057  29.936556 11.969
 84   177.321 55155.13090378 20.69 107.790167  29.933276 11.969
 85   359.944 55190.13089732  9.22 107.796614  29.942401  3.314
 85   367.451 55190.13089796  6.07 107.795724  29.939111  3.314
 85   368.965 55190.13089861  6.18 107.794834  29.935831  3.314
 86   168.433 55225.13090267 24.57 107.792629  29.939443  8.566
 86   167.354 55225.13090332 28.04 107.791739  29.936153  8.566
 87   359.888 55260.13089285  3.81 107.796912  29.944809 10.636
 87   355.287 55260.13089350  4.45 107.796022  29.941519 10.636
 87   165.123 55260.13089414 20.23 107.795132  29.938239 10.636
 87   180.161 55260.13089479 20.59 107.794242  29.934949 10.636
 88   418.987 55295.13088878  9.71 107.791060  29.936038  4.434
 88   371.910 55295.13088942  8.79 107.790170  29.932748  4.434
 89   158.989 55330.13087466 19.80 107.793119  29.942140  8.765
 89   159.541 55330.13087595 18.72 107.791339  29.935560  8.765
 90   405.312 55365.13086855  9.97 107.794405  29.943527  2.380
 90   418.654 55365.13086920  5.62 107.793515  29.940237  2.380
 90   415.835 55365.13086984  4.62 107.792625  29.936947  2.380
 90   415.278 55365.13087049  3.73 107.791735  29.933667  2.380
 92   171.334 55435.13088469 10.91 107.796997  29.944431 16.269
 92   172.225 55435.13088533 11.54 107.796107  29.941141 16.269
 92   181.822 55435.13088598 12.43 107.795217  29.937851 16.269
 92   191.426 55435.13088662 12.25 107.794327  29.934571 16.269
 93   165.167 55470.13083975 20.78 107.791746  29.940225  8.302
 93   166.373 55470.13084039 19.05 107.790856  29.936935  8.302
 93   182.437 55470.13084103 18.40 107.789966  29.933655  8.302
