# NaN NaN NaN ;Mean Elev.(m), Avg Gradient(m/km), RMS Gradient(m/km) - SRTM1     
#  162.712  -7.111  15.511 ;Mean Elev.(m), Avg Gradient(m/km), RMS Gradient(m/km) - ASTER GDEM
#  151.392  -7.274  17.651 ;Mean Elev.(m), Avg Gradient(m/km), RMS Gradient(m/km) - GMTED2010 
  8 107.032456  29.800789   299.107   298.078  3 52479.13306591  6.657
  9 107.044203  29.808597   372.560   372.560  2 52514.13300976  0.682
 10 107.038388  29.804262   319.286   316.339  4 52549.13305504  7.544
 12 107.031646  29.801077   286.493   286.048  3 52619.13302306 12.710
 13 107.050123  29.812586   376.743   376.743  2 52654.13300237  3.790
 14 107.036460  29.805983   226.244   255.024  5 52689.13300052 19.468
 17 107.048448  29.814000   376.986   376.986  2 52794.13301766  1.333
 22 107.041222  29.805018   288.978   288.978  2 52969.13311856 12.384
 27 107.039827  29.809101   151.971   152.749  4 53144.13312686 37.531
 28 107.043384  29.811045   376.674   376.013  3 53179.13314307  2.219
 30 107.034739  29.798106   156.978   157.811  5 53249.13313676 32.153
 31 107.037576  29.805649   160.598   160.725  4 53284.13312973 25.750
 33 107.042966  29.808666   149.911   149.856  4 53354.13308766 36.186
 34 107.041527  29.806225   296.900   295.464  3 53389.13308976 12.245
 35 107.046103  29.812026   280.691   281.779  4 53424.13308762 13.170
 36 107.049937  29.814116   374.853   374.853  2 53459.13309210  5.175
 40 107.040296  29.805986   215.411   209.003  5 53599.13312705 20.077
 41 107.038237  29.805283   305.331   301.843  5 53634.13312342  7.345
 44 107.039934  29.807126   293.583   293.663  4 53739.13299368 12.837
 46 107.039569  29.807201   205.067   205.611  5 53809.13299632 22.703
 48 107.045690  29.810671   295.379   289.874  4 53879.13306571 13.535
 51 107.035918  29.804439   156.192   155.975  5 53984.13307321 23.438
 53 107.051648  29.814221   342.330   342.330  2 54054.13309511  7.250
 54 107.039338  29.806680   173.961   177.388  5 54089.13308829 19.537
 55 107.046239  29.812274   160.674   160.043  3 54124.13300980 20.254
 56 107.038958  29.806829   311.272   312.881  4 54159.13305344  8.213
 57 107.044503  29.810837   383.554   383.303  4 54194.13301314  1.323
 58 107.040503  29.807169   150.723   151.121  4 54229.13306510 38.363
 59 107.040595  29.804896   300.784   299.660  4 54264.13308389 10.390
 60 107.041997  29.808168   304.651   290.933  4 54299.13308694 11.324
 61 107.039347  29.806278   161.661   161.571  4 54334.13307790 18.617
 63 107.038753  29.805253   160.179   160.179  2 54404.13302207 19.065
 64 107.044539  29.808871   333.028   332.871  3 54439.13297830 11.187
 65 107.043708  29.809660   358.536   356.453  4 54474.13300743  5.271
 67 107.041740  29.811369   218.056   211.413  3 54544.13302143 20.453
 68 107.042131  29.808164   219.113   219.113  2 54579.13299035 18.255
 70 107.039649  29.806298   307.327   307.075  5 54649.13302174  8.241
 73 107.040389  29.807167   314.834   312.228  4 54754.13299279  8.317
 74 107.043475  29.810067   222.258   219.347  4 54789.13295901 17.220
 75 107.042665  29.809150   203.729   203.900  4 54824.13298731 20.752
 77 107.036194  29.801674   302.277   294.661  6 54894.13299112  9.558
 78 107.041640  29.807728   162.829   162.779  4 54929.13295189 24.848
 79 107.039645  29.806474   240.888   265.811  4 54964.13298935 19.443
 80 107.036091  29.802836   314.624   312.242  6 54999.13301099  7.934
 81 107.041368  29.807918   306.626   306.536  4 55034.13299705  7.560
 82 107.038341  29.806298   310.217   309.774  5 55069.13298651  7.235
 83 107.041933  29.807679   203.279   185.232  5 55104.13292641 16.080
 85 107.045780  29.811886   266.631   264.748  3 55174.13289315 13.738
 86 107.041713  29.810071   341.810   341.810  2 55209.13292841  5.951
 87 107.042100  29.807731   305.323   303.073  5 55244.13290017  8.374
 88 107.037927  29.805809   298.100   298.677  4 55279.13292288 12.398
 90 107.039648  29.807603   296.453   296.623  5 55349.13289349 13.071
 91 107.040878  29.803997   252.437   257.836  3 55384.13288630 16.493
 92 107.041791  29.807638   305.350   305.318  4 55419.13291194  7.706
 93 107.038116  29.806356   295.910   296.161  5 55454.13289129  8.119
 94 107.035491  29.801202   225.669   227.517  7 55489.13281259 15.320
