# NaN NaN NaN ;Mean Elev.(m), Avg Gradient(m/km), RMS Gradient(m/km) - SRTM1     
#   28.363  -1.986  13.243 ;Mean Elev.(m), Avg Gradient(m/km), RMS Gradient(m/km) - ASTER GDEM
#   40.231  -2.305  12.583 ;Mean Elev.(m), Avg Gradient(m/km), RMS Gradient(m/km) - GMTED2010 
  7 111.511629  30.411959   103.995   103.995  2 52470.12096378  5.347
  8 111.511882  30.412217    53.556    53.556  2 52505.12094730 17.622
  9 111.520420  30.406045    58.420    53.335  3 52540.12093111 15.472
 10 111.511723  30.414141    71.502    69.519  3 52575.12097521 12.832
 11 111.513124  30.412314    41.430    37.739  3 52610.12093617 19.001
 12 111.515413  30.409951    36.924    36.924  2 52645.12092656 27.384
 13 111.518030  30.408669    41.473    36.563  3 52680.12090302 31.765
 16 111.516571  30.409286    50.240    50.240  2 52785.12091930 21.190
 17 111.515836  30.408965    53.358    53.351  3 52820.12099468 16.626
 18 111.517334  30.407201    51.260    50.706  3 52855.12104327 16.593
 20 111.510407  30.413201    54.198    54.702  3 52925.12102881 16.899
 22 111.515334  30.410580    37.415    37.415  2 52995.12103099 27.463
 23 111.511945  30.410945    36.595    36.595  2 53030.12099428 29.770
 24 111.518715  30.406030    37.227    37.227  2 53065.12100238 40.641
 25 111.507658  30.414600    42.479    42.479  2 53100.12100733 20.412
 28 111.512921  30.411072    56.968    56.968  2 53205.12107055 15.595
 29 111.516715  30.408971    52.854    51.689  3 53240.12103884 16.696
 31 111.511828  30.412426    58.182    58.182  2 53310.12105277 14.105
 33 111.520688  30.405895    36.964    36.964  2 53380.12097096 33.188
 34 111.518534  30.405867    36.705    36.705  2 53415.12099718 38.643
 36 111.509346  30.414871    47.589    43.092  3 53485.12107443 20.717
 37 111.515849  30.410194    52.513    50.017  3 53520.12107069 20.187
 38 111.508425  30.415388    53.602    50.466  3 53555.12109337 16.998
 39 111.517905  30.407848    48.941    48.941  2 53590.12103793 17.599
 40 111.512898  30.413171    49.336    49.336  2 53625.12101773 15.982
 41 111.514290  30.411674    53.381    49.831  3 53660.12104456 17.037
 42 111.512354  30.411717    49.435    49.435  2 53695.12101863 17.288
 43 111.514266  30.410661    37.028    37.028  2 53730.12094162 24.919
 45 111.515588  30.409274    38.268    38.229  3 53800.12091323 24.380
 46 111.518413  30.406553    37.428    37.407  3 53835.12091517 43.850
 47 111.514688  30.410048    56.479    56.479  2 53870.12097483 16.828
 48 111.513267  30.412198    49.927    49.927  2 53905.12100948 18.213
 49 111.505984  30.414951    49.772    50.853  3 53940.12104169 20.183
 50 111.510323  30.414632    41.396    42.378  3 53975.12100013 19.648
 51 111.519589  30.407962    49.495    49.650  3 54010.12099768 18.576
 52 111.520684  30.406154    48.623    47.482  3 54045.12101594 19.454
 53 111.513372  30.413130    42.627    42.627  2 54080.12100809 19.647
 54 111.511156  30.412812    35.989    36.034  3 54115.12094291 23.771
 56 111.511360  30.411432    36.748    36.748  2 54185.12093437 27.361
 57 111.514974  30.409808    50.549    50.342  3 54220.12096545 19.302
 58 111.514382  30.410701    51.868    51.868  2 54255.12098911 18.348
 59 111.515885  30.409040    46.442    46.442  2 54290.12099221 19.729
 60 111.516097  30.410785    50.922    49.711  3 54325.12098934 17.121
 61 111.512402  30.412966    47.619    47.619  2 54360.12094255 17.410
 62 111.516129  30.408897    43.713    43.713  2 54395.12092989 18.975
 63 111.514388  30.411227    75.017    86.628  3 54430.12089320 15.751
 64 111.517452  30.408260    41.035    37.152  3 54465.12090978 27.961
 65 111.514188  30.409045    36.641    36.641  2 54500.12090537 39.040
 66 111.516033  30.408943    36.714    36.714  2 54535.12092428 48.818
 67 111.513141  30.411710    38.138    38.138  2 54570.12090755 35.167
 68 111.515039  30.410202    42.753    39.418  3 54605.12091809 24.217
 69 111.513951  30.412721    58.614    58.614  2 54640.12092785 16.691
 70 111.513803  30.412324    47.839    49.073  3 54675.12093008 19.632
 71 111.514362  30.410868    45.477    45.477  2 54710.12088698 21.946
 72 111.515299  30.410687    51.959    51.959  2 54745.12089779 15.912
 73 111.515043  30.409869    47.990    47.990  2 54780.12087165 20.049
 74 111.516392  30.409793    37.405    37.405  2 54815.12089088 21.958
 75 111.513810  30.410418    43.190    43.190  2 54850.12087001 20.090
 76 111.514761  30.411654    53.847    38.082  3 54885.12089474 25.478
 77 111.509954  30.414390    36.912    36.912  2 54920.12087090 28.427
 78 111.515062  30.410160    48.673    49.641  3 54955.12088953 20.507
 79 111.512898  30.412145    40.249    40.438  3 54990.12091323 30.575
 80 111.515029  30.411262    46.079    44.280  3 55025.12090472 23.234
 81 111.515049  30.411382    54.444    50.907  3 55060.12089853 16.363
 82 111.511373  30.413003    53.545    53.397  3 55095.12085044 16.216
 83 111.515302  30.411340    38.764    38.764  2 55130.12084099 19.907
 85 111.515231  30.410678    61.334    61.334  2 55200.12083263 13.991
 87 111.515197  30.411412    36.951    36.951  2 55270.12082702 25.352
 88 111.513114  30.411952    37.197    37.197  2 55305.12079860 26.126
 89 111.515056  30.409717    50.434    50.434  2 55340.12079881 20.146
 90 111.514540  30.410639    45.953    45.953  2 55375.12079103 20.820
 91 111.516401  30.407865    49.416    49.593  3 55410.12081319 18.893
 92 111.514754  30.409782    49.714    49.714  2 55445.12080739 18.731
 93 111.512437  30.412630    61.042    54.898  3 55480.12074230 16.267
