-223694.354   309.507     0.00   87.12
-223317.949   317.490    21.21   91.17
-222941.565   338.648    56.23  105.32
-222565.201   348.376    25.85   94.01
-222188.857   355.416    18.71   79.45
-221812.534   325.580   -79.30   80.14
-221436.231   301.767   -63.29   59.79
-221059.948   319.646    47.52   79.02
-220683.686   361.246   110.58   88.04
-220307.444   419.820   155.72   76.10
-219931.223   456.383    97.20   44.33
-219555.021   469.654    35.28   28.28
-219178.841   476.135    17.23   32.00
-218802.680   486.173    26.69   40.78
-218426.540   484.513    -4.41   55.98
-218050.421   476.100   -22.37   59.17
-217674.321   452.989   -61.46   73.35
-217298.242   454.078     2.90   71.69
-216922.183   473.126    50.66   81.55
-216546.145   500.690    73.32   90.54
-216170.127   545.890   120.23  105.94
-215794.129   596.600   134.89  140.18
-215418.152   622.424    68.70  127.17
-215042.194   634.307    31.62   97.43
-214666.257   630.448   -10.27   72.11
-214290.341   603.035   -72.94   63.63
-213914.444   570.157   -87.48   85.13
-213538.568   530.312  -106.03  110.10
-213162.713   499.898   -80.94  129.32
-212786.877   466.122   -89.89  129.17
-212411.062   476.957    28.84  119.48
-212035.267   475.600    -3.61  100.15
-211659.492   478.230     7.00   92.85
-211283.738   470.209   -21.35   94.44
-210908.003   442.068   -74.91   85.96
-210532.289   425.218   -44.86   74.18
-210156.595   405.883   -51.48   72.48
-209780.922   389.876   -42.62   68.14
-209405.269   368.090   -58.00   72.01
-209029.635   339.735   -75.50   93.57
-208654.022   267.194  -193.16  111.51
-208278.430   195.194  -191.73   92.36
-207902.857   175.963   -51.21   76.94
-207527.305   213.421    99.76  112.57
-207151.773   280.511   178.69  121.17
-206776.261   381.424   268.78  117.90
-206400.769   462.001   214.63  118.37
-206025.297   529.395   179.53  104.71
-205649.846   558.890    78.57   88.26
-205274.415   562.735    10.24   78.18
-204899.004   565.579     7.58   70.71
-204523.613   562.769    -7.49   89.07
-204148.242   557.335   -14.48  105.53
-203772.891   544.646   -33.81   98.54
-203397.560   541.694    -7.87   83.32
-203022.250   559.361    47.08   75.08
-202646.960   586.011    71.03   64.87
-202271.690   616.578    81.47   56.87
-201896.440   654.966   102.32   64.26
-201521.210   699.090   117.61   83.73
-201146.000   742.379   115.39   71.03
-200770.810   781.535   104.38   68.64
-200395.640   796.972    41.16   86.03
-200020.491   785.268   -31.20   95.95
-199645.361   741.379  -117.02  114.69
-199270.252   685.379  -149.32  127.55
-198895.163   642.398  -114.61  106.15
-198520.094   614.752   -73.72   66.26
-198145.044   591.353   -62.40   70.66
-197770.015   551.779  -105.54   93.88
-197395.006   477.491  -198.13  106.62
-197020.017   433.969  -116.08   82.78
-196645.048   442.201    21.96   87.86
-196270.099   490.767   129.55  116.39
-195895.171   576.209   227.93  102.77
-195520.262   632.463   150.08   90.40
-195145.373   662.939    81.31  102.38
-194770.504   667.883    13.19  113.73
-194395.655   661.643   -16.65  121.13
-194020.826   616.512  -120.43  115.92
-193646.018   573.070  -115.93  112.65
-193271.229   541.379   -84.57  108.16
-192896.460   496.144  -120.72  114.36
-192521.711   430.157  -176.12  138.65
-192146.982   331.557  -263.17  131.89
-191772.274   293.421  -101.79  104.75
-191397.585   285.012   -22.45   77.99
-191022.916   320.093    93.65   94.63
-190648.267   344.376    64.83   86.26
-190273.638   370.082    68.63   83.95
-189899.029   383.179    34.97   90.38
-189524.440   396.239    34.87   94.77
-189149.871   413.712    46.66   93.80
-188775.322   428.846    40.41   89.02
-188400.792   447.535    49.91   85.05
-188026.283   495.307   127.58  103.82
-187651.794   560.916   175.22  114.64
-187277.324   609.285   129.19  106.58
-186902.874   663.948   146.01  116.62
-186528.445   700.057    96.46  132.64
-186154.035   750.730   135.36  134.89
-185779.645   795.921   120.73  128.15
-185405.275   817.839    58.56   98.23
-185030.925   829.439    30.99   83.31
-184656.595   787.979  -110.78  105.88
-184282.285   718.379  -185.97  109.57
-183907.994   684.824   -89.67  109.07
-183533.723   640.578  -118.24  108.11
-183159.473   598.339  -112.88  102.28
-182785.242   596.013    -6.22   93.27
-182411.031   613.239    46.04  123.18
-182036.840   676.357   168.71  131.75
-181662.668   694.398    48.23  111.55
-181288.517   699.216    12.88  120.86
-180914.385   654.383  -119.86  121.03
-180540.273   636.274   -48.41  105.57
-180166.181   685.100   130.54  136.03
-179792.109   732.580   126.95  166.02
-179418.057   797.513   173.62  168.45
-179044.024   806.148    23.09  167.55
-178670.011   832.690    70.98  160.87
-178296.018   859.556    71.85  181.15
-177922.045   905.357   122.49  166.35
-177548.092   921.833    44.07  144.69
-177174.158   930.489    23.15  131.72
-176800.244   941.779    30.20  112.53
-176426.350  1015.103   196.14  136.42
-176052.476  1119.762   279.98  187.84
-175678.621  1217.357   261.09  171.19
-175304.786  1291.844   199.28  126.35
-174930.971  1302.187    27.67  130.69
-174557.176  1275.785   -70.64  162.40
-174183.400  1212.187  -170.18  174.83
-173809.645  1131.969  -214.66  173.09
-173435.908  1040.383  -245.10  164.99
-173062.192   948.979  -244.62  130.59
-172688.495   898.487  -135.14   88.56
-172314.818   901.201     7.26   96.69
-171941.161   959.868   157.03  141.51
-171567.524  1047.279   233.98  141.22
-171193.906  1098.739   137.76  102.98
-170820.308  1079.379   -51.83  132.71
-170446.729   989.446  -240.77  153.90
-170073.171   887.898  -271.88   99.02
-169699.632   809.648  -209.52   69.79
-169326.112   759.185  -135.12   63.66
-168952.612   738.068   -56.55   58.99
-168579.132   743.966    15.80   73.03
-168205.672   777.157    88.89   78.34
-167832.231   811.379    91.65   56.68
-167458.810   801.604   -26.18   71.21
-167085.409   776.716   -66.66   71.17
-166712.027   765.178   -30.91   73.52
-166338.665   760.035   -13.78   75.68
-165963.791   755.442   -12.25   78.02
-165586.495   745.624   -26.03   70.22
-165209.220   752.246    17.56   78.64
-164831.965   807.418   146.27   97.02
-164454.730   879.490   191.08   83.23
-164077.515   917.486   100.74   64.88
-163700.320   912.989   -11.92   65.57
-163323.145   867.817  -119.78   82.58
-162945.990   817.444  -133.58   88.10
-162568.855   765.730  -137.14   86.38
-162191.740   705.279  -160.32   80.32
-161814.645   666.774  -102.13   74.55
-161437.570   637.907   -76.57   61.64
-161060.515   619.579   -48.61   58.49
-160683.480   605.752   -36.68   54.81
-160306.465   616.100    27.45   74.49
-159929.470   652.600    96.83  114.93
-159552.496   702.779   133.13  129.68
-159175.541   762.100   157.39  114.90
-158798.606   773.624    30.58   90.90
-158421.691   748.807   -65.85   93.13
-158044.796   700.078  -129.31  105.99
-157667.921   634.535  -173.94   74.04
-157291.066   587.339  -125.25   61.56
-156914.231   566.883   -54.29   56.19
-156537.416   556.469   -27.64   66.33
-156160.620   539.148   -45.98   57.14
-155783.845   537.535    -4.28   49.51
-155407.090   528.839   -23.08   35.87
-155030.354   526.349    -6.61   39.94
-154653.639   510.622   -41.75   42.91
-154276.943   488.262   -59.37   34.26
-153900.268   470.224   -47.90   28.89
-153523.612   456.648   -36.05   25.77
-153146.976   453.635    -8.00   27.83
-152770.360   446.398   -19.22   28.08
-152393.764   441.070   -14.15   27.55
-152017.188   439.801    -3.37   27.98
-151640.632   433.335   -17.18   27.41
-151264.096   430.678    -7.06   26.91
-150887.579   419.921   -28.57   29.51
-150511.083   407.701   -32.46   26.13
-150134.606   397.989   -25.80   25.23
-149758.149   388.969   -23.96   24.40
-149381.712   386.307    -7.07   24.14
-149005.295   382.426   -10.31   29.34
-148628.897   373.892   -22.68   33.02
-148252.520   370.361    -9.38   33.84
-147876.162   371.139     2.07   37.37
-147499.824   372.853     4.55   43.76
-147123.506   393.861    55.83   52.14
-146747.208   415.513    57.55   56.23
-146370.930   419.817    11.44   46.80
-145994.671   407.126   -33.74   49.06
-145618.432   400.230   -18.33   49.95
-145242.213   399.262    -2.57   59.88
-144866.014   396.090    -8.43   71.60
-144489.835   399.201     8.27   76.39
-144113.675   376.112   -61.39   63.59
-143737.535   369.339   -18.01   46.69
-143361.415   366.296    -8.09   40.22
-142985.315   375.312    23.98   47.72
-142609.235   414.846   105.13   58.23
-142233.174   439.535    65.66   63.84
-141857.133   457.404    47.53   47.27
-141481.111   444.860   -33.36   55.49
-141105.110   425.948   -50.31   48.77
-140729.128   418.404   -20.07   38.22
-140353.166   422.712    11.46   38.35
-139977.224   426.601    10.35   34.39
-139601.301   415.749   -28.87   36.17
-139225.398   391.668   -64.07   46.96
-138849.515   382.071   -25.53   49.45
-138473.652   393.883    31.43   61.48
-138097.808   431.921   101.22   85.03
-137721.984   476.057   117.45   83.60
-137346.179   511.557    94.48   63.66
-136970.395   542.046    81.14   55.92
-136594.630   591.739   132.26   93.15
-136218.884   641.654   132.86   90.48
-135843.159   685.690   117.22   74.13
-135467.453   716.046    80.81   73.73
-135091.767   741.418    67.55   84.77
-134716.100   781.846   107.63  105.30
-134340.453   861.735   212.70  107.27
-133964.825   922.580   162.00  121.36
-133589.218   962.830   107.17  111.40
-133213.630   959.268    -9.49  107.05
-132838.061   904.735  -145.22  137.07
-132462.512   820.557  -224.17  148.19
-132086.983   718.926  -270.67  128.60
-131711.474   655.974  -167.67  104.00
-131335.984   631.557   -65.03   96.92
-130960.513   611.801   -52.62   98.71
-130585.063   590.752   -56.07   97.54
-130209.631   541.165  -132.10  126.31
-129834.220   461.112  -213.27  123.14
-129458.828   406.491  -145.52   87.84
-129083.455   390.844   -41.69   77.90
-128708.103   417.912    72.12   93.92
-128332.769   436.466    49.44  110.23
-127957.456   448.216    31.31  104.76
-127582.162   464.312    42.89  124.77
-127206.887   488.535    64.55  150.67
-126831.632   566.491   207.77  159.11
-126456.397   601.912    94.41  173.01
-126081.181   649.090   125.75  160.58
-125705.984   679.357    80.68  163.57
-125330.808   722.762   115.71  157.98
-124955.650   741.312    49.45  146.09
-124580.512   737.989    -8.86  141.96
-124205.394   685.712  -139.38  128.18
-123830.295   620.622  -173.55  106.47
-123455.216   578.801  -111.51   77.23
-123080.156   538.801  -106.66   59.49
-122705.116   508.790   -80.03   50.51
-122330.095   474.209   -92.22   60.84
-121955.094   455.580   -49.68   65.14
-121580.112   439.935   -41.73   61.08
-121205.150   445.187    14.01   66.59
-120830.207   457.056    31.66   72.56
-120455.284   488.446    83.73   73.58
-120080.380   512.844    65.09   76.18
-119705.496   528.339    41.34   80.30
-119330.631   552.035    63.22   77.92
-118955.785   576.056    64.09   75.49
-118580.959   594.307    48.70   70.33
-118206.152   608.424    37.67   71.68
-117831.365   626.739    48.87   67.10
-117456.597   663.949    99.30   71.24
-117081.849   742.398   209.36  112.62
-116707.120   840.535   261.91  143.02
-116332.411   939.690   264.65  128.69
-115957.721  1037.466   260.98  101.06
-115583.050  1119.285   218.40  105.42
-115208.399  1173.757   145.41  112.80
-114833.767  1179.201    14.53  113.34
-114459.154  1095.035  -224.70  158.95
-114084.561   977.916  -312.69  162.96
-113709.987   882.603  -254.48  111.81
-113335.433   803.012  -212.52   89.22
-112960.898   751.944  -136.37   89.92
-112586.382   700.601  -137.10   70.46
-112211.886   648.785  -138.38   53.18
-111837.409   640.353   -22.52   60.57
-111462.952   659.418    50.92   87.11
-111088.513   639.157   -54.12   88.95
-110714.094   611.012   -75.18  101.16
-110339.695   587.421   -63.02   99.61
-109965.315   568.446   -50.69   93.67
-109590.954   562.901   -14.81   81.49
-109216.612   518.921  -117.50   89.00
-108842.290   483.987   -93.34   79.29
-108467.987   487.944    10.57   73.49
-108093.703   546.426   156.27  108.59
-107719.439   622.466   203.19  109.25
-107345.194   688.839   177.37   77.61
-106970.968   732.297   116.14   64.33
-106596.762   778.035   122.24   81.15
-106222.575   846.023   181.71  102.23
-105848.407   918.148   192.78  129.67
-105474.258  1028.709   295.53  134.51
-105100.129  1101.383   194.27  110.60
-104726.019  1096.090   -14.15  126.70
-104351.928  1014.239  -218.82  178.77
-103977.856   954.991  -158.40  153.83
-103603.804   886.628  -182.78  133.59
-103229.771   872.557   -37.62  184.40
-102855.757   875.012     6.56  215.50
-102481.763   861.046   -37.35  232.96
-102107.787   804.268  -151.84  203.24
-101733.831   760.103  -118.11  137.82
-101359.894   785.556    68.08  129.04
-100985.977   867.830   220.05  163.19
-100612.078   918.712   136.10  148.38
-100238.199   968.290   132.62  130.72
 -99864.339   974.648    17.01  144.89
 -99490.498   942.668   -85.55  153.30
 -99116.676   928.580   -37.69  137.92
 -98742.873   937.424    23.66  101.35
 -98369.090   963.687    70.27  104.76
 -97995.326   991.312    73.92   99.19
 -97621.581   989.001    -6.18   96.14
 -97247.855   934.080  -146.97  121.89
 -96874.149   865.165  -184.43   90.44
 -96500.461   861.216   -10.57   80.10
 -96126.793   909.426   129.03  117.15
 -95753.143  1012.926   277.02  146.56
 -95379.513  1115.268   273.94  153.98
 -95005.902  1205.444   241.38  132.42
 -94632.311  1292.814   233.89  107.97
 -94258.738  1315.135    59.76   95.64
 -93885.184  1283.860   -83.73  135.51
 -93511.650  1156.665  -340.55  214.13
 -93138.135  1028.904  -342.08  182.75
 -92764.638   977.179  -138.50  148.36
 -92391.161  1037.648   161.92  199.95
 -92017.703  1129.716   246.55  203.62
 -91644.264  1250.935   324.63  180.94
 -91270.845  1301.178   134.56  172.24
 -90895.522  1358.078   151.62  150.97
 -90518.278  1404.779   123.81  125.40
 -90141.054  1463.135   154.71  120.59
 -89763.849  1525.977   166.61  133.93
 -89386.664  1566.171   106.57  118.63
 -89009.498  1556.126   -26.64  128.81
 -88632.352  1503.410  -139.79  151.78
 -88255.225  1402.779  -266.86  152.58
 -87878.118  1284.148  -314.61  117.45
 -87501.030  1218.694  -173.59  104.84
 -87123.961  1174.090  -118.30   97.56
 -86746.912  1156.058   -47.83  116.65
 -86369.883  1200.739   118.52  138.98
 -85992.872  1294.463   248.62  165.69
 -85615.882  1377.957   221.49  165.75
 -85238.910  1482.246   276.67  132.22
 -84861.959  1585.744   274.59   98.87
 -84485.026  1639.512   142.66   91.46
 -84108.113  1685.935   123.17  101.06
 -83731.220  1741.012   146.15   94.91
 -83354.346  1781.935   108.59   98.66
 -82977.491  1775.126   -18.07  100.05
 -82600.655  1726.201  -129.84  126.87
 -82223.839  1638.225  -233.49  164.40
 -81847.043  1507.252  -347.62  188.13
 -81470.266  1374.232  -353.07  163.09
 -81093.508  1266.246  -286.64  133.41
 -80716.769  1219.752  -123.42   88.75
 -80340.050  1228.600    23.49   93.50
 -79963.351  1298.716   186.15  142.25
 -79586.670  1406.194   285.35  141.56
 -79210.009  1539.969   355.19  166.17
 -78833.368  1632.671   246.14  132.18
 -78456.745  1693.262   160.89  109.54
 -78080.142  1740.379   125.12   89.95
 -77703.559  1738.876    -3.99   82.60
 -77326.994  1723.335   -41.27   87.37
 -76950.449  1710.904   -33.01   90.49
 -76573.924  1722.312    30.30  104.54
 -76197.418  1758.401    95.86  128.48
 -75820.930  1789.697    83.13  121.50
 -75444.463  1717.665  -191.35  179.34
 -75068.014  1622.353  -253.21  204.57
 -74691.585  1558.535  -169.55  191.52
 -74315.175  1534.383   -64.17  198.85
 -73938.785  1568.001    89.33  180.71
 -73562.414  1537.579   -80.84  166.63
 -73186.062  1424.320  -300.96  206.51
 -72809.729  1227.013  -524.33  238.82
 -72433.415  1106.239  -320.96  166.01
 -72057.121  1045.379  -161.75  124.62
 -71680.846  1041.762    -9.61  120.61
 -71304.591  1093.392   137.23  125.44
 -70928.354  1150.307   151.29  206.19
 -70552.137  1176.385    69.32  238.76
 -70175.939  1090.490  -228.34  245.23
 -69799.760   960.581  -345.36  268.84
 -69423.601   831.194  -343.99  221.03
 -69047.461   744.012  -231.79  124.01
 -68671.340   740.901    -8.27  102.41
 -68295.238   779.330   102.19  102.75
 -67919.155   809.022    78.96  146.18
 -67543.092   837.290    75.17  174.31
 -67167.047   855.671    48.88  148.55
 -66791.022   821.762   -90.18  123.04
 -66415.017   720.424  -269.53  147.65
 -66039.030   593.410  -337.84  114.93
 -65663.062   529.103  -171.05   89.97
 -65287.114   514.463   -38.94   98.00
 -64911.185   555.716   109.74  117.98
 -64535.275   586.712    82.46  120.39
 -64159.384   588.239     4.06  152.68
 -63783.513   591.230     7.96  163.79
 -63407.660   601.779    28.07  185.53
 -63031.827   692.024   240.13  211.93
 -62656.012   802.103   292.93  209.27
 -62280.217   852.148   133.18  208.75
 -61904.441   817.824   -91.35  218.85
 -61528.685   755.224  -166.61  190.43
 -61152.947   788.752    89.24  197.01
 -60777.228   911.035   325.48  255.24
 -60401.529  1078.646   446.16  246.83
 -60025.848  1197.876   317.39  173.20
 -59650.187  1243.580   121.67  141.21
 -59274.545  1255.446    31.59  113.97
 -58898.922  1247.421   -21.36  133.83
 -58523.318  1314.912   179.70  173.33
 -58147.733  1327.216    32.76  203.44
 -57772.167  1234.624  -246.56  317.15
 -57396.620  1076.712  -420.51  322.11
 -57021.093  1024.785  -138.29  262.03
 -56645.584  1083.421   156.16  260.03
 -56270.094  1205.716   325.71  201.93
 -55894.624  1203.890    -4.86  186.34
 -55519.172  1168.648   -93.87  198.20
 -55143.740  1191.807    61.69  224.15
 -54768.327  1327.424   361.26  332.26
 -54392.932  1514.844   499.29  306.41
 -54017.557  1552.622   100.64  226.44
 -53642.201  1462.201  -240.90  300.14
 -53266.863  1211.624  -667.64  349.11
 -52891.545   984.898  -604.12  269.81
 -52516.246   871.535  -302.08  175.00
 -52140.966   777.935  -249.43  144.85
 -51765.704   735.901  -112.02  147.71
 -51390.462   599.230  -364.24  191.01
 -51015.239   470.801  -342.29  159.54
 -50640.035   409.112  -164.42  125.17
 -50264.849   445.892    98.03  180.55
 -49889.683   556.186   294.00  209.32
 -49514.536   631.057   199.59  217.08
 -49139.407   667.085    96.04  218.26
 -48764.298   554.112  -301.18  224.53
 -48389.207   463.762  -240.89  179.85
 -48014.136   430.716   -88.11  162.20
 -47639.083   431.057     0.91  198.16
 -47264.050   497.535   177.26  226.33
 -46889.035   527.535    80.00  231.17
 -46514.039   494.760   -87.40  237.61
 -46139.063   405.112  -239.08  199.59
 -45764.105   341.465  -169.75  159.78
 -45389.166   313.489   -74.62  136.81
 -45014.246   335.944    59.89  157.17
 -44639.344   370.608    92.47  161.11
 -44264.462   374.535    10.48  156.19
 -43889.599   386.730    32.53  155.73
 -43514.754   411.090    64.99  186.67
 -43139.929   420.444    24.96  191.62
 -42765.122   424.694    11.34  176.08
 -42390.334   375.246  -131.94  159.94
 -42015.566   305.144  -187.06  125.29
 -41640.816   267.466  -100.55  103.62
 -41266.084   220.852  -124.40   67.93
 -40891.372   204.239   -44.34   60.13
 -40516.679   198.694   -14.80   64.82
 -40142.004   214.716    42.77   75.88
 -39767.348   231.846    45.72   80.58
 -39392.711   254.901    61.54   80.37
 -39018.093   285.421    81.47  107.38
 -38643.494   331.120   122.00  153.67
 -38268.914   375.466   118.39  185.82
 -37894.352   438.785   169.05  234.07
 -37519.809   482.966   117.97  285.41
 -37145.285   490.665    20.56  301.36
 -36770.780   524.852    91.29  308.16
 -36396.294   505.979   -50.40  257.67
 -36021.827   505.273    -1.89  230.55
 -35647.378   543.744   102.74  196.92
 -35272.948   654.801   296.61  191.05
 -34898.537   751.216   257.52  196.92
 -34524.144   868.296   312.73  209.33
 -34149.771   989.820   324.62  156.71
 -33775.416  1008.024    48.63  134.05
 -33401.080   981.511   -70.83   93.99
 -33026.763   905.171  -203.95  130.97
 -32652.464   735.312  -453.82  202.53
 -32278.184   616.513  -317.42  178.85
 -31903.923   560.468  -149.75  115.60
 -31529.681   580.487    53.49  121.31
 -31155.458   668.312   234.69  120.13
 -30781.253   733.209   173.43   68.79
 -30407.067   736.046     7.58   60.94
 -30032.899   693.824  -112.85   81.63
 -29658.751   616.339  -207.10  112.95
 -29284.621   520.148  -257.11  154.62
 -28910.510   394.898  -334.80  168.94
 -28536.417   311.078  -224.07  125.53
 -28162.343   284.046   -72.27   80.59
 -27788.288   333.468   132.13  109.75
 -27414.252   435.944   273.98  117.58
 -27040.234   539.600   277.15  115.77
 -26666.235   615.668   203.40  104.82
 -26292.255   694.671   211.25  107.42
 -25918.293   769.890   201.15  142.36
 -25544.350   833.489   170.08  156.35
 -25170.426   845.690    32.63  153.76
 -24796.520   872.216    70.95  148.92
 -24422.633   867.557   -12.46  149.98
 -24048.765   880.535    34.71  143.14
 -23674.915   914.966    92.10  143.04
 -23301.084   929.262    38.24  131.21
 -22927.272   929.535     0.73  110.98
 -22553.478   962.353    87.80   96.83
 -22179.703  1026.557   171.78  109.75
 -21805.946  1101.853   201.46  112.80
 -21432.208  1169.830   181.89  111.83
 -21058.489  1201.535    84.84   87.42
 -20684.788  1199.989    -4.14   86.04
 -20311.106  1183.694   -43.61   88.87
 -19937.443  1176.194   -20.07   77.53
 -19563.798  1152.224   -64.15   81.34
 -19190.171  1125.716   -70.95  105.97
 -18816.564  1088.468   -99.70  116.40
 -18442.974  1050.035  -102.88  110.60
 -18069.404  1028.068   -58.80  113.06
 -17695.852   975.135  -141.71  133.16
 -17322.318   893.807  -217.73  148.03
 -16948.803   793.401  -268.82  168.90
 -16575.307   686.558  -286.07  149.85
 -16201.829   622.068  -172.68  106.67
 -15826.057   577.557  -118.45   73.70
 -15448.859   573.376   -11.09   75.56
 -15071.680   614.687   109.53  108.44
 -14694.520   670.785   148.74  114.59
 -14317.379   713.989   114.56  105.17
 -13940.257   768.797   145.33   97.91
 -13563.153   809.448   107.80  101.17
 -13186.069   887.224   206.26  124.09
 -12809.003   969.512   218.24  141.37
 -12431.957  1036.630   178.01  136.60
 -12054.929  1077.558   108.56  133.27
 -11677.920  1050.989   -70.47  135.09
 -11300.930  1041.285   -25.74  121.26
 -10923.959  1011.979   -77.74  105.58
 -10547.007   966.512  -120.62  109.23
 -10170.074   906.580  -159.00  133.39
  -9793.160   802.466  -276.23  158.53
  -9416.264   706.266  -255.25  142.09
  -9039.387   601.103  -279.04  119.61
  -8662.530   505.630  -253.34   87.53
  -8285.691   418.535  -231.12   99.53
  -7908.870   321.735  -256.89  113.41
  -7532.069   253.628  -180.75   89.09
  -7155.287   247.648   -15.87   88.95
  -6778.523   305.260   152.91  129.82
  -6401.778   392.580   231.78  138.65
  -6025.052   496.194   275.04  125.98
  -5648.345   586.444   239.58  128.27
  -5271.657   673.468   231.03  128.64
  -4894.988   738.315   172.16  100.24
  -4518.337   746.307    21.22   91.38
  -4141.705   720.558   -68.37  112.56
  -3765.092   671.860  -129.31  124.40
  -3388.498   586.785  -225.91  115.47
  -3011.922   516.080  -187.76  105.56
  -2635.365   455.926  -159.75  107.92
  -2258.827   369.925  -228.40  114.90
  -1882.308   265.379  -277.66  150.90
  -1505.808   150.876  -304.13  134.64
  -1129.326    89.080  -164.14   88.04
   -752.863    40.357  -129.42   37.01
   -376.419    26.398   -37.08   32.44
      0.006    11.290   -40.14   28.54
    376.413     6.604   -12.45   26.80
    752.801    31.357    65.76   56.76
   1129.170    92.376   162.12   96.45
   1505.521   172.712   213.46  116.94
   1881.852   274.935   271.63  129.15
   2258.165   382.262   285.21  116.89
   2634.460   460.312   207.42   88.57
   3010.735   497.057    97.65   76.94
   3386.992   518.103    55.93   73.96
   3763.230   548.966    82.03   66.50
   4139.450   593.603   118.64   70.41
   4515.650   636.535   114.12   73.17
   4891.833   668.600    85.24   86.06
   5267.996   699.807    82.96   96.21
   5644.141   714.335    38.62   95.12
   6020.267   720.070    15.25   76.50
   6396.374   724.001    10.45   63.68
   6772.463   709.035   -39.80   63.85
   7148.533   700.739   -22.06   50.40
   7524.584   717.622    44.89   62.30
   7900.617   735.557    47.70   63.64
   8276.631   762.921    72.77   60.40
   8652.627   788.987    69.32   53.72
   9028.604   819.165    80.27   57.92
   9404.562   846.939    73.88   57.60
   9780.501   851.690    12.64   57.52
  10156.422   840.262   -30.40   77.76
  10532.325   777.232  -167.67  116.55
  10908.208   641.239  -361.79  154.80
  11284.074   539.410  -270.92  139.67
  11659.920   480.068  -157.89  138.94
  12035.748   394.884  -226.66  122.30
  12411.557   328.148  -177.58  121.77
  12787.348   260.807  -179.20  120.45
  13163.120   194.635  -176.10   98.68
  13538.874   161.898   -87.12   67.08
  13914.609   164.810     7.75   72.15
  14290.325   199.046    91.12   89.89
  14666.023   224.651    68.15   88.66
  15041.702   236.444    31.39   90.49
  15417.363   246.512    26.80  103.97
  15793.005   237.242   -24.68  103.90
  16168.629   243.376    16.33  108.31
  16544.234   253.486    26.92  108.66
  16919.821   268.944    41.16  111.82
  17295.389   309.830   108.86  128.29
  17670.938   355.139   120.65  157.22
  18046.469   425.735   187.99  171.42
  18421.982   483.960   155.05  166.90
  18797.476   577.035   247.87  188.86
  19172.951   692.242   306.83  180.97
  19548.408   833.890   377.26  206.16
  19923.846   985.080   402.70  195.82
  20299.266  1090.604   281.08  196.86
  20674.668  1202.957   299.28  191.03
  21050.051  1272.285   184.68  177.66
  21425.415  1346.285   197.14  168.47
  21800.761  1417.977   191.00  134.54
  22176.089  1445.012    72.03   89.60
  22551.398  1461.853    44.87   69.05
  22926.688  1439.630   -59.21  101.91
  23301.960  1358.898  -215.12  154.25
  23677.214  1294.011  -172.91  181.14
  24052.449  1199.535  -251.77  200.93
  24427.666  1092.979  -283.98  191.79
  24802.864  1011.535  -217.07  194.26
  25178.044   930.379  -216.31  162.04
  25553.206   884.344  -122.70  111.00
  25928.349   878.979   -14.30   75.18
  26303.473   899.868    55.68   73.58
  26678.580   948.353   129.25   87.84
  27053.667  1004.057   148.51   79.94
  27428.737  1044.468   107.74   52.54
  27803.788  1067.421    61.20   34.92
  28178.820  1062.630   -12.77   44.39
  28553.835  1047.157   -41.26   63.63
  28928.830  1022.000   -67.08   77.10
  29303.808   984.068  -101.15   90.34
  29678.767   929.057  -146.71   94.98
  30053.707   873.078  -149.30   92.89
  30428.630   776.694  -257.07  161.42
  30803.534   653.725  -327.99  207.18
  31178.419   534.444  -318.17  189.15
  31553.286   499.070   -94.36  169.07
  31928.135   560.989   165.18  226.95
  32302.966   679.012   314.86  225.95
  32677.778   807.361   342.43  189.64
  33052.572   912.466   280.43  122.40
  33427.347   977.694   174.04   99.90
  33802.104  1028.353   135.17   75.16
  34176.843  1051.126    60.77   62.46
  34551.564  1059.785    23.11   59.06
  34926.266  1100.171   107.78   73.97
  35300.950  1127.398    72.67   82.32
  35675.615  1161.674    91.48   82.57
  36050.262  1200.312   103.13   73.92
  36424.891  1227.603    72.84   60.71
  36799.502  1247.246    52.43   53.31
  37174.094  1256.307    24.19   51.94
  37548.669  1256.424     0.31   58.85
  37923.224  1249.535   -18.39   60.23
  38297.762  1233.779   -42.07   57.33
  38672.281  1218.246   -41.47   60.12
  39046.782  1221.853     9.63   54.30
  39421.265  1210.401   -30.58   47.54
  39795.729  1201.721   -23.18   46.18
  40170.176  1205.735    10.72   41.45
  40544.604  1213.876    21.74   49.10
  40919.013  1223.135    24.73   54.37
  41293.405  1241.290    48.49   54.27
  41667.778  1261.148    53.04   46.52
  42042.133  1259.512    -4.37   39.23
  42416.470  1251.070   -22.55   40.37
  42790.788  1249.601    -3.92   42.78
  43165.089  1251.285     4.50   45.68
  43539.371  1277.966    71.29   55.33
  43913.635  1314.979    98.89   58.70
  44287.881  1346.830    85.10   55.22
  44662.108  1374.224    73.20   52.89
  45036.318  1387.418    35.26   45.65
  45410.509  1395.404    21.34   37.04
  45784.682  1393.139    -6.05   39.99
  46158.837  1393.080    -0.16   41.40
  46532.973  1391.600    -3.96   40.65
  46907.092  1382.511   -24.29   44.19
  47281.192  1361.801   -55.36   53.26
  47655.274  1345.767   -42.86   53.07
  48029.338  1349.361     9.61   49.53
  48403.384  1371.916    60.30   69.24
  48777.411  1411.694   106.35  105.33
  49151.421  1458.252   124.48  138.98
  49525.412  1510.604   139.98  166.34
  49899.386  1567.944   153.32  177.95
  50273.341  1627.442   159.10  156.37
  50647.278  1679.274   138.61  139.91
  51021.197  1735.868   151.35  105.79
  51395.097  1781.194   121.22   81.92
  51768.980  1801.424    54.10   68.26
  52142.844  1788.535   -34.47   70.82
  52516.691  1778.466   -26.93   74.80
  52890.519  1766.767   -31.29   74.57
  53264.329  1744.512   -59.53   76.53
  53638.122  1734.868   -25.80   81.01
  54011.896  1697.512   -99.94   82.83
  54385.652  1674.201   -62.37   76.49
  54759.390  1652.944   -56.88   74.08
  55133.109  1633.671   -51.57   77.89
  55506.811  1624.395   -24.82   73.05
  55880.495  1620.735    -9.80   78.85
  56254.160  1603.368   -46.47   69.13
  56627.808  1597.262   -16.34   65.01
  57001.438  1587.357   -26.51   67.16
  57375.049  1571.580   -42.23   74.32
  57748.643  1523.262  -129.33  111.71
  58122.218  1480.558  -114.31  133.55
  58495.775  1415.912  -173.04  145.26
  58869.315  1341.344  -199.62  139.84
  59245.542  1276.912  -171.25  129.47
  59622.695  1242.876   -90.24  107.42
  59999.831  1204.535  -101.66   88.02
  60376.948  1180.876   -62.73   89.99
  60754.047  1161.364   -51.74   86.57
  61131.127  1149.246   -32.14   77.30
  61508.189  1134.325   -39.57   77.83
  61885.233  1107.626   -70.81   88.47
  62262.258  1068.103  -104.82   97.30
  62639.265  1012.919  -146.36   80.29
  63016.253   991.989   -55.52   70.10
  63393.223   977.160   -39.34   73.91
  63770.175   955.979   -56.19   75.34
  64147.109   927.256   -76.20   58.18
  64524.024   930.921     9.72   61.08
  64900.921   966.171    93.52   77.75
  65277.799   989.008    60.59   62.80
  65654.659   965.716   -61.80   73.81
  66031.501   906.302  -157.65  100.83
  66408.325   831.424  -198.70  109.27
  66785.130   769.224  -165.06   76.35
  67161.917   742.582   -70.70   61.37
  67538.686   754.171    30.76   90.68
  67915.436   795.760   110.38  111.62
  68292.168   846.989   135.98  126.12
  68668.882   848.126     3.02  126.72
  69045.577   850.103     5.25  142.16
  69422.254   811.468  -102.56  117.62
  69798.913   797.810   -36.26   96.60
  70175.554   848.376   134.25  122.76
  70552.176   973.291   331.65  168.38
  70928.781  1068.678   253.27  174.59
  71305.367  1093.535    66.00  168.39
  71681.934  1117.674    64.10  189.07
  72058.484  1139.709    58.51  196.26
  72435.015  1202.582   166.97  207.38
  72811.528  1226.148    62.59  176.65
  73188.022  1229.767     9.61  181.52
  73564.499  1187.824  -111.40  207.88
  73940.957  1151.626   -96.15  198.10
  74317.397  1109.725  -111.30  187.92
  74693.819  1066.846  -113.91  175.15
  75070.223  1037.581   -77.74  153.65
  75446.608   993.601  -116.84  151.90
  75822.975   939.989  -142.44  137.63
  76199.324   895.230  -118.92  133.24
  76575.655   836.944  -154.87  129.05
  76951.968   794.814  -111.95  136.29
  77328.262   741.512  -141.64  135.52
  77704.539   703.580  -100.80  137.80
  78080.797   650.716  -140.49  134.26
  78457.037   584.626  -175.65  135.67
  78833.259   532.148  -139.48  115.38
  79209.462   519.262   -34.25   92.41
  79585.648   529.716    27.79  111.76
  79961.815   561.057    83.31  125.05
  80337.964   584.921    63.44  112.29
  80714.095   581.944    -7.91  107.32
  81090.208   576.837   -13.58   89.72
  81466.303   603.694    71.40  104.51
  81842.380   607.466    10.03  113.72
  82218.438   620.012    33.36  113.23
  82594.479   621.418     3.74  108.27
  82970.501   642.444    55.91  112.19
  83346.505   649.344    18.35   97.77
  83722.491   641.604   -20.58   75.49
  84098.459   658.643    45.32   69.73
  84474.409   660.807     5.76   75.04
  84850.341   680.246    51.70   78.30
  85226.255   699.837    52.11   70.21
  85602.151   731.622    84.55   66.91
  85978.028   773.416   111.18   58.07
  86353.888   798.489    66.70   65.41
  86729.729   813.216    39.18   59.61
  87105.553   819.302    16.19   73.41
  87481.358   848.535    77.78  112.89
  87857.145   900.963   139.51  162.41
  88232.915   996.600   254.49  233.86
  88608.666  1131.762   359.68  229.94
  88984.399  1244.444   299.87  199.40
  89360.114  1349.535   279.69  136.27
  89735.811  1399.163   132.08   95.19
  90111.490  1431.944    87.25   52.44
  90487.151  1445.685    36.58   43.02
  90862.794  1433.424   -32.64   63.52
  91238.419  1412.944   -54.52   92.78
  91614.026  1437.744    66.02   94.30
  91989.615  1438.216     1.26  101.75
  92365.186  1403.657   -92.01  132.54
  92740.739  1307.671  -255.56  201.64
  93116.274  1162.559  -386.38  215.15
  93491.791  1025.790  -364.18  199.71
  93867.290   916.421  -291.24  150.38
  94242.771   884.349   -85.41  105.87
  94618.235   892.603    21.98   98.90
  94993.680   915.096    59.90  112.33
  95369.107   954.307   104.44  100.74
  95744.516   996.558   112.54  104.40
  96119.907  1006.080    25.36   97.09
  96495.281  1020.401    38.15   97.25
  96870.636  1035.058    39.05   95.58
  97245.973  1021.444   -36.27   93.80
  97621.293  1024.310     7.64   96.37
  97996.594  1055.580    83.31  102.60
  98371.878  1104.023   129.07  123.59
  98747.144  1167.626   169.47   91.26
  99122.392  1211.580   117.12   68.44
  99497.621  1221.193    25.62   66.71
  99872.833  1228.966    20.72   73.02
 100248.027  1235.985    18.70   90.86
 100623.204  1275.285   104.74  137.18
 100998.362  1325.907   134.92  143.02
 101373.502  1343.466    46.80  109.40
 101748.625  1339.739    -9.94   91.32
 102123.729  1277.535  -165.82  108.23
 102498.816  1198.239  -211.39   97.14
 102873.885  1149.559  -129.78   83.90
 103248.936  1128.694   -55.63   69.29
 103623.969  1137.807    24.30   71.89
 103998.984  1186.558   129.98   95.10
 104373.982  1266.216   212.40  110.99
 104748.961  1319.460   141.98  103.45
 105123.923  1365.057   121.60   86.38
 105498.867  1397.462    86.42   46.13
 105873.793  1393.739    -9.93   28.74
 106248.701  1373.535   -53.89   35.81
 106623.591  1356.139   -46.40   44.84
 106998.464  1326.648   -78.66   48.70
 107373.318  1287.085  -105.53   49.76
 107748.155  1271.398   -41.84   45.95
 108122.974  1259.256   -32.39   48.28
 108497.776  1225.112   -91.09   63.38
 108872.559  1189.853   -94.07   68.19
 109247.325  1146.256  -116.32   82.31
 109622.073  1117.694   -76.21   78.60
 109996.803  1083.099   -92.31   81.59
 110371.515  1058.216   -66.40   83.23
 110746.210  1045.762   -33.24   76.13
 111120.886  1027.966   -47.49   85.37
 111495.545  1032.966    13.34   69.40
 111870.186  1027.249   -15.26   66.05
 112244.810  1007.376   -53.04   63.21
 112619.416   992.785   -38.95   67.31
 112994.003   984.671   -21.66   75.91
 113368.574   959.535   -67.10   78.93
 113743.126   967.194    20.45   79.65
 114117.661   953.262   -37.19   79.06
 114492.178   931.154   -59.03   87.21
 114866.677   940.966    26.20  104.51
 115241.158   950.099    24.38  105.03
 115615.622   918.580   -84.16  117.11
 115990.068   885.398   -88.61  131.46
 116364.496   847.466  -101.30  126.06
 116738.907   840.671   -18.15  118.21
 117113.300   856.035    41.03  111.38
 117487.675   857.807     4.73   97.92
 117862.033   855.971    -4.91   90.79
 118236.373   855.307    -1.77   84.77
 118610.695   861.376    16.21   83.46
 118984.999   866.558    13.84   79.25
 119359.286   869.490     7.83   67.52
 119733.555   869.835     0.92   65.35
 120107.806   863.512   -16.89   56.49
 120482.040   851.714   -31.52   56.34
 120856.256   825.884   -69.02   62.32
 121230.455   804.171   -58.02   53.69
 121604.635   795.674   -22.71   49.51
 121978.798   780.579   -40.34   55.61
 122352.944   770.885   -25.91   48.97
 122727.072   759.353   -30.82   50.61
 123101.182   755.689    -9.79   49.72
 123475.275   755.651    -0.10   50.59
 123849.350   754.148    -4.02   58.31
 124223.407   751.767    -6.36   65.44
 124597.447   752.868     2.94   70.26
 124971.469   754.310     3.85   81.91
 125345.473   788.648    91.80  108.20
 125719.460   833.253   119.25  121.39
 126093.429   883.977   135.62  132.30
 126467.381   934.194   134.27  124.33
 126841.315   955.814    57.81  120.22
 127215.231  1016.357   161.90  138.11
 127589.130  1065.485   131.38  157.17
 127963.012  1136.148   188.98  130.72
 128336.875  1161.285    67.23  105.23
 128710.722  1171.694    27.84   98.56
 129084.550  1178.944    19.39   77.10
 129458.361  1180.674     4.63   52.09
 129832.155  1191.535    29.05   48.57
 130205.931  1183.760   -20.80   49.32
 130579.689  1187.307     9.49   44.53
 130953.430  1183.486   -10.22   41.38
 131327.153  1160.126   -62.50   45.67
 131700.859  1130.103   -80.33   53.87
 132074.547  1079.372  -135.74   93.36
 132448.218  1022.648  -151.78  100.80
 132821.871   981.010  -111.42   85.52
 133195.507   932.921  -128.69   68.63
 133569.125   884.144  -130.54   63.32
 133942.726   853.421   -82.23   66.47
 134319.404   835.785   -46.82   72.41
 134696.507   834.535    -3.31   81.21
 135073.592   842.830    22.00   89.97
 135450.659   844.413     4.20   91.90
 135827.708   861.694    45.83   90.50
 136204.739   903.604   111.15   78.87
 136581.753   915.716    32.12   85.56
 136958.749   939.353    62.69   95.73
 137335.727   965.085    68.25   98.89
 137712.687   986.512    56.84   97.07
 138089.629   954.977   -83.65  106.45
 138466.554   933.773   -56.25  100.76
 138843.460   901.171   -86.49   91.05
 139220.349   865.749   -93.97   76.53
 139597.220   832.100   -89.27   68.29
 139974.073   807.320   -65.75   54.65
 140350.909   809.853     6.72   58.31
 140727.727   815.767    15.69   50.16
 141104.527   815.268    -1.32   52.25
 141481.309   815.511     0.65   54.92
 141858.073   819.344    10.17   54.90
 142234.820   806.716   -33.51   50.62
 142611.549   798.651   -21.41   48.62
 142988.260   800.989     6.21   44.79
 143364.953   822.762    57.79   58.65
 143741.629   831.626    23.53   53.41
 144118.287   808.126   -62.38   62.17
 144494.927   790.651   -46.39   67.84
 144871.549   793.668     8.01   60.95
 145248.154   814.603    55.58   72.67
 145624.741   848.157    89.09   79.49
 146001.310   861.302    34.90   68.72
 146377.861   882.442    56.13   60.75
 146754.395   886.535    10.87   74.77
 147130.911   897.093    28.04   82.81
 147507.409   887.488   -25.51   87.16
 147883.890   875.239   -32.53   78.46
 148260.353   843.035   -85.53   57.59
 148636.798   839.790    -8.62   54.81
 149013.226   820.398   -51.51   53.92
 149389.636   815.603   -12.74   57.71
 149766.028   791.762   -63.33   58.66
 150142.402   756.000   -95.00   47.84
 150518.759   723.194   -87.16   55.13
 150895.098   703.353   -52.71   44.50
 151271.420   686.398   -45.05   35.99
 151647.724   678.876   -19.99   33.18
 152024.010   683.330    11.84   28.22
 152400.279   678.023   -14.10   21.49
 152776.530   679.297     3.38   27.47
 153152.763   686.488    19.11   25.46
 153528.978   685.424    -2.83   26.63
 153905.177   681.330   -10.88   29.06
 154281.357   666.898   -38.36   24.56
 154657.520   669.163     6.02   31.40
 155033.665   699.668    81.09   70.28
 155409.792   736.630    98.26   79.33
 155785.902   787.421   135.02   78.83
 156161.995   840.273   140.51   66.66
 156538.069   878.070   100.49   60.65
 156914.127   892.712    38.93   54.75
 157290.166   885.963   -17.95   73.09
 157666.188   856.335   -78.78   85.48
 158042.192   814.944  -110.07   73.03
 158418.179   794.535   -54.27   49.89
 158794.148   798.511    10.57   51.37
 159170.100   841.023   113.06   99.50
 159546.034   935.285   250.70  144.99
 159921.951  1023.925   235.76  142.23
 160297.850  1091.395   179.47  123.22
 160673.731  1143.398   138.33   83.65
 161049.595  1167.201    63.32   48.30
 161425.441  1143.307   -63.56   58.76
 161801.270  1112.510   -81.93   61.59
 162177.081  1083.603   -76.91   61.34
 162552.875  1045.416  -101.60   65.02
 162928.651   998.651  -124.43   97.87
 163304.410   942.868  -148.43  105.59
 163680.151   888.340  -145.10  113.87
 164055.875   816.626  -190.84  102.36
 164431.581   761.110  -147.74   66.23
 164807.270   748.579   -33.35   48.71
 165182.941   773.372    65.99   81.31
 165558.594   821.023   126.83  105.72
 165934.230   915.628   251.82  131.27
 166309.849  1005.381   238.91  113.90
 166685.450  1042.876    99.81   93.64
 167061.034  1077.985    93.47   71.98
 167436.600  1061.395   -44.17   74.79
 167812.149  1025.739   -94.93   74.74
 168187.680   994.907   -82.09   89.09
 168563.194   951.921  -114.45   85.84
 168938.690   922.485   -78.38   81.21
 169314.169   869.785  -140.33   91.72
 169689.631   804.368  -174.20   86.52
 170065.075   752.444  -138.28   83.01
 170440.501   714.646  -100.67   72.16
 170815.911   680.998   -89.62   68.06
 171191.302   668.716   -32.71   58.26
 171566.677   667.710    -2.68   58.43
 171942.034   695.989    75.33   73.69
 172317.373   734.604   102.87   91.25
 172692.695   732.671    -5.15   99.61
 173068.000   726.977   -15.17  105.36
 173443.287   704.278   -60.47  100.70
 173818.557   713.603    24.84   98.79
 174193.809   766.901   142.01   77.22
 174569.044   789.194    59.40   60.31
 174944.262   757.232   -85.17   72.25
 175319.462   722.535   -92.46   54.09
 175694.645   700.807   -57.90   43.06
 176069.811   692.842   -21.23   45.76
 176444.959   679.148   -36.50   56.25
 176820.089   653.439   -68.52   64.29
 177195.203   611.535  -111.69   63.87
 177570.299   580.201   -83.52   52.41
 177945.378   557.558   -60.36   35.67
 178320.439   551.557   -16.00   39.57
 178695.483   537.929   -36.33   36.72
 179070.510   529.512   -22.44   37.38
 179445.519   538.116    22.94   44.73
 179820.511   559.626    57.35   53.86
 180195.486   569.307    25.82   53.32
 180570.443   569.785     1.27   43.09
 180945.383   586.057    43.39   55.52
 181320.306   611.740    68.49   64.94
 181695.211   646.103    91.64   64.70
 182070.099   664.581    49.28   58.58
 182444.970   659.353   -13.94   66.85
 182819.824   647.511   -31.58   56.83
 183194.660   659.996    33.30   82.00
 183569.479   680.535    54.79   93.63
 183944.280   694.022    35.98   81.08
 184319.065   698.512    11.98   83.88
 184693.832   667.860   -81.78   82.84
 185068.582   659.285   -22.88   77.82
 185443.314   659.444     0.42   77.72
 185818.030   660.176     1.95   74.43
 186192.728   680.239    53.54   69.48
 186567.408   696.178    42.53   56.84
 186942.072   706.935    28.71   74.01
 187316.718   707.694     2.03   81.58
 187691.347   733.232    68.16   85.30
 188065.959   734.012     2.08   81.54
 188440.554   742.614    22.96   71.12
 188815.131   728.785   -36.91   76.65
 189189.691   695.046   -90.06   75.61
 189564.234   651.103  -117.31   80.47
 189938.760   612.557  -102.90   61.26
 190313.268   606.901   -15.10   65.47
 190687.759   622.557    41.80   81.73
 191062.233   652.456    79.83   91.10
 191436.690   672.421    53.31   81.34
 191811.130   660.907   -30.75   69.58
 192185.552   636.785   -64.41   64.88
 192559.958   604.512   -86.18   59.93
 192934.346   565.253  -104.84   60.06
 193308.717   531.876   -89.14   57.68
 193683.070   509.985   -58.47   47.37
 194057.407   516.239    16.71   57.61
 194431.726   531.651    41.17   66.37
 194806.028   584.716   141.75   81.46
 195180.314   622.767   101.65   88.37
 195554.581   643.535    55.48   85.22
 195928.832   629.966   -36.25   90.25
 196303.066   625.266   -12.56   87.75
 196677.282   624.126    -3.05   88.33
 197051.482   622.604    -4.06   87.11
 197425.664   636.307    36.61   73.21
 197799.829   629.057   -19.37   67.79
 198173.977   613.945   -40.38   61.91
 198548.108   605.035   -23.81   67.55
 198922.222   622.058    45.50   82.02
 199296.318   642.116    53.61  105.55
 199670.398   670.398    75.59  109.58
 200044.460   707.139    98.20   89.15
 200418.506   708.421     3.43   76.63
 200792.534   690.612   -47.61   81.67
 201166.545   665.535   -67.04   78.61
 201540.539   660.082   -14.58   88.57
 201914.516   668.330    22.05   95.63
 202288.476   685.603    46.18   97.94
 202662.419   684.852    -2.01   92.41
 203036.344   695.171    27.59   88.16
 203410.253   702.462    19.49   75.03
 203784.145   715.398    34.59   72.80
 204158.019   758.058   114.08   82.67
 204531.877   805.648   127.27   72.62
 204905.717   833.721    75.08   55.47
 205279.541   835.974     6.03   49.18
 205653.347   834.762    -3.24   43.51
 206027.137   822.560   -32.64   39.25
 206400.909   820.262    -6.15   47.13
 206774.664   813.046   -19.30   52.16
 207148.402   812.349    -1.87   59.69
 207522.124   815.011     7.12   72.16
 207895.828   814.608    -1.08   80.44
 208269.515   794.512   -53.77   94.38
 208643.185   775.835   -49.97  107.25
 209016.881   744.379   -84.16  122.69
 209393.956   674.070  -186.43  155.36
 209771.014   632.930  -109.09  149.79
 210148.054   575.916  -151.19  119.27
 210525.077   537.535  -101.78   91.27
 210902.083   535.648    -5.00   77.18
 211279.071   546.892    29.82   81.36
 211656.042   574.035    71.99   82.46
 212032.996   579.307    13.99   77.97
 212409.932   577.169    -5.67   72.41
 212786.851   596.876    52.27   78.17
 213163.753   613.260    43.46   67.99
 213540.638   630.671    46.19   61.65
 213917.505   653.488    60.53   69.50
 214294.355   679.395    68.73   76.79
 214671.188   747.876   181.69   90.71
 215048.003   796.458   128.90   93.23
 215424.801   824.921    75.53   90.54
 215801.582   837.035    32.14   94.07
 216178.346   827.012   -26.60   96.93
 216555.092   824.379    -6.99  100.63
 216931.821   836.169    31.29   89.70
 217308.533   847.876    31.07   79.10
 217685.228   863.324    41.00   74.43
 218061.905   869.012    15.10   70.59
 218438.566   876.860    20.83   57.57
 218815.209   885.330    22.48   58.11
 219191.835   875.944   -24.92   66.49
 219568.443   869.509   -17.08   66.00
 219945.034   867.148    -6.27   67.01
 220321.609   855.022   -32.19   59.23
 220698.166   861.694    17.71   48.66
 221074.705   859.330    -6.28   55.62
 221451.228   840.302   -50.53   65.99
 221827.733   815.739   -65.23   63.99
 222204.221   796.956   -49.88   55.50
 222580.692   789.535   -19.71   78.00
 222957.146   798.000    22.48   87.28
 223333.583   808.372    27.55  101.23
 223710.002   837.057    76.19  106.23
 224086.405   847.193    26.92  129.54
 224462.790   848.171     2.60  143.10
 224839.158   835.689   -33.16  151.04
 225215.509   800.535   -93.39  152.74
 225591.842   744.307  -149.38  148.61
 225968.159   672.139  -191.74  119.96
 226344.458   613.489  -155.83   84.12
 226720.741   567.219  -122.94   62.99
 227097.006   542.671   -65.23   59.75
 227473.254   534.604   -21.44   57.79
 227849.485   539.232    12.30   62.73
 228225.699   534.442   -12.73   71.80
 228601.895   515.193   -51.16   74.65
 228978.075   493.421   -57.87   76.80
 229354.237   467.253   -69.55   65.71
 229730.383   472.046    12.74   79.29
 230106.511   474.921     7.64   76.53
 230482.622   479.023    10.90   65.46
 230858.716   463.035   -42.50   59.52
 231234.793   457.860   -13.76   58.70
 231610.853   482.648    65.90   63.52
 231986.896   501.614    50.42   51.26
 232362.922   505.691    10.84   48.97
