-192192.173    61.667     0.00    4.88
-191817.678    65.309     9.72    8.57
-191443.202    69.366    10.84   10.30
-191068.745    73.040     9.81    9.59
-190694.307    75.116     5.54    9.49
-190319.889    75.820     1.88    9.20
-189945.490    74.581    -3.31    8.83
-189571.110    74.442    -0.37    8.79
-189196.750    72.842    -4.27    7.36
-188822.409    72.562    -0.75    6.78
-188448.088    71.509    -2.81    5.67
-188073.785    70.385    -3.00    4.39
-187699.502    71.540     3.09    5.03
-187325.238    72.703     3.11    5.01
-186950.994    74.064     3.64    4.57
-186576.768    73.531    -1.43    4.22
-186202.562    73.366    -0.44    4.78
-185828.375    73.109    -0.69    4.85
-185454.208    74.021     2.44    6.01
-185080.060    75.553     4.09    7.40
-184705.931    80.430    13.04    8.34
-184331.821    82.521     5.59    7.10
-183957.730    84.109     4.24    5.58
-183583.659    86.703     6.94    5.28
-183209.607    90.214     9.39    7.14
-182835.574    93.248     8.11    7.28
-182461.560    94.686     3.85    7.85
-182087.566    95.975     3.45    8.13
-181713.591    97.021     2.80    8.69
-181339.635    97.731     1.90    9.40
-180965.698    98.395     1.78    8.66
-180591.780   100.388     5.33    8.84
-180217.882   102.158     4.73    8.20
-179844.002   108.486    16.93    9.52
-179470.142   114.083    14.97    9.64
-179096.301   118.344    11.40    8.96
-178722.480   123.726    14.40    8.54
-178348.677   134.096    27.75   19.87
-177974.894   148.583    38.77   27.93
-177601.129   160.882    32.91   31.07
-177227.384   183.214    59.76   36.85
-176853.658   206.567    62.50   46.72
-176479.951   240.279    90.23   63.03
-176106.263   266.294    69.63   59.48
-175732.595   272.120    15.59   58.04
-175358.945   291.220    51.13   62.27
-174985.315   302.026    28.93   70.77
-174611.704   309.649    20.41   70.16
-174238.112   301.271   -22.43   71.53
-173864.539   269.086   -86.17   68.67
-173490.985   226.339  -114.45   35.03
-173117.450   207.239   -51.14   23.01
-172743.934   200.839   -17.14   21.23
-172370.438   197.403    -9.20   19.57
-171996.960   188.331   -24.30   21.02
-171623.501   176.465   -31.78   20.94
-171248.554   166.817   -25.74   17.61
-170871.273   161.953   -12.89   17.52
-170494.012   154.048   -20.96   16.05
-170116.770   151.726    -6.16   17.70
-169739.548   146.709   -13.30   17.24
-169362.345   147.175     1.24   19.87
-168985.161   152.612    14.42   21.87
-168607.997   156.226     9.58   23.69
-168230.853   158.575     6.23   21.79
-167853.727   156.028    -6.76   17.96
-167476.622   152.180   -10.20   16.90
-167099.536   144.534   -20.28   18.91
-166722.469   131.860   -33.62   14.62
-166345.421   122.731   -24.22   13.90
-165968.393   116.664   -16.09   13.07
-165591.385   112.388   -11.34   11.69
-165214.396   110.762    -4.31   11.70
-164837.426   108.975    -4.74   10.17
-164460.476   108.680    -0.78   10.32
-164083.545   105.170    -9.31    9.92
-163706.633   101.242   -10.42    7.41
-163329.741    97.203   -10.72    6.33
-162952.869    95.953    -3.32    5.66
-162576.015    95.180    -2.05    6.57
-162199.181    95.820     1.70    6.96
-161822.367    97.339     4.03    5.70
-161445.571    98.670     3.53    5.16
-161068.795   100.131     3.88    5.63
-160692.039   103.018     7.67    7.51
-160315.302   109.020    15.93   12.02
-159938.584   121.775    33.86   19.62
-159561.885   137.069    40.61   28.10
-159185.206   155.518    48.99   31.78
-158808.546   165.596    26.76   29.63
-158431.906   173.775    21.72   29.43
-158055.285   191.344    46.66   36.83
-157678.683   206.509    40.27   36.38
-157302.100   206.086    -1.12   35.51
-156925.537   197.643   -22.42   40.02
-156548.993   186.192   -30.42   35.86
-156172.469   188.905     7.21   41.42
-155795.963   202.375    35.78   45.25
-155419.477   237.998    94.63   48.14
-155043.010   237.726    -0.72   56.15
-154666.563   211.158   -70.59   72.49
-154290.135   174.503   -97.39   71.59
-153913.726   131.362  -114.63   32.36
-153537.336   111.441   -52.93   11.77
-153160.966   103.864   -20.14    7.78
-152784.614    98.109   -15.30    7.95
-152408.282    94.310   -10.09    8.39
-152031.970    90.112   -11.16    7.81
-151655.676    85.001   -13.59    6.97
-151279.402    81.339    -9.73    7.21
-150903.147    77.521   -10.15    7.16
-150526.911    74.771    -7.31    6.67
-150150.695    73.135    -4.35    6.64
-149774.497    73.416     0.75    8.83
-149398.319    74.339     2.45   13.05
-149022.160    79.667    14.17   18.19
-148646.021    79.953     0.76   18.28
-148269.900    74.020   -15.78   18.92
-147893.799    69.158   -12.93   17.88
-147517.717    61.453   -20.49   11.76
-147141.654    58.286    -8.42    7.57
-146765.610    56.664    -4.31    7.75
-146389.585    56.339    -0.86    8.65
-146013.580    55.248    -2.90   10.54
-145637.593    55.753     1.34   11.91
-145261.626    57.864     5.62   13.88
-144885.678    55.931    -5.14   15.09
-144509.749    52.476    -9.19   15.03
-144133.840    45.264   -19.19   13.20
-143757.949    43.976    -3.43   15.48
-143382.078    49.453    14.57   21.30
-143006.225    64.317    39.55   28.36
-142630.392    78.703    38.28   26.91
-142254.578    77.317    -3.69   25.42
-141878.783    71.658   -15.06   26.07
-141503.007    60.998   -28.37   19.77
-141127.250    53.375   -20.29   15.24
-140751.513    51.839    -4.09   13.87
-140375.794    54.620     7.40   15.36
-140000.095    57.771     8.39   15.02
-139624.414    60.375     6.93   15.09
-139248.753    59.658    -1.91   16.63
-138873.111    53.658   -15.97   16.95
-138497.488    44.385   -24.69   13.07
-138121.883    38.334   -16.11    9.24
-137746.298    33.105   -13.92    8.24
-137370.732    32.242    -2.30    9.27
-136995.185    33.044     2.14   11.87
-136619.658    35.348     6.14   13.93
-136244.149    38.658     8.81   14.53
-135868.659    40.553     5.05   12.81
-135493.188    41.929     3.66    9.64
-135117.736    39.670    -6.02    7.68
-134742.304    36.226    -9.18    6.42
-134366.890    33.771    -6.54    5.40
-133991.495    30.362    -9.08    4.28
-133616.119    28.319    -5.44    3.32
-133240.763    28.953     1.69    5.02
-132865.425    32.403     9.19    8.32
-132490.106    36.397    10.64    8.59
-132114.806    36.953     1.48    9.91
-131739.526    32.612   -11.57   11.78
-131364.264    27.317   -14.11   10.71
-130989.021    22.319   -13.32    7.61
-130613.797    19.067    -8.67    4.87
-130238.592    17.343    -4.59    3.40
-129863.406    16.175    -3.11    1.36
-129488.240    15.635    -1.44    1.29
-129113.092    15.089    -1.45    1.11
-128737.962    14.953    -0.36    1.11
-128362.852    14.855    -0.26    1.14
-127987.761    14.658    -0.53    1.30
-127612.689    14.587    -0.19    1.48
-127237.636    14.464    -0.33    1.34
-126862.601    14.612     0.39    1.48
-126487.586    15.044     1.15    1.60
-126112.589    20.397    14.28   10.19
-125737.611    26.578    16.48   12.22
-125362.653    30.635    10.82   10.49
-124987.713    33.758     8.33    7.32
-124612.792    34.511     2.01    7.25
-124237.890    35.264     2.01    6.85
-123863.006    36.362     2.93    6.15
-123488.142    33.040    -8.86    8.18
-123113.296    27.953   -13.57    9.01
-122738.470    23.909   -10.79    8.62
-122363.662    19.976   -10.49    7.17
-121988.873    18.024    -5.21    5.66
-121614.103    15.794    -5.95    1.70
-121239.352    15.309    -1.30    1.17
-120864.620    14.975    -0.89    1.36
-120489.906    14.667    -0.82    1.53
-120115.212    14.509    -0.42    1.50
-119740.536    14.604     0.26    1.65
-119365.879    14.567    -0.10    1.66
-118991.241    14.420    -0.39    1.62
-118616.621    14.627     0.55    1.65
-118242.021    14.658     0.08    1.39
-117867.439    14.405    -0.67    1.21
-117492.876    13.771    -1.69    1.39
-117118.332    16.720     7.88    7.41
-116743.806    21.771    13.49   10.48
-116369.300    29.794    21.42   12.45
-115994.812    36.083    16.80   10.36
-115620.343    38.726     7.06    9.00
-115245.893    37.089    -4.37    8.88
-114871.461    33.331   -10.04    8.70
-114497.049    31.092    -5.98    7.70
-114122.655    29.476    -4.32    7.00
-113748.279    30.353     2.34    7.85
-113373.923    30.042    -0.83    7.45
-112999.585    28.975    -2.85    7.50
-112625.266    28.686    -0.77    7.51
-112250.966    28.486    -0.53    7.33
-111876.685    27.839    -1.73    6.75
-111502.422    26.408    -3.83    7.03
-111128.178    23.109    -8.82    7.39
-110753.953    19.109   -10.69    6.19
-110379.746    16.442    -7.13    6.17
-110005.558    12.953    -9.32    3.43
-109631.389    11.442    -4.04    2.80
-109257.238    10.226    -3.25    2.88
-108883.107     9.116    -2.97    2.40
-108508.994     8.731    -1.03    2.46
-108134.899     9.232     1.34    3.21
-107760.823     9.226    -0.02    3.08
-107386.766    10.083     2.29    3.38
-107012.728    10.976     2.39    3.55
-106638.708    12.067     2.92    3.29
-106264.707    13.203     3.04    2.45
-105890.725    13.635     1.15    1.49
-105516.761    13.372    -0.70    1.42
-105142.816    13.264    -0.29    1.33
-104768.889    13.040    -0.60    1.40
-104394.981    12.731    -0.83    1.58
-104021.092    12.248    -1.29    1.86
-103647.222    11.498    -2.01    1.74
-103273.370    10.709    -2.11    1.43
-102899.536    10.739     0.08    1.54
-102525.722    10.670    -0.18    1.52
-102151.926    11.248     1.55    2.48
-101778.148    11.839     1.58    2.54
-101404.389    13.271     3.83    4.35
-101030.649    17.908    12.41   11.84
-100656.927    27.020    24.38   18.86
-100283.224    35.977    23.97   21.70
 -99909.539    47.192    30.02   22.44
 -99535.873    51.112    10.49   22.30
 -99162.226    55.820    12.60   20.23
 -98788.597    58.680     7.66   17.97
 -98414.987    56.279    -6.43   16.59
 -98041.395    56.664     1.03   16.34
 -97667.822    54.953    -4.58   14.75
 -97294.267    54.692    -0.70   14.65
 -96920.731    51.999    -7.21   14.15
 -96547.214    49.575    -6.49   12.87
 -96171.821    48.908    -1.78   13.25
 -95794.592    47.420    -3.94   13.35
 -95417.382    44.385    -8.05   11.92
 -95040.191    41.478    -7.71    8.26
 -94663.019    39.486    -5.28    5.46
 -94285.866    37.511    -5.24    4.86
 -93908.731    36.226    -3.41    4.86
 -93531.616    33.862    -6.27    4.60
 -93154.519    31.758    -5.58    4.50
 -92777.441    30.158    -4.24    4.57
 -92400.383    28.587    -4.17    4.42
 -92023.343    29.553     2.56    5.13
 -91646.322    30.680     2.99    5.64
 -91269.319    32.953     6.03    4.58
 -90892.336    34.131     3.12    3.05
 -90515.372    33.128    -2.66    3.27
 -90138.426    32.362    -2.03    3.90
 -89761.499    31.046    -3.49    4.23
 -89384.591    30.385    -1.75    4.33
 -89007.702    29.908    -1.27    3.62
 -88630.832    30.167     0.69    3.75
 -88253.981    29.612    -1.47    3.71
 -87877.148    30.977     3.62    3.49
 -87500.334    32.748     4.70    4.04
 -87123.539    35.131     6.32    4.21
 -86746.763    36.408     3.39    3.95
 -86370.006    35.064    -3.57    4.44
 -85993.268    32.548    -6.68    4.38
 -85616.548    31.820    -1.93    4.22
 -85239.847    31.860     0.11    4.76
 -84863.165    32.862     2.66    4.97
 -84486.502    35.294     6.46    5.01
 -84109.857    36.475     3.14    4.41
 -83733.231    37.135     1.75    3.78
 -83356.624    36.567    -1.51    3.92
 -82980.036    34.797    -4.70    3.42
 -82603.467    33.748    -2.79    3.22
 -82226.916    33.180    -1.51    3.18
 -81850.384    31.180    -5.31    3.33
 -81473.871    28.521    -7.06    4.12
 -81097.376    27.839    -1.81    5.35
 -80720.901    30.908     8.15    8.96
 -80344.444    34.362     9.18    9.52
 -79968.005    38.264    10.37    7.33
 -79591.586    38.589     0.86    6.83
 -79215.185    35.339    -8.64    8.23
 -78838.803    31.844    -9.29    7.94
 -78462.440    28.612    -8.59    6.67
 -78086.095    27.089    -4.05    6.09
 -77709.769    26.976    -0.30    5.81
 -77333.462    28.042     2.83    6.61
 -76957.173    29.096     2.80    7.49
 -76580.903    30.521     3.79    6.75
 -76204.652    29.731    -2.10    6.31
 -75828.420    28.509    -3.25    6.02
 -75452.206    26.680    -4.86    5.21
 -75076.011    25.524    -3.07    5.07
 -74699.834    25.567     0.11    4.43
 -74323.676    23.905    -4.42    5.26
 -73947.537    21.612    -6.10    6.46
 -73571.416    17.203   -11.72    6.12
 -73195.315    14.023    -8.46    5.30
 -72819.231    11.203    -7.50    3.25
 -72443.167     9.878    -3.52    2.16
 -72067.121     8.839    -2.76    2.28
 -71691.093     7.906    -2.48    1.99
 -71315.085     7.771    -0.36    3.33
 -70939.094     9.486     4.56    4.27
 -70563.123    10.905     3.77    4.07
 -70187.170    10.362    -1.45    4.05
 -69811.236    10.053    -0.82    4.18
 -69435.320     9.748    -0.81    4.39
 -69059.423    12.372     6.98    6.84
 -68683.544    16.908    12.07    7.74
 -68307.684    21.385    11.91    7.31
 -67931.843    25.782    11.70    7.86
 -67556.020    30.067    11.40    8.56
 -67180.216    35.153    13.54    8.98
 -66804.430    41.309    16.38    8.21
 -66428.663    45.044     9.94    6.62
 -66052.915    48.720     9.79    5.49
 -65677.185    52.597    10.32    6.92
 -65301.473    56.003     9.06    6.28
 -64925.780    56.794     2.11    4.21
 -64550.106    55.343    -3.86    4.73
 -64174.450    52.430    -7.75    4.85
 -63798.813    50.908    -4.05    5.40
 -63423.194    50.604    -0.81    6.03
 -63047.594    51.131     1.40    6.12
 -62672.012    50.778    -0.94    4.61
 -62296.449    49.362    -3.77    4.40
 -61920.904    46.534    -7.53    4.68
 -61545.378    43.953    -6.87    4.15
 -61169.870    41.620    -6.21    3.71
 -60794.381    40.558    -2.83    4.56
 -60418.910    42.496     5.16    7.43
 -60043.458    46.548    10.79    8.59
 -59668.024    50.908    11.61    7.34
 -59292.609    53.744     7.56    5.26
 -58917.212    53.214    -1.41    5.15
 -58541.834    50.271    -7.84    5.50
 -58166.474    47.048    -8.59    5.24
 -57791.132    45.975    -2.86    5.97
 -57415.809    47.976     5.33    7.90
 -57040.505    51.197     8.58    8.51
 -56665.219    54.909     9.89    5.64
 -56289.951    54.736    -0.46    4.55
 -55914.702    53.248    -3.96    5.14
 -55539.471    49.348   -10.39    5.44
 -55164.258    45.842    -9.35    5.04
 -54789.065    42.465    -9.00    4.53
 -54413.889    41.242    -3.26    4.47
 -54038.732    40.331    -2.43    5.21
 -53663.593    41.214     2.35    6.34
 -53288.473    42.953     4.64    6.32
 -52913.371    46.476     9.39    6.60
 -52538.287    50.839    11.63    8.95
 -52163.222    55.294    11.88    9.54
 -51788.175    57.953     7.09    9.01
 -51413.147    59.909     5.21    7.65
 -51038.137    60.203     0.79    6.67
 -50663.145    61.620     3.78    4.82
 -50288.172    60.175    -3.85    4.87
 -49913.217    57.908    -6.05    4.75
 -49538.280    55.997    -5.09    5.24
 -49163.362    53.139    -7.62    5.32
 -48788.462    50.553    -6.90    4.90
 -48413.580    50.385    -0.45    5.55
 -48038.717    51.589     3.21    6.29
 -47663.872    52.153     1.50    6.01
 -47289.045    52.476     0.86    5.45
 -46914.237    51.531    -2.52    5.73
 -46539.447    49.046    -6.63    6.03
 -46164.675    47.670    -3.67    6.31
 -45789.922    46.372    -3.47    6.25
 -45415.187    43.885    -6.64    5.21
 -45040.470    42.975    -2.43    5.31
 -44665.772    41.908    -2.85    4.70
 -44291.092    40.226    -4.49    4.83
 -43916.430    39.325    -2.40    5.34
 -43541.786    36.953    -6.33    6.07
 -43167.161    35.255    -4.53    6.10
 -42792.554    35.112    -0.38    5.66
 -42417.965    35.062    -0.13    5.77
 -42043.395    35.534     1.26    5.36
 -41668.842    36.680     3.06    4.23
 -41294.308    36.215    -1.24    4.31
 -40919.793    34.909    -3.49    4.51
 -40545.295    35.024     0.31    4.46
 -40170.816    33.998    -2.74    5.09
 -39796.355    32.544    -3.88    5.19
 -39421.912    32.092    -1.21    5.69
 -39047.487    30.886    -3.22    5.44
 -38673.081    29.762    -3.00    4.94
 -38298.693    27.714    -5.47    5.08
 -37924.323    25.604    -5.64    5.30
 -37549.971    24.044    -4.17    4.99
 -37175.638    22.044    -5.34    4.66
 -36801.322    21.348    -1.86    4.57
 -36427.025    19.953    -3.73    4.57
 -36052.746    19.072    -2.35    4.30
 -35678.485    17.064    -5.37    3.92
 -35304.243    15.810    -3.35    3.45
 -34930.018    14.553    -3.36    3.59
 -34555.812    13.498    -2.82    3.21
 -34181.624    12.232    -3.38    2.91
 -33807.454    11.476    -2.02    3.33
 -33433.302    11.343    -0.35    3.35
 -33059.169    11.664     0.86    4.26
 -32685.053    11.643    -0.06    4.25
 -32310.956    11.771     0.34    3.90
 -31936.877    11.589    -0.49    4.37
 -31562.816    10.977    -1.64    3.78
 -31188.773     9.521    -3.89    3.74
 -30814.748     8.328    -3.19    3.16
 -30440.742     7.067    -3.37    3.28
 -30066.753     5.604    -3.91    2.48
 -29692.783     4.271    -3.56    2.64
 -29318.830     3.589    -1.82    2.94
 -28944.896     3.024    -1.51    3.21
 -28570.980     2.112    -2.44    2.92
 -28197.082     2.353     0.64    3.02
 -27823.202     2.817     1.24    3.50
 -27449.340     2.325    -1.31    3.87
 -27075.496     1.544    -2.09    3.81
 -26701.671    -0.297    -4.92    3.29
 -26327.863    -1.442    -3.06    2.32
 -25954.074    -1.161     0.75    1.99
 -25580.302    -0.722     1.17    1.80
 -25206.549    -0.502     0.59    1.69
 -24832.813    -0.428     0.20    2.00
 -24459.096    -0.479    -0.14    2.20
 -24085.397    -0.274     0.55    2.17
 -23711.716     0.674     2.54    2.56
 -23338.052     2.089     3.79    2.97
 -22964.407     3.503     3.78    2.86
 -22590.780     4.976     3.94    2.49
 -22217.171     6.048     2.87    2.00
 -21843.580     5.930    -0.32    2.07
 -21470.007     5.885    -0.12    2.00
 -21094.174     5.232    -1.74    2.21
 -20716.989     4.317    -2.43    2.35
 -20339.822     3.928    -1.03    2.40
 -19962.674     4.021     0.25    2.64
 -19585.544     4.651     1.67    2.36
 -19208.432     4.726     0.20    2.26
 -18831.339     4.158    -1.51    2.57
 -18454.264     2.514    -4.36    3.31
 -18077.208     1.362    -3.05    3.39
 -17700.169     0.904    -1.21    3.72
 -17323.149     0.021    -2.34    3.77
 -16946.148    -1.092    -2.95    3.28
 -16569.165    -1.489    -1.05    3.14
 -16192.200    -2.615    -2.99    2.03
 -15815.253    -2.397     0.58    2.21
 -15438.325    -1.729     1.77    2.76
 -15061.415     0.627     6.25    5.10
 -14684.524     3.976     8.88    6.93
 -14307.650     5.453     3.92    6.95
 -13930.795     3.548    -5.05    7.31
 -13553.958     0.021    -9.36    7.89
 -13177.140    -4.218   -11.25    4.66
 -12800.340    -5.861    -4.36    2.40
 -12423.558    -5.592     0.71    2.51
 -12046.794    -4.774     2.17    2.81
 -11670.049    -3.808     2.57    2.71
 -11293.322    -3.949    -0.38    2.64
 -10916.613    -3.291     1.75    2.77
 -10539.923    -3.206     0.23    2.72
 -10163.250    -2.797     1.09    2.45
  -9786.596    -2.070     1.93    1.95
  -9409.961    -2.117    -0.12    1.55
  -9033.343    -2.025     0.24    1.60
  -8656.744    -1.582     1.18    1.65
  -8280.163    -1.403     0.48    1.46
  -7903.600    -1.002     1.06    1.46
  -7527.055    -0.758     0.65    1.41
  -7150.529    -0.797    -0.10    1.48
  -6774.020    -1.070    -0.73    1.63
  -6397.530    -1.592    -1.39    1.76
  -6021.059    -1.652    -0.16    1.84
  -5644.605    -2.070    -1.11    1.81
  -5268.170    -1.842     0.60    1.76
  -4891.752    -1.661     0.48    1.88
  -4515.353    -1.229     1.15    2.16
  -4138.972    -0.069     3.08    2.90
  -3762.610     0.430     1.33    3.12
  -3386.265     0.553     0.33    3.17
  -3009.939     0.558     0.01    3.03
  -2633.631     0.112    -1.18    2.50
  -2257.341    -0.024    -0.36    2.03
  -1881.069     0.521     1.45    2.56
  -1504.815     1.521     2.66    3.35
  -1128.579     2.544     2.72    3.63
   -752.362     2.680     0.36    3.61
   -376.163     1.343    -3.55    3.52
      0.019    -0.206    -4.12    2.51
    376.182    -1.047    -2.24    0.00
    752.327    -1.047     0.00    0.00
   1128.453    -0.229     2.18    2.63
   1504.562     1.534     4.69    3.96
   1880.653     4.375     7.55    4.44
   2256.725     6.334     5.21    3.15
   2632.780     6.589     0.68    2.14
   3008.816     6.021    -1.51    2.19
   3384.834     5.498    -1.39    1.76
   3760.834     4.726    -2.06    1.26
   4136.816     4.596    -0.35    1.53
   4512.780     4.430    -0.44    1.68
   4888.726     4.548     0.31    1.56
   5264.654     4.453    -0.25    1.47
   5640.564     4.395    -0.15    1.42
   6016.456     4.490     0.25    1.55
   6392.329     4.521     0.08    1.53
   6768.185     4.553     0.08    1.46
   7144.022     4.286    -0.71    1.49
   7519.842     4.395     0.29    1.39
   7895.644     4.271    -0.33    1.57
   8271.427     4.092    -0.48    1.51
   8647.192     4.004    -0.23    1.43
   9022.940     3.817    -0.50    1.53
   9398.669     3.685    -0.35    1.43
   9774.381     3.135    -1.46    1.23
  10150.074     2.771    -0.97    1.54
  10525.749     2.271    -1.33    1.38
  10901.407     2.112    -0.42    1.60
  11277.046     2.030    -0.22    1.58
  11652.668     2.248     0.58    1.52
  12028.271     2.477     0.61    1.38
  12403.857     2.642     0.44    1.33
  12779.424     2.575    -0.18    1.47
  13154.973     2.046    -1.41    1.73
  13530.505     1.976    -0.19    1.69
  13906.019     2.032     0.15    1.65
  14281.514     1.976    -0.15    1.66
  14656.992     2.092     0.31    1.54
  15032.452     1.864    -0.61    1.43
  15407.893     1.886     0.06    1.47
  15783.317     2.048     0.43    1.53
  16158.723     2.203     0.41    1.48
  16534.111     2.158    -0.12    1.42
  16909.481     2.044    -0.30    1.41
  17284.833     1.839    -0.54    1.37
  17660.167     1.488    -0.94    1.37
  18035.483     1.248    -0.64    1.49
  18410.782     1.294     0.12    1.53
  18786.062     1.408     0.30    1.47
  19161.325     1.568     0.43    1.60
  19536.569     1.720     0.41    1.44
  19911.796     1.771     0.14    1.54
  20287.005     1.325    -1.19    1.54
  20662.196     0.953    -0.99    1.43
  21037.369     0.828    -0.33    1.42
  21412.524     0.589    -0.64    1.30
  21787.662     0.594     0.01    1.22
  22162.781     0.385    -0.56    1.30
  22537.883     0.294    -0.24    1.41
  22912.967     0.186    -0.29    1.39
  23288.033     0.067    -0.32    1.33
  23663.081     0.203     0.36    1.41
  24038.111     0.567     0.97    1.26
  24413.123     0.548    -0.05    1.21
  24788.118     0.794     0.66    1.49
  25163.095     0.680    -0.30    1.37
  25538.053     0.548    -0.35    1.43
  25912.995     0.544    -0.01    1.47
  26287.918     0.148    -1.06    1.60
  26662.823    -0.115    -0.70    1.56
  27037.711    -0.698    -1.56    1.31
  27412.581    -0.729    -0.08    1.14
  27787.433    -0.683     0.12    1.26
  28162.267    -0.364     0.85    1.29
  28537.084     0.067     1.15    1.47
  28911.882     0.563     1.32    1.39
  29286.663     1.112     1.47    1.64
  29661.426     1.744     1.69    1.92
  30036.172     2.317     1.53    1.95
  30410.899     2.162    -0.41    1.96
  30785.609     1.880    -0.75    2.42
  31160.301     1.067    -2.17    2.51
  31534.975     0.720    -0.92    2.28
  31909.632     0.441    -0.74    2.36
  32284.271     0.317    -0.33    1.48
  32658.892     0.362     0.12    1.42
  33033.495     0.131    -0.62    1.28
  33408.081     0.124    -0.02    1.36
  33782.649     0.408     0.76    1.25
  34157.199     0.534     0.34    1.33
  34531.731     0.620     0.23    1.30
  34906.246     0.567    -0.14    1.26
  35280.743     0.612     0.12    1.14
  35655.222     0.323    -0.77    1.00
  36029.684     0.587     0.71    1.16
  36404.128     0.658     0.19    1.41
  36778.554     1.279     1.66    1.78
  37152.962     1.596     0.85    1.91
  37527.353     1.658     0.16    1.86
  37901.726     1.544    -0.30    1.53
  38276.082     1.366    -0.48    1.17
  38650.420     1.667     0.80    1.69
  39024.740     1.953     0.76    2.47
  39399.042     1.906    -0.12    2.40
  39773.327     2.120     0.57    2.63
  40147.594     2.294     0.47    2.67
  40521.844     2.325     0.08    2.73
  40896.076     1.801    -1.40    2.13
  41270.290     1.762    -0.10    1.71
  41644.486     1.976     0.57    1.75
  42018.665     2.441     1.24    2.09
  42392.827     2.762     0.86    2.25
  42766.970     2.498    -0.71    2.06
  43141.096     2.186    -0.84    2.01
  43515.205     1.496    -1.84    1.46
  43889.296     1.405    -0.24    1.71
  44263.369     1.544     0.37    1.73
  44637.425     1.627     0.22    2.09
  45011.463     1.930     0.81    2.13
  45385.483     2.271     0.91    2.13
  45759.486     2.548     0.74    2.18
  46133.471     3.042     1.32    2.21
  46507.439     3.358     0.84    2.50
  46881.389     3.044    -0.84    2.68
  47255.322     2.720    -0.87    2.95
  47629.237     2.385    -0.90    2.86
  48003.134     2.385     0.00    3.11
  48377.014     2.501     0.31    3.28
  48750.876     2.509     0.02    3.35
  49124.721     2.905     1.06    3.26
  49498.549     3.158     0.67    2.95
  49872.358     3.643     1.30    2.21
  50246.150     3.885     0.65    2.16
  50619.925     3.589    -0.79    2.24
  50993.682     3.075    -1.38    2.41
  51367.422     2.794    -0.75    2.35
  51741.144     2.429    -0.98    2.29
  52114.848     2.089    -0.91    2.36
  52488.535     1.302    -2.11    2.32
  52862.205     0.930    -0.99    2.37
  53235.857     0.680    -0.67    2.31
  53609.491     0.953     0.73    2.35
  53985.767     0.430    -1.39    2.02
  54362.901    -0.071    -1.33    1.37
  54740.017    -0.047     0.06    1.50
  55117.115     0.046     0.25    1.59
  55494.196     0.397     0.93    1.59
  55871.259     0.794     1.05    1.80
  56248.304     1.001     0.55    1.90
  56625.331     0.839    -0.43    1.93
  57002.340     0.976     0.36    1.82
  57379.331     1.021     0.12    1.76
  57756.305     1.067     0.12    1.57
  58133.261     1.048    -0.05    1.64
  58510.199     0.775    -0.72    1.64
  58887.119     0.302    -1.26    1.41
  59264.022     0.242    -0.16    1.59
  59640.907     0.294     0.14    1.63
  60017.774     0.257    -0.10    1.60
  60394.623     0.317     0.16    1.86
  60771.454     0.544     0.60    1.94
  61148.268     1.067     1.39    2.24
  61525.064     1.339     0.72    2.42
  61901.842     1.567     0.60    2.58
  62278.602     2.544     2.59    2.71
  62655.345     2.794     0.66    2.54
  63032.070     2.976     0.48    2.30
  63408.777     3.067     0.24    2.04
  63785.467     2.203    -2.29    2.04
  64162.138     2.317     0.30    1.94
  64538.792     2.325     0.02    1.95
  64915.429     2.627     0.80    1.92
  65292.047     2.757     0.34    1.76
  65668.648     2.116    -1.70    1.80
  66045.231     1.864    -0.67    1.73
  66421.797     1.534    -0.88    1.65
  66798.344     1.153    -1.01    1.84
  67174.875     0.929    -0.59    1.91
  67551.387     0.362    -1.51    2.19
  67927.882     0.112    -0.66    2.48
  68304.359    -0.002    -0.30    2.33
  68680.818     0.203     0.54    2.40
  69057.260     0.286     0.22    2.43
  69433.684     0.294     0.02    2.40
  69810.090     0.553     0.69    2.43
  70186.479     0.976     1.12    2.28
  70562.850     1.286     0.82    2.09
  70939.203     0.930    -0.95    1.87
  71315.539     0.909    -0.06    2.15
  71691.857     1.001     0.24    2.00
  72068.157     1.362     0.96    2.09
  72444.440     1.226    -0.36    2.15
  72820.706     0.953    -0.72    2.28
  73196.953     0.453    -1.33    2.36
  73573.183    -0.389    -2.24    2.14
  73949.395    -1.161    -2.05    2.04
  74325.590    -1.326    -0.44    1.83
  74701.767    -1.628    -0.80    1.58
  75077.927    -1.618     0.03    1.36
  75454.069    -1.647    -0.08    1.06
  75830.193    -2.024    -1.00    1.37
  76206.300    -2.297    -0.73    1.56
  76582.389    -2.469    -0.46    1.73
  76958.461    -2.524    -0.15    1.59
  77334.515    -2.303     0.59    1.62
  77710.551    -1.911     1.04    1.46
  78086.570    -1.647     0.70    1.98
  78462.572    -1.297     0.93    2.82
  78838.555    -0.833     1.23    2.87
  79214.522    -0.433     1.06    2.81
  79590.470     0.158     1.57    3.05
  79966.401     1.024     2.31    2.32
  80342.315     0.930    -0.25    2.20
  80718.211     0.778    -0.41    1.78
  81094.090     0.089    -1.83    1.53
  81469.951    -0.698    -2.10    1.11
  81845.794    -0.797    -0.26    1.10
  82221.620    -1.070    -0.73    1.30
  82597.429    -1.098    -0.07    1.38
  82973.220    -1.206    -0.29    1.45
  83348.993    -1.169     0.10    1.44
  83724.749    -0.524     1.72    1.62
  84100.488    -0.489     0.09    1.72
  84476.208    -0.342     0.39    2.47
  84851.912     0.044     1.03    2.60
  85227.598     0.111     0.18    2.79
  85603.266     0.294     0.49    2.79
  85978.918     0.262    -0.08    2.57
  86354.551    -0.091    -0.94    2.52
  86730.167    -0.825    -1.95    2.50
  87105.766    -1.582    -2.02    2.42
  87481.347    -2.070    -1.30    2.02
  87856.911    -2.468    -1.06    1.59
  88232.457    -2.388     0.21    1.35
  88607.986    -2.094     0.78    1.69
  88983.497    -2.024     0.18    1.32
  89358.991    -2.206    -0.48    1.22
  89734.468    -2.437    -0.62    1.28
  90109.927    -2.661    -0.59    1.42
  90485.369    -2.868    -0.55    1.30
  90860.793    -3.001    -0.35    1.15
  91236.200    -2.820     0.48    1.33
  91611.589    -1.628     3.17    2.04
  91986.961    -0.365     3.36    2.69
  92362.316     0.927     3.44    2.67
  92737.653     1.567     1.70    2.33
  93112.973     1.203    -0.97    2.24
  93488.276     0.953    -0.67    1.51
  93863.561     0.339    -1.63    1.24
  94238.829    -0.303    -1.71    1.26
  94614.079    -0.706    -1.07    1.20
  94989.312    -0.784    -0.21    1.22
  95364.527    -0.797    -0.04    1.51
  95739.726    -0.838    -0.11    1.60
  96114.907    -0.869    -0.08    1.48
  96490.070    -0.936    -0.18    1.48
  96865.216    -0.413     1.39    1.39
  97240.345    -0.524    -0.30    1.55
  97615.457    -0.457     0.18    1.82
  97990.551    -0.456     0.00    2.39
  98365.628     0.817     3.39    4.44
  98740.687     2.395     4.21    5.67
  99115.729     3.731     3.56    6.57
  99490.754     5.831     5.60    7.39
  99865.762     5.862     0.08    6.65
 100240.752     5.876     0.04    5.99
 100615.725     6.162     0.76    5.39
 100990.681     5.135    -2.74    5.15
 101365.619     5.697     1.50    5.01
 101740.540     4.248    -3.86    5.59
 102115.444     2.203    -5.46    5.65
 102490.330    -0.411    -6.97    4.88
 102865.199    -2.364    -5.21    3.27
 103240.051    -3.469    -2.95    1.60
 103614.886    -3.956    -1.30    0.47
 103989.703    -4.047    -0.24    0.00
 104364.503    -3.933     0.30    0.75
 104739.286    -3.021     2.43    2.55
 105114.052    -1.342     4.48    3.89
 105488.800     1.255     6.93    4.90
 105863.531     4.264     8.03    4.59
 106238.245     5.203     2.51    3.88
 106612.942     3.715    -3.97    4.64
 106987.621     0.703    -8.04    4.17
 107362.283    -1.893    -6.93    3.48
 107736.928    -3.297    -3.75    2.30
 108111.556    -3.933    -1.70    2.08
 108486.167    -4.628    -1.86    1.26
 108860.760    -3.752     2.34    2.73
 109235.336    -2.974     2.08    3.42
 109609.895    -0.252     7.27    5.21
 109984.436     1.620     5.00    4.95
 110358.961     3.348     4.62    5.27
 110733.468     4.044     1.86    5.08
 111107.958     4.744     1.87    4.94
 111482.431     5.226     1.29    4.85
 111856.887     5.078    -0.39    4.83
 112231.326     3.544    -4.10    4.90
 112605.747     2.678    -2.31    5.16
 112980.151     1.135    -4.12    5.28
 113354.538    -0.592    -4.61    4.52
 113728.908    -1.094    -1.34    4.23
 114103.261    -1.092     0.00    4.00
 114477.597     0.163     3.35    4.62
 114851.915     1.908     4.66    5.32
 115226.216     2.697     2.11    5.38
 115600.501     2.997     0.80    5.68
 115974.768     2.498    -1.33    5.38
 116349.018     1.627    -2.33    5.89
 116723.250     0.476    -3.08    6.21
 117097.466     1.190     1.91    7.02
 117471.665     0.203    -2.64    6.58
 117845.846     0.627     1.13    6.01
 118220.011     0.362    -0.71    6.18
 118594.158    -0.736    -2.93    6.45
 118968.288    -1.706    -2.59    5.34
 119342.401    -2.615    -2.43    2.91
 119716.497    -1.915     1.87    2.34
 120090.576    -1.297     1.65    1.87
 120464.638    -2.163    -2.32    2.51
 120838.682    -2.888    -1.94    2.44
 121212.710    -3.002    -0.30    2.26
 121586.721    -2.722     0.75    2.20
 121960.714    -3.229    -1.36    2.42
 122334.691    -4.303    -2.87    2.84
 122708.650    -4.274     0.08    3.43
 123082.592    -3.512     2.04    3.85
 123456.518    -1.911     4.28    3.55
 123830.426    -0.349     4.18    2.57
 124204.317    -0.098     0.67    2.39
 124578.191    -0.820    -1.93    2.48
 124952.049    -1.340    -1.39    2.49
 125325.889    -1.580    -0.64    3.31
 125699.712    -1.628    -0.13    3.23
 126073.518    -1.206     1.13    3.80
 126447.307    -1.592    -1.03    4.07
 126821.079    -1.380     0.57    3.74
 127194.834    -1.820    -1.18    3.23
 127568.572    -2.242    -1.13    3.33
 127942.293    -2.797    -1.48    3.34
 128315.997    -2.977    -0.48    3.18
 128689.685    -2.210     2.05    3.34
 129066.391    -0.115     5.56    2.71
 129443.482     0.132     0.66    2.32
 129820.554     0.362     0.61    1.96
 130197.610     0.215    -0.39    2.40
 130574.648    -0.774    -2.62    3.09
 130951.669    -2.615    -4.88    3.48
 131328.673    -4.406    -4.75    2.29
 131705.660    -5.342    -2.48    1.53
 132082.629    -5.472    -0.34    1.41
 132459.581    -5.320     0.40    1.62
 132836.515    -5.349    -0.08    1.44
 133213.432    -5.163     0.49    1.22
 133590.333    -4.138     2.72    1.90
 133967.215    -3.547     1.57    2.05
 134344.081    -3.229     0.84    1.96
 134720.929    -2.605     1.65    1.72
 135097.760    -2.979    -0.99    1.59
 135474.574    -2.547     1.15    1.47
 135851.370    -1.828     1.91    1.44
 136228.150    -1.479     0.93    1.40
 136604.912    -1.201     0.74    1.42
 136981.657    -1.489    -0.76    1.74
 137358.384    -2.274    -2.08    1.88
 137735.095    -2.931    -1.74    1.65
 138111.788    -3.842    -2.42    1.73
 138488.464    -4.837    -2.64    1.30
 138865.123    -5.661    -2.19    1.83
 139241.764    -5.904    -0.65    1.05
 139618.388    -5.842     0.16    1.17
 139994.996    -5.820     0.06    1.18
 140371.586    -5.876    -0.15    1.64
 140748.158    -6.274    -1.06    2.41
 141124.714    -6.714    -1.17    2.64
 141501.252    -7.140    -1.13    2.71
 141877.774    -6.675     1.24    2.38
 142254.278    -6.070     1.61    1.74
 142630.765    -5.683     1.03    1.20
 143007.234    -5.597     0.23    1.15
 143383.687    -5.433     0.43    1.32
 143760.122    -5.486    -0.14    1.32
 144136.541    -5.161     0.86    1.28
 144512.942    -5.092     0.18    1.03
 144889.326    -4.452     1.70    1.61
 145265.693    -3.592     2.28    1.92
 145642.043    -2.797     2.11    1.68
 146018.375    -2.433     0.97    1.43
 146394.691    -2.349     0.22    1.37
 146770.989    -2.094     0.68    1.45
 147147.270    -1.774     0.85    1.48
 147523.534    -1.947    -0.46    1.69
 147899.782    -2.456    -1.35    1.87
 148276.011    -3.193    -1.96    1.64
 148652.224    -2.642     1.46    2.85
 149028.420    -3.535    -2.37    3.91
 149404.599    -3.618    -0.22    4.70
 149780.760    -3.797    -0.47    4.76
 150156.905    -4.193    -1.05    4.29
 150533.032    -3.489     1.87    4.08
 150909.143    -4.238    -1.99    3.81
 151285.236    -3.797     1.17    3.55
 151661.312    -4.047    -0.66    2.65
 152037.371    -3.047     2.66    2.06
 152413.413    -3.229    -0.48    2.58
 152789.438    -3.210     0.05    3.15
 153165.447    -2.928     0.75    3.46
 153541.437    -3.002    -0.20    3.48
 153917.411    -2.309     1.84    3.31
 154293.368    -2.320    -0.03    3.37
 154669.308    -1.785     1.42    3.46
 155045.231    -2.047    -0.70    3.61
 155421.137    -2.547    -1.33    3.27
 155797.026    -2.502     0.12    2.93
 156172.897    -2.001     1.33    2.27
 156548.752    -1.833     0.45    2.57
 156924.590    -1.570     0.70    2.93
 157300.411    -2.001    -1.15    3.18
 157676.215    -1.714     0.76    3.40
 158052.001    -0.954     2.02    3.46
 158427.771    -0.303     1.73    3.60
 158803.524     0.748     2.80    3.14
 159179.260     1.786     2.76    1.85
 159554.979     1.186    -1.60    1.80
 159930.681     0.604    -1.55    2.35
 160306.366     0.048    -1.48    2.53
 160682.034    -0.979    -2.73    2.86
 161057.685    -1.214    -0.63    3.00
 161433.319    -1.180     0.09    2.90
 161808.936    -1.070     0.29    2.74
 162184.536    -1.628    -1.49    3.07
 162560.119    -1.838    -0.56    3.11
 162935.685    -2.138    -0.80    3.06
 163311.235     0.279     6.43    4.76
 163686.767     4.758    11.93    6.74
 164062.283     8.703    10.50    6.97
 164437.781    13.534    12.86    6.32
 164813.263    14.858     3.52    5.49
 165188.728    12.790    -5.51    6.68
 165564.175    10.930    -4.95    7.39
 165939.606     8.748    -5.81    6.39
 166315.020     7.405    -3.58    5.47
 166690.418     7.697     0.78    4.92
 167065.798     8.239     1.44    4.63
 167441.161    10.162     5.12    4.67
 167816.508    11.953     4.77    4.35
 168191.837    14.620     7.10    4.40
 168567.150    16.309     4.50    4.49
 168942.446    17.372     2.83    4.54
 169317.725    18.023     1.73    4.26
 169692.987    18.674     1.73    4.50
 170068.232    19.339     1.77    4.44
 170443.461    19.453     0.30    3.76
 170818.672    20.197     1.98    3.35
 171193.867    20.794     1.59    3.40
 171569.045    21.627     2.22    3.09
 171944.206    20.262    -3.64    4.40
 172319.350    19.317    -2.52    4.88
 172694.477    18.405    -2.43    4.59
 173069.588    18.162    -0.65    5.00
 173444.682    19.691     4.08    6.00
 173819.758    20.255     1.50    6.58
 174194.819    23.501     8.65    8.29
 174569.862    24.720     3.25    9.21
 174944.888    27.203     6.62    9.99
 175319.898    27.124    -0.21   11.09
 175694.891    23.589    -9.42   11.67
 176069.867    20.674    -7.77   10.29
 176444.826    19.139    -4.09   10.10
 176819.769    18.511    -1.67   10.18
 177194.695    19.544     2.75   10.28
 177569.603    18.511    -2.75    9.44
 177944.496    17.928    -1.56    8.81
 178319.371    16.271    -4.42    6.52
 178694.230    14.828    -3.85    3.67
 179069.072    15.762     2.49    3.83
 179443.897    18.883     8.32    5.85
 179818.705    22.604     9.93    9.02
 180193.497    26.953    11.60   11.21
 180568.272    31.124    11.13   12.35
 180943.030    35.430    11.49   13.37
 181317.771    41.855    17.14   19.43
 181692.496    49.348    19.99   21.38
 182067.204    53.046     9.87   22.92
 182441.895    53.024    -0.06   23.14
 182816.570    49.317    -9.89   22.22
 183191.228    44.028   -14.11   12.02
 183565.869    50.112    16.24   16.33
 183940.493    56.405    16.80   15.50
 184315.101    59.839     9.17   15.09
 184689.692    61.162     3.53   14.29
 185064.266    63.903     7.32   14.72
 185438.824    71.726    20.88   19.85
 185813.365    92.748    56.12   34.04
 186187.889   112.092    51.64   35.16
 186562.397   132.023    53.21   31.70
 186936.888   133.558     4.10   25.12
 187311.362   133.953     1.06   25.39
 187685.819   142.928    23.96   38.13
 188060.260   142.703    -0.60   38.44
 188434.685   143.153     1.20   37.64
 188809.092   143.651     1.33   36.54
 189183.483   133.680   -26.63   36.10
 189557.857   131.930    -4.68   38.77
 189932.215   125.635   -16.81   33.48
 190306.556   111.769   -37.04   25.44
 190680.881   109.135    -7.04   26.29
 191055.188   111.767     7.03   32.78
 191429.480   114.581     7.52   41.45
 191803.754   112.908    -4.47   36.30
 192178.012   113.611     1.88   26.12
 192552.253   122.476    23.68   26.12
 192926.478   132.004    25.46   25.65
 193300.686   137.521    14.74   27.17
 193674.878   136.180    -3.58   31.84
 194049.052   137.976     4.80   37.05
 194423.211   132.651   -14.23   41.56
 194797.353   123.528   -24.38   39.64
 195171.478   119.748   -10.10   35.27
 195545.586   122.517     7.40   43.90
 195919.678   146.953    65.31   61.32
 196293.754   180.953    90.88   57.78
 196667.813   210.023    77.70   42.93
 197041.855   207.158    -7.66   46.77
 197415.881   186.466   -55.31   47.58
 197789.890   161.658   -66.32   40.35
 198163.882   142.514   -51.18   42.09
 198537.858   136.558   -15.92   41.59
 198911.818   148.976    33.20   55.53
 199285.761   158.581    25.68   61.30
 199659.687   164.385    15.52   53.13
 200033.597   179.979    41.70   57.36
 200407.491   178.226    -4.69   51.32
 200781.368   178.620     1.05   48.05
 201155.228   166.430   -32.60   48.00
 201529.072   145.817   -55.13   41.12
 201902.899   129.294   -44.19   38.97
 202276.710   114.930   -38.42   37.45
 202650.504   103.478   -30.63   37.23
 203024.282    94.021   -25.30   38.02
 203398.044    82.488   -30.85   35.46
 203771.862    69.092   -35.83   23.90
 204148.929    65.762    -8.83   21.97
 204525.978    67.825     5.47   30.66
 204903.011    73.862    16.01   32.99
 205280.027    71.728    -5.66   29.12
 205657.026    64.883   -18.15   27.23
 206034.009    59.348   -14.68   24.74
 206410.974    53.024   -16.77   16.92
 206787.923    50.430    -6.88   15.78
 207164.855    49.716    -1.89   16.68
 207541.771    54.044    11.48   16.85
 207918.669    55.581     4.08   16.29
 208295.551    60.744    13.70   15.39
 208672.416    69.651    23.63   23.97
 209049.265    74.645    13.25   27.93
 209426.096    78.998    11.55   31.50
 209802.911    72.685   -16.75   34.51
 210179.709    60.255   -32.98   30.22
 210556.491    46.651   -36.10   19.03
 210933.255    41.553   -13.53   14.50
 211310.003    42.839     3.41   18.28
 211686.734    47.900    13.43   30.15
 212063.449    60.908    34.52   36.49
 212440.147    78.348    46.29   40.43
 212816.828   101.453    61.33   47.00
 213193.492   124.362    60.81   45.07
 213570.140   135.979    30.84   45.35
 213946.771   149.339    35.47   51.53
 214323.385   136.953   -32.88   57.61
 214699.983   120.226   -44.41   47.24
 215076.564   121.385     3.08   44.51
 215453.128   120.392    -2.64   39.52
 215829.676   134.226    36.73   45.56
 216206.207   141.979    20.59   48.93
 216582.721   158.771    44.59   55.26
 216959.219   179.023    53.78   51.00
 217335.700   199.362    54.01   59.15
 217712.164   215.271    42.25   54.50
 218088.612   220.107    12.84   53.02
 218465.043   231.680    30.74   51.52
 218841.457   243.831    32.27   62.37
 219217.855   265.112    56.53   65.52
 219594.236   280.567    41.05   57.48
 219970.600   267.278   -35.30   53.43
 220346.948   253.748   -35.94   51.76
 220723.279   252.400    -3.58   56.97
 221099.594   301.271   129.84   99.27
 221475.892   369.883   182.30  102.93
 221852.173   412.089   112.15   74.86
 222228.438   419.794    20.47   55.70
 222604.686   405.312   -38.48   58.78
 222980.918   369.226   -95.90   67.28
 223357.133   341.660   -73.26   68.85
 223733.331   320.203   -57.03   75.87
 224109.513   282.430  -100.39   85.17
 224485.679   216.578  -175.03   70.22
 224861.827   160.680  -148.58   56.79
 225237.959   130.295   -80.77   49.02
 225614.075   121.248   -24.05   44.71
 225990.174   121.930     1.81   53.87
 226366.256   121.317    -1.63   55.61
 226742.322   124.135     7.49   63.88
 227118.372   128.697    12.13   64.95
 227494.404   147.180    49.14   64.48
 227870.421   144.803    -6.32   48.33
 228246.420   163.544    49.83   42.82
 228622.404   184.248    55.06   51.15
 228998.370   180.929    -8.83   65.88
 229374.320   167.839   -34.81   77.17
 229750.254   141.795   -69.27   63.42
 230126.171   120.135   -57.61   28.94
 230502.072   129.790    25.68   41.56
 230877.956   153.953    64.27   57.80
 231253.823   199.453   121.03   67.76
 231629.674   231.338    84.82   54.84
 232005.509   237.044    15.18   57.55
 232381.327   217.628   -51.65   73.25
 232757.128   188.697   -76.97   68.20
 233132.914   186.726    -5.25   65.25
 233508.682   203.001    43.30   77.64
 233884.434   234.998    85.14   81.03
 234260.170   262.427    72.98   75.35
 234635.889   265.635     8.54   72.09
 235011.592   277.720    32.16   69.55
 235387.278   303.271    68.00   67.63
 235762.948   353.860   134.64  106.89
 236138.601   432.748   209.96  128.76
 236514.238   525.362   246.50  121.83
 236889.859   603.128   206.99   80.43
 237265.463   599.813    -8.82   91.27
 237641.050   537.408  -166.12  122.39
 238016.621   468.453  -183.56  119.42
 238392.176   388.544  -212.73   86.14
 238767.715   324.611  -170.21   72.26
 239143.236   268.680  -148.91   75.86
 239518.742   225.186  -115.81   75.71
 239894.231   205.544   -52.30   61.03
 240269.704   206.162     1.65   63.96
 240645.160   253.491   126.03  101.86
 241020.600   327.362   196.72  121.90
 241396.023   388.853   163.76   95.30
 241771.430   411.046    59.11   70.88
 242146.821   375.999   -93.34   85.24
 242522.195   306.813  -184.27   74.43
 242897.553   265.203  -110.83   51.96
 243272.895   248.697   -43.97   42.10
 243648.220   265.476    44.70   64.95
 244023.529   295.286    79.41   62.76
 244398.821   306.476    29.81   55.70
 244774.097   296.620   -26.26   60.46
 245149.357   282.403   -37.88   59.23
 245524.600   270.180   -32.57   58.61
 245899.827   259.278   -29.05   52.03
 246275.038   255.044   -11.28   50.22
 246650.232   241.837   -35.19   48.02
 247025.410   245.511     9.79   48.15
 247400.572   239.930   -14.87   44.74
 247775.717   242.568     7.03   46.05
 248150.846   254.862    32.77   56.63
 248525.959   245.855   -24.01   52.88
 248901.055   232.524   -35.53   47.69
 249276.135   233.067     1.45   41.86
 249651.199   225.172   -21.04   42.97
 250026.247   201.567   -62.93   40.23
 250401.278   183.416   -48.39   32.53
 250776.293   186.521     8.28   36.80
 251151.291   225.837   104.82   82.08
 251526.273   280.279   145.15  100.39
 251901.239   349.239   183.87   79.43
 252276.189   375.403    69.77   42.76
 252651.123   367.976   -19.81   38.27
 253026.040   343.953   -64.06   36.31
 253400.941   325.001   -50.54   31.26
 253775.825   312.703   -32.80   19.27
 254150.694   314.715     5.37   15.78
 254525.546   326.465    31.34   33.27
 254900.382   349.368    61.09   49.30
 255275.201   371.325    58.57   55.00
 255650.005   395.587    64.72   51.05
 256024.792   414.317    49.96   42.99
 256399.563   412.620    -4.53   43.18
 256774.317   407.048   -14.86   36.75
 257149.056   414.418    19.66   43.56
 257523.778   426.167    31.35   43.46
 257898.484   430.953    12.77   38.90
 258273.174   418.186   -34.07   43.50
 258647.848   409.069   -24.33   37.76
 259022.505   414.477    14.43   49.21
 259397.146   437.581    61.66   67.18
 259771.771   473.232    95.14   80.44
 260146.380   515.514   112.84   74.79
 260520.972   540.215    65.93   64.88
 260895.549   542.294     5.55   55.86
 261270.109   524.143   -48.45   51.79
 261644.653   491.339   -87.56   54.04
 262019.181   462.813   -76.15   45.52
 262393.693   468.286    14.61   65.03
 262768.188   500.453    85.87   97.82
 263142.667   547.720   126.19   91.54
 263517.131   588.147   107.94   74.73
