-149016.868    24.715     0.00    2.51
-148642.316    25.636     2.46    2.62
-148267.782    26.295     1.76    2.98
-147893.268    27.164     2.32    2.90
-147518.774    27.894     1.95    2.77
-147144.298    29.039     3.06    2.71
-146769.842    30.679     4.38    2.04
-146395.405    31.423     1.99    2.25
-146020.988    32.990     4.18    2.18
-145646.590    34.239     3.34    2.55
-145272.211    35.446     3.23    2.49
-144897.851    35.653     0.55    2.76
-144523.511    36.128     1.27    2.88
-144149.190    36.516     1.04    3.12
-143774.888    37.506     2.64    3.44
-143400.606    39.328     4.87    3.64
-143026.343    41.142     4.85    3.47
-142652.099    43.294     5.75    3.59
-142277.874    44.272     2.61    3.72
-141903.669    46.176     5.09    4.10
-141529.483    48.098     5.14    3.81
-141155.316    49.683     4.24    3.59
-140781.168    51.528     4.93    4.09
-140407.040    53.359     4.90    4.56
-140032.931    55.394     5.44    5.47
-139658.841    57.954     6.84    9.22
-139284.770    65.417    19.95   20.31
-138910.718    70.318    13.10   26.72
-138536.686    74.106    10.13   29.19
-138162.673    68.306   -15.51   14.66
-137788.679    67.417    -2.38   10.66
-137414.704    68.090     1.80   10.63
-137040.749    69.909     4.86   11.09
-136666.813    71.306     3.74    9.98
-136292.896    76.318    13.41   15.87
-135918.998    84.545    22.01   29.09
-135545.119    89.861    14.22   33.18
-135171.259    94.977    13.69   34.72
-134797.419   100.229    14.05   36.80
-134423.598   116.386    43.23   41.99
-134049.795   134.106    47.41   43.21
-133676.012   165.577    84.21   54.67
-133302.249   205.794   107.62   66.85
-132928.504   245.706   106.80   68.26
-132554.778   281.586    96.02   62.25
-132181.072   299.685    48.44   56.75
-131807.385   302.633     7.89   62.03
-131433.717   283.306   -51.73   73.11
-131060.067   250.250   -88.48   73.84
-130686.438   229.906   -54.46   73.74
-130312.827   198.522   -84.01   61.57
-129939.235   176.609   -58.66   57.43
-129565.662   155.461   -56.62   54.09
-129192.109   136.320   -51.25   50.20
-128818.574   114.664   -57.98   48.67
-128445.059    90.483   -64.74   42.11
-128071.563    71.424   -51.03   29.97
-127698.085    56.296   -40.51   12.67
-127324.627    50.121   -16.54   10.69
-126951.188    44.106   -16.11    6.54
-126576.160    41.870    -5.96    5.01
-126198.901    44.372     6.63    8.55
-125821.663    46.999     6.97   11.18
-125444.443    52.318    14.10   15.11
-125067.243    53.217     2.38   13.89
-124690.063    51.606    -4.27    8.23
-124312.902    50.749    -2.27    6.96
-123935.760    48.725    -5.37    5.67
-123558.638    47.528    -3.17    5.41
-123181.536    45.083    -6.48    5.23
-122804.452    43.842    -3.29    4.60
-122427.389    42.283    -4.13    4.32
-122050.344    41.947    -0.89    4.47
-121673.319    40.568    -3.66    4.46
-121296.314    38.617    -5.18    4.53
-120919.328    36.977    -4.35    4.35
-120542.361    34.794    -5.79    3.75
-120165.414    32.653    -5.68    3.64
-119788.486    30.359    -6.09    4.13
-119411.577    30.177    -0.48    4.33
-119034.688    30.181     0.01    4.47
-118657.818    30.061    -0.32    3.65
-118280.968    29.468    -1.57    3.61
-117904.137    27.861    -4.26    4.08
-117527.325    24.819    -8.07    3.97
-117150.533    22.816    -5.32    3.78
-116773.760    21.144    -4.44    4.01
-116397.006    19.613    -4.06    3.57
-116020.272    17.683    -5.12    3.29
-115643.557    18.022     0.90    4.02
-115266.861    18.794     2.05    4.40
-114890.185    18.598    -0.52    4.42
-114513.528    18.681     0.22    4.14
-114136.890    16.906    -4.72    4.78
-113760.272    14.659    -5.97    4.95
-113383.673    12.185    -6.57    4.67
-113007.093    10.999    -3.15    3.77
-112630.532    11.683     1.82    4.00
-112253.991    14.011     6.18    5.71
-111877.469    17.772     9.99    6.47
-111500.967    22.772    13.28    6.66
-111124.483    25.867     8.22    5.88
-110748.019    27.881     5.35    4.32
-110371.575    27.954     0.19    4.38
-109995.149    25.817    -5.68    5.09
-109618.743    22.819    -7.97    4.76
-109242.356    20.307    -6.67    4.06
-108865.988    18.545    -4.68    3.65
-108489.640    17.122    -3.78    4.11
-108113.310    17.083    -0.10    4.29
-107737.000    17.840     2.01    4.58
-107360.710    19.409     4.17    3.97
-106984.438    19.568     0.42    3.28
-106608.186    18.821    -1.98    3.31
-106231.953    15.454    -8.95    5.17
-105855.739    12.943    -6.68    4.18
-105479.544    13.639     1.85    4.86
-105103.368    14.886     3.32    4.58
-104727.212    16.516     4.34    2.94
-104351.075    15.350    -3.10    4.50
-103974.957    12.922    -6.46    5.02
-103598.858     9.840    -8.19    5.87
-103222.779     7.065    -7.38    5.48
-102846.718     4.954    -5.61    4.08
-102470.677     3.159    -4.78    3.02
-102094.655     2.545    -1.63    3.04
-101718.652     1.316    -3.27    1.56
-101342.668     0.772    -1.45    0.00
-100966.704     0.772     0.00    0.00
-100590.758     0.772     0.00    0.00
-100214.832     0.772     0.00    0.00
 -99838.925     0.772     0.00    0.00
 -99463.036     0.772     0.00    0.00
 -99087.167     0.772     0.00    0.00
 -98711.318     0.772     0.00    0.00
 -98335.487     0.772     0.00    0.00
 -97959.675     0.772     0.00    0.00
 -97583.883     0.772     0.00    0.00
 -97208.109     0.772     0.00    0.00
 -96832.355     0.772     0.00    0.00
 -96456.620     0.772     0.00    0.00
 -96080.904     0.772     0.00    0.00
 -95705.207     0.772     0.00    0.00
 -95329.529     0.772     0.00    0.00
 -94953.870     0.772     0.00    0.00
 -94578.230     0.772     0.00    0.00
 -94202.609     0.772     0.00    0.00
 -93827.007     0.772     0.00    0.00
 -93451.424     0.772     0.00    0.00
 -93075.861     0.772     0.00    0.00
 -92700.316     0.772     0.00    0.00
 -92324.791     0.772     0.00    0.00
 -91949.284     0.772     0.00    0.00
 -91573.797     0.772     0.00    0.00
 -91198.328     0.772     0.00    0.00
 -90822.879     0.772     0.00    0.00
 -90447.448     0.772     0.00    0.00
 -90072.037     0.772     0.00    0.00
 -89696.644     0.772     0.00    0.00
 -89321.271     0.772     0.00    0.00
 -88945.916     0.772     0.00    0.00
 -88570.581     0.772     0.00    0.00
 -88195.264     0.772     0.00    0.00
 -87819.967     0.772     0.00    0.00
 -87444.688     0.772     0.00    0.00
 -87069.429     0.772     0.00    0.00
 -86694.188     0.772     0.00    0.00
 -86318.966     0.772     0.00    0.00
 -85943.764     0.772     0.00    0.00
 -85568.580     0.772     0.00    0.00
 -85193.415     0.772     0.00    0.00
 -84818.269     0.795     0.06    0.15
 -84443.142     1.106     0.83    1.28
 -84068.034     3.204     5.59    4.02
 -83692.945     4.499     3.45    4.14
 -83317.875     5.454     2.55    4.61
 -82942.824     5.172    -0.75    4.37
 -82567.792     5.211     0.10    3.99
 -82192.778     6.340     3.01    4.05
 -81817.784     7.939     4.26    3.71
 -81442.808     9.659     4.59    3.15
 -81067.851     9.749     0.24    3.05
 -80692.914    10.237     1.30    3.18
 -80317.995     9.683    -1.48    3.01
 -79943.095     9.247    -1.16    3.03
 -79568.213    10.136     2.37    2.96
 -79193.351    11.041     2.41    3.10
 -78818.508    11.863     2.19    3.37
 -78443.683    12.999     3.03    3.48
 -78068.877    13.028     0.08    3.80
 -77694.091    12.950    -0.21    4.05
 -77319.322    11.097    -4.94    4.38
 -76944.573    10.045    -2.81    4.01
 -76569.843     8.577    -3.92    3.47
 -76195.131     7.977    -1.60    3.59
 -75820.439     6.994    -2.62    3.51
 -75445.765     5.681    -3.50    2.95
 -75071.110     5.685     0.01    2.92
 -74696.473     4.967    -1.92    2.47
 -74321.856     4.728    -0.64    2.36
 -73947.257     4.499    -0.61    1.69
 -73572.678     4.034    -1.24    1.33
 -73198.117     4.068     0.09    1.62
 -72823.574     4.394     0.87    1.84
 -72449.051     4.250    -0.38    1.82
 -72074.546     4.138    -0.30    1.76
 -71700.060     3.528    -1.63    1.58
 -71325.593     2.909    -1.65    1.59
 -70951.145     2.659    -0.67    1.57
 -70576.715     2.150    -1.36    1.32
 -70202.304     2.577     1.14    3.49
 -69827.912    10.098    20.09   22.02
 -69453.539    14.844    12.68   25.31
 -69079.184    16.295     3.88   24.55
 -68704.848    17.386     2.91   24.69
 -68330.531    11.318   -16.21   19.99
 -67956.233     4.350   -18.62    8.28
 -67581.953     2.337    -5.38    6.59
 -67207.692     0.795    -4.12    1.28
 -66833.450     0.409    -1.03    0.97
 -66459.226     0.306    -0.28    1.06
 -66085.021     0.318     0.03    1.09
 -65710.835     0.272    -0.12    1.27
 -65336.667     0.417     0.39    1.42
 -64962.519     0.661     0.65    1.96
 -64588.389     0.909     0.66    1.92
 -64214.277     1.136     0.61    1.91
 -63840.184     1.249     0.30    1.87
 -63466.110     1.045    -0.55    1.45
 -63092.055     1.249     0.55    1.11
 -62718.018     1.417     0.45    1.13
 -62344.000     1.639     0.59    1.08
 -61970.001     1.816     0.47    1.15
 -61596.020     1.861     0.12    1.22
 -61222.058     1.950     0.24    1.13
 -60848.114     1.931    -0.05    1.08
 -60474.190     1.977     0.12    1.02
 -60100.283     2.022     0.12    1.01
 -59726.396     2.090     0.18    0.93
 -59352.527     2.204     0.30    1.19
 -58978.676     2.883     1.82    1.84
 -58604.845     3.227     0.92    1.89
 -58231.031     4.772     4.13    5.57
 -57857.237     6.386     4.32    7.29
 -57483.461     7.861     3.95   10.07
 -57109.704     7.045    -2.18    7.52
 -56735.965     5.499    -4.14    5.17
 -56362.245     4.113    -3.71    1.22
 -55988.543     3.659    -1.22    1.20
 -55614.860     3.659     0.00    1.30
 -55241.195     3.181    -1.28    1.48
 -54867.550     2.772    -1.09    1.31
 -54493.922     2.558    -0.57    1.28
 -54120.313     2.572     0.04    1.24
 -53746.723     2.931     0.96    1.38
 -53373.151     4.661     4.63    3.73
 -52999.598     6.318     4.43    4.48
 -52626.064     7.840     4.08    5.14
 -52252.548     9.022     3.16    5.22
 -51879.050     8.272    -2.01    5.32
 -51503.558     7.924    -0.93    4.79
 -51126.348     8.795     2.31    5.39
 -50749.157    12.999    11.15    9.03
 -50371.985    19.447    17.09   10.84
 -49994.831    27.090    20.27   13.68
 -49617.697    42.994    42.17   21.51
 -49240.581    60.333    45.98   26.31
 -48863.485    83.306    60.92   33.05
 -48486.407   102.818    51.75   32.10
 -48109.348   105.409     6.87   35.00
 -47732.308   103.681    -4.58   38.63
 -47355.287    95.650   -21.30   34.60
 -46978.284    93.499    -5.71   29.83
 -46601.301   106.867    35.46   33.23
 -46224.336   112.594    15.19   30.09
 -45847.391   121.283    23.05   30.36
 -45470.464   132.702    30.30   41.84
 -45093.556   178.545   121.63   81.17
 -44716.667   214.562    95.57   76.27
 -44339.796   222.840    21.97   62.64
 -43962.945   219.499    -8.87   61.88
 -43586.112   200.840   -49.52   45.25
 -43209.298   191.972   -23.54   42.32
 -42832.503   184.320   -20.31   46.98
 -42455.727   154.659   -78.73   60.27
 -42078.969   121.016   -89.30   53.17
 -41702.231    95.931   -66.59   42.32
 -41325.511    72.681   -61.72   23.18
 -40948.810    60.999   -31.01   18.25
 -40572.127    53.859   -18.96   11.38
 -40195.464    55.284     3.78   10.95
 -39818.819    59.239    10.50   11.04
 -39442.193    62.204     7.87   10.62
 -39065.586    60.307    -5.04   11.51
 -38688.997    58.772    -4.08   12.82
 -38312.427    54.540   -11.24   12.23
 -37935.876    56.990     6.51   16.18
 -37559.344    61.098    10.91   18.34
 -37182.831    69.950    23.51   24.80
 -36806.336    80.727    28.62   25.68
 -36429.860    90.707    26.51   27.73
 -36053.403   106.328    41.50   34.46
 -35676.964   135.931    78.64   54.05
 -35300.544   156.861    55.60   48.86
 -34924.143   171.204    38.11   39.29
 -34547.761   195.306    64.04   43.74
 -34171.397   206.817    30.59   48.90
 -33795.052   209.239     6.44   51.00
 -33418.725   210.328     2.89   56.84
 -33042.418   197.337   -34.52   62.24
 -32666.129   178.350   -50.46   59.39
 -32289.859   150.439   -74.18   57.98
 -31913.607   123.795   -70.81   35.66
 -31537.374   129.033    13.92   43.08
 -31161.160   143.795    39.24   48.77
 -30784.964   176.590    87.18   59.80
 -30408.787   196.490    52.90   54.52
 -30032.629   210.681    37.73   56.34
 -29656.489   201.613   -24.11   57.44
 -29280.368   197.701   -10.40   59.90
 -28904.266   192.011   -15.13   57.56
 -28528.182   191.113    -2.39   70.50
 -28152.117   164.954   -69.56   72.59
 -27776.070   122.082  -114.01   68.61
 -27400.042    98.068   -63.86   66.02
 -27024.033    68.909   -77.55   41.20
 -26648.042    52.972   -42.39   18.61
 -26272.070    49.994    -7.92   20.67
 -25896.117    47.113    -7.66   19.98
 -25520.182    38.522   -22.85   13.86
 -25144.266    32.865   -15.05   13.55
 -24768.368    27.922   -13.15   11.80
 -24392.489    23.181   -12.61    6.88
 -24016.628    20.547    -7.01    5.17
 -23640.786    18.386    -5.75    4.72
 -23264.963    20.499     5.62    8.71
 -22889.158    20.999     1.33   10.11
 -22513.372    22.772     4.72   11.51
 -22137.604    23.622     2.26   11.79
 -21761.855    20.909    -7.22   10.69
 -21386.124    17.844    -8.16   10.10
 -21010.412    17.083    -2.02   13.08
 -20634.719    15.217    -4.97   13.81
 -20259.044    14.028    -3.16   13.00
 -19883.387    11.295    -7.28    7.60
 -19507.749    11.447     0.41    6.89
 -19132.130    10.999    -1.19    6.00
 -18756.529    10.609    -1.04    5.24
 -18380.946    10.261    -0.93    4.70
 -18005.383     8.239    -5.38    4.98
 -17629.837     7.082    -3.08    4.88
 -17254.310     5.931    -3.06    4.39
 -16878.802     4.211    -4.58    3.53
 -16503.312     3.477    -1.96    2.86
 -16127.840     2.772    -1.88    2.05
 -15752.387     2.386    -1.03    1.96
 -15376.953     2.550     0.44    2.21
 -15001.536     2.058    -1.31    2.12
 -14626.139     1.727    -0.88    2.01
 -14250.760     0.992    -1.96    0.79
 -13875.399     0.772    -0.58    0.00
 -13500.057     0.772     0.00    0.00
 -13124.733     0.772     0.00    0.00
 -12749.427     0.772     0.00    0.00
 -12374.140     1.391     1.65    1.45
 -11998.872     2.728     3.56    2.70
 -11623.622     4.028     3.47    2.74
 -11248.390     5.295     3.38    2.25
 -10873.177     5.727     1.15    2.06
 -10497.982     6.728     2.67    5.70
 -10122.806    18.617    31.69   29.71
  -9747.647    30.534    31.77   37.52
  -9372.508    39.906    24.98   36.06
  -8997.387    41.842     5.16   35.79
  -8622.284    31.954   -26.36   32.35
  -8247.199    19.906   -32.12   19.77
  -7872.133    14.577   -14.21    7.56
  -7497.085    14.090    -1.30    7.83
  -7122.056    20.439    16.93   19.80
  -6747.045    25.217    12.74   24.31
  -6372.052    28.909     9.85   25.52
  -5997.078    33.340    11.82   26.63
  -5622.122    34.727     3.70   27.81
  -5247.184    48.454    36.61   44.77
  -4872.265    54.409    15.88   44.84
  -4497.364    54.068    -0.91   45.74
  -4122.481    44.372   -25.86   40.68
  -3747.617    28.136   -43.31   25.97
  -3372.771    19.590   -22.80   22.84
  -2997.944    12.181   -19.77   18.33
  -2623.134     5.681   -17.34    1.58
  -2248.343     6.022     0.91    1.56
  -1873.570     6.363     0.91    1.44
  -1498.816     7.113     2.00    1.68
  -1124.080     6.340    -2.06    3.73
   -749.362     4.704    -4.37    4.96
   -374.663     2.454    -6.00    5.32
      0.019    -0.160    -6.98    4.09
    374.682    -1.682    -4.06    1.68
    749.326    -0.296     3.70    3.82
   1123.953     2.249     6.79    5.08
   1498.561     4.683     6.50    5.05
   1873.151     6.886     5.88    3.66
   2247.723     7.749     2.31    1.56
   2622.276     7.522    -0.61    1.33
   2996.811     7.795     0.73    1.66
   3371.328     8.590     2.12    2.01
   3745.827     8.909     0.85    2.09
   4120.307     8.772    -0.36    2.33
   4494.770     8.075    -1.86    2.43
   4869.214     7.045    -2.75    1.87
   5243.639     6.386    -1.76    1.24
   5618.047     6.477     0.24    1.55
   5992.436     6.749     0.73    2.22
   6366.808     7.499     2.00    2.90
   6741.160     9.483     5.30    3.78
   7115.495    11.177     4.52    3.92
   7489.812    12.613     3.84    2.88
   7864.110    13.217     1.61    2.85
   8238.390    12.217    -2.67    2.90
   8612.653    11.113    -2.95    2.57
   8986.896    10.818    -0.79    2.68
   9361.122    10.295    -1.40    2.53
   9735.330     9.915    -1.02    2.28
  10109.519     9.340    -1.54    2.13
  10483.690     8.249    -2.92    2.02
  10857.843     7.704    -1.46    1.69
  11231.978     7.363    -0.91    1.30
  11606.095     7.704     0.91    1.40
  11980.194     7.617    -0.23    1.51
  12354.274     7.748     0.35    1.57
  12728.337     7.816     0.18    1.60
  13102.381     7.617    -0.53    1.48
  13476.407     7.522    -0.25    1.50
  13850.415     7.400    -0.33    1.38
  14224.405     7.636     0.63    1.30
  14598.377     7.861     0.60    1.62
  14972.331     7.986     0.34    1.51
  15346.266     7.990     0.01    1.75
  15720.184     8.083     0.25    1.74
  16094.083     7.727    -0.95    1.83
  16467.965     8.558     2.22    4.14
  16841.828     8.863     0.82    4.11
  17215.673     9.394     1.42    4.82
  17589.500     8.225    -3.13    3.62
  17963.309     7.555    -1.79    1.84
  18337.100     7.350    -0.55    1.70
  18710.873     6.977    -1.00    1.64
  19084.628     6.772    -0.55    1.82
  19458.365     7.295     1.40    2.66
  19832.084     9.506     5.92    4.45
  20205.785    12.463     7.91    5.49
  20579.468    16.816    11.65    6.45
  20953.132    19.113     6.15    7.06
  21326.779    18.704    -1.09    7.79
  21700.408    17.701    -2.69    7.49
  22074.019    17.493    -0.56    6.36
  22447.611    18.150     1.76    6.52
  22821.186    19.772     4.34    6.76
  23194.743    22.490     7.27    8.26
  23570.699    28.005    14.67   16.45
  23947.859    27.840    -0.44   11.11
  24325.001    30.415     6.83   10.16
  24702.125    32.553     5.67    9.33
  25079.230    37.409    12.88   16.24
  25456.317    40.247     7.53   19.97
  25833.386    43.204     7.84   23.38
  26210.437    41.295    -5.06   18.60
  26587.469    42.977     4.46   15.22
  26964.482    54.840    31.47   26.96
  27341.478    71.943    45.36   39.78
  27718.455    86.249    37.95   48.10
  28095.413    89.912     9.72   50.76
  28472.354    87.083    -7.50   54.50
  28849.276    64.683   -59.43   32.80
  29226.180    56.844   -20.80   17.29
  29603.065    63.090    16.57   24.00
  29979.932    67.897    12.75   27.88
  30356.781    69.159     3.35   27.10
  30733.612    65.477    -9.77   24.79
  31110.424    65.330    -0.39   23.47
  31487.218    71.194    15.56   26.98
  31863.994    71.772     1.53   36.43
  32240.752    71.590    -0.48   35.01
  32617.491    72.347     2.01   30.23
  32994.212    66.022   -16.79   37.42
  33370.915    45.454   -54.60   25.63
  33747.599    34.958   -27.86   14.73
  34124.266    34.931    -0.07   17.25
  34500.914    43.528    22.82   30.84
  34877.543    62.590    50.61   41.78
  35254.155    90.702    74.64   47.28
  35630.748   112.931    59.02   44.00
  36007.323   122.528    25.48   38.85
  36383.880   118.296   -11.24   40.31
  36760.419    98.528   -52.50   35.83
  37136.940    77.795   -55.06   25.08
  37513.442    67.201   -28.14   24.36
  37889.926    56.749   -27.76   25.14
  38266.392    50.928   -15.46   23.57
  38642.839    45.045   -15.63   20.65
  39019.269    40.796   -11.29   10.75
  39395.680    50.863    26.74   18.31
  39772.073    66.454    41.42   28.92
  40148.448    80.295    36.77   33.81
  40524.805    89.159    23.55   44.67
  40901.144    81.090   -21.44   46.51
  41277.464    59.681   -56.89   32.38
  41653.767    43.121   -44.01   16.89
  42030.051    39.550    -9.49   12.17
  42406.317    38.681    -2.31   11.84
  42782.565    39.239     1.48   11.38
  43158.795    40.061     2.19   10.20
  43535.006    48.613    22.73   21.45
  43911.200    68.194    52.05   41.90
  44287.375   100.795    86.66   64.16
  44663.533   135.075    91.13   72.80
  45039.672   175.306   106.95   73.27
  45415.793   214.409   103.96   74.29
  45791.896   263.249   129.86   95.14
  46167.981   298.661    94.15   84.10
  46544.048   313.159    38.55   75.84
  46920.096   288.772   -64.85   97.74
  47296.127   236.354  -139.39   99.27
  47672.139   182.272  -143.82   71.28
  48048.134   166.431   -42.13   49.57
  48424.110   198.249    84.62   74.13
  48800.069   222.477    64.44   74.65
  49176.009   227.272    12.76   75.75
  49551.931   218.795   -22.55   76.71
  49927.835   188.629   -80.24   65.48
  50303.721   170.272   -48.83   50.36
  50679.589   151.261   -50.58   48.56
  51055.439   130.284   -55.81   50.76
  51431.271   105.633   -65.59   45.62
  51807.085    89.330   -43.38   35.18
  52182.881    73.906   -41.04   12.79
  52558.659    70.915    -7.96   15.12
  52934.419    71.931     2.70   19.71
  53310.161    68.795    -8.35   20.99
  53685.885    65.702    -8.23   22.46
  54061.590    55.090   -28.24   18.44
  54437.278    46.486   -22.90    8.58
  54812.948    39.022   -19.87    8.93
  55188.600    33.558   -14.55    8.05
  55564.234    31.272    -6.08    7.68
  55939.850    29.886    -3.69    7.01
  56315.448    29.601    -0.76    7.30
  56691.028    36.113    17.34   17.69
  57066.590    59.397    61.99   46.65
  57442.134   109.704   133.95   92.33
  57817.660   160.075   134.13   88.70
  58193.168   207.045   125.08   72.06
  58568.658   243.909    98.17   57.61
  58944.130   250.618    17.87   49.98
  59319.584   248.659    -5.22   46.73
  59695.021   243.347   -14.15   49.49
  60070.439   229.439   -37.05   67.00
  60445.840   216.493   -34.48   83.57
  60821.222   177.477  -103.93  102.54
  61196.587   122.386  -146.76   92.74
  61571.933    88.670   -89.82   62.31
  61947.262    79.431   -24.61   45.14
  62322.573    74.797   -12.35   41.56
  62697.866    82.659    20.95   38.63
  63073.141    87.075    11.77   33.76
  63448.398    79.363   -20.55   32.98
  63823.638    66.431   -34.46   29.17
  64198.859    54.003   -33.12   14.38
  64574.063    51.704    -6.13   12.46
  64949.248    51.177    -1.40   13.70
  65324.416    52.217     2.77   17.32
  65699.566    53.550     3.55   17.75
  66074.698    53.633     0.22   18.11
  66449.812    52.954    -1.81   12.11
  66824.909    50.772    -5.82    7.51
  67199.987    52.068     3.45    7.75
  67575.048    53.377     3.49    9.10
  67950.091    49.994    -9.02    9.00
  68325.116    49.572    -1.13   10.29
  68700.123    58.391    23.52   33.26
  69075.112    85.227    71.56   65.46
  69450.084    95.772    28.12   66.82
  69825.038    88.272   -20.00   64.85
  70199.974    78.958   -24.84   61.03
  70574.892    68.022   -29.17   33.94
  70949.792    72.636    12.31   34.22
  71324.674    83.114    27.95   36.34
  71699.539    94.954    31.58   44.13
  72074.386   114.311    51.64   66.13
  72449.215   131.613    46.16   78.25
  72824.026   165.045    89.19   88.67
  73198.820   179.958    39.79   87.55
  73573.596   207.728    74.09   85.61
  73948.354   237.699    79.97   82.38
  74323.094   282.204   118.75  101.50
  74697.817   299.695    46.67   93.34
  75072.521   272.098   -73.65  101.14
  75447.208   209.772  -166.33  101.48
  75821.878   150.888  -157.15   61.04
  76196.529   120.483   -81.15   39.85
  76571.163   114.247   -16.64   38.80
  76945.779   125.477    29.97   54.26
  77320.377   126.722     3.32   55.48
  77694.958   111.545   -40.52   46.71
  78069.521   103.613   -21.17   28.05
  78444.066   106.168     6.82   23.09
  78818.593   132.340    69.88   46.04
  79193.103   166.472    91.13   64.46
  79567.595   230.181   170.11   91.79
  79942.069   312.772   220.54  116.54
  80316.526   410.772   261.69  131.74
  80690.965   508.568   261.16  121.32
  81065.386   559.284   135.44   92.75
  81439.790   573.431    37.78   75.48
  81814.176   536.247   -99.31  103.99
  82188.544   448.045  -235.59  124.23
  82562.894   334.819  -302.44  117.57
  82937.227   279.749  -147.10   83.09
  83311.543   258.704   -56.22   74.13
  83685.840   262.034     8.90   83.99
  84060.120   299.522   100.15  100.95
  84434.382   305.847    16.90  110.31
  84808.627   334.159    75.64  104.56
  85182.854   383.749   132.50  110.43
  85557.064   403.863    53.75  119.10
  85931.255   412.136    22.11  128.48
  86305.429   411.534    -1.61  134.98
  86679.586   421.977    27.91  120.48
  87053.725   468.522   124.40  142.64
  87427.846   554.431   229.61  173.50
  87801.950   637.679   222.51  124.26
  88176.036   662.068    65.19   95.68
  88550.104   654.318   -20.72  108.13
  88924.155   617.367   -98.78  104.16
  89298.189   626.272    23.81  105.81
  89672.204   647.947    57.95   89.46
  90046.202   664.886    45.29   70.16
  90420.183   675.679    28.86   66.70
  90794.146   654.386   -56.94   75.96
  91168.091   644.090   -27.53   77.23
  91542.019   628.701   -41.15   80.01
  91915.930   585.386  -115.83  101.79
  92289.822   513.849  -191.31  106.57
  92663.698   446.727  -179.52  109.62
  93037.555   382.431  -171.96   98.46
  93411.395   332.977  -132.28   74.60
  93785.218   308.113   -66.51   66.06
  94159.023   310.236     5.68   68.78
  94532.811   335.522    67.64   73.76
  94906.581   346.695    29.89   58.62
  95280.333   345.977    -1.92   57.02
  95654.068   334.249   -31.38   57.27
  96027.785   325.470   -23.49   54.59
  96401.485   297.727   -74.23   54.62
  96775.168   278.601   -51.18   53.72
  97148.833   266.886   -31.35   46.99
  97522.480   260.541   -16.98   49.38
  97896.110   251.590   -23.95   44.99
  98269.723   231.431   -53.95   44.72
  98646.137   218.330   -34.80   37.52
  99023.255   230.261    31.63   52.37
  99400.355   253.497    61.61   58.33
  99777.437   263.545    26.64   54.62
 100154.502   266.413     7.61   55.37
 100531.549   235.075   -83.11   42.14
 100908.578   214.249   -55.23   39.13
 101285.589   202.296   -31.70   35.83
 101662.583   197.749   -12.06   34.60
 102039.558   186.284   -30.41   37.87
 102416.516   184.159    -5.64   38.81
 102793.456   182.633    -4.05   31.66
 103170.378   177.090   -14.70   26.90
 103547.283   184.377    19.33   25.05
 103924.170   190.447    16.11   34.37
 104301.039   199.454    23.90   44.96
 104677.890   210.563    29.48   45.61
 105054.723   220.034    25.13   45.69
 105431.539   232.363    32.72   50.15
 105808.337   265.423    87.73   56.79
 106185.117   303.946   102.23   60.57
 106561.880   322.725    49.84   55.90
 106938.624   327.681    13.16   53.15
 107315.351   300.191   -72.97   69.24
 107692.061   252.859  -125.63   75.92
 108068.752   220.249   -86.56   64.26
 108445.426   205.606   -38.87   56.56
 108822.082   255.330   132.00   93.59
 109198.720   303.516   127.92   90.18
 109575.341   330.613    71.94   97.89
 109951.944   334.136     9.35  108.46
 110328.529   317.454   -44.29  103.05
 110705.097   299.772   -46.95   71.20
 111081.647   310.330    28.04   65.38
 111458.179   320.272    26.40   68.11
 111834.694   352.227    84.86   82.72
 112211.190   383.590    83.30   74.86
 112587.670   423.477   105.94   61.89
 112964.131   432.909    25.05   65.54
 113340.575   421.681   -29.82   68.07
 113717.001   407.726   -37.07   68.09
 114093.410   388.633   -50.72   58.81
 114469.801   380.272   -22.21   58.59
 114846.174   367.493   -33.95   55.86
 115222.530   352.191   -40.66   37.40
 115598.868   342.928   -24.61   36.22
 115975.188   331.795   -29.58   39.74
 116351.491   314.194   -46.77   40.36
 116727.776   311.958    -5.94   45.48
 117104.043   312.931     2.59   54.45
 117480.293   317.886    13.17   56.32
 117856.525   305.144   -33.86   54.23
 118232.740   304.249    -2.38   51.98
 118608.937   297.840   -17.03   52.39
 118985.116   299.113     3.38   61.94
 119361.278   309.967    28.85   70.07
 119737.423   329.113    50.89   81.52
 120113.549   344.328    40.45   74.07
 120489.658   366.568    59.13   69.39
 120865.750   372.318    15.29   81.79
 121241.824   372.842     1.39   85.32
 121617.880   390.128    45.96   83.07
 121993.919   393.058     7.79   86.62
 122369.940   394.749     4.50   83.73
 122745.944   368.726   -69.20   93.54
 123121.930   326.098  -113.36   96.42
 123497.899   260.386  -174.76   71.15
 123873.850   224.725   -94.85   36.13
 124249.784   232.620    21.00   44.88
 124625.700   252.386    52.57   54.38
 125001.598   275.636    61.85   47.56
 125377.479   310.463    92.64   46.35
 125753.343   328.939    49.15   61.89
 126129.189   378.818   132.70   75.87
 126505.017   418.072   104.44   72.59
 126880.828   455.912   100.68   89.02
 127256.621   488.590    86.95   97.15
 127632.397   514.772    69.67   93.30
 128008.156   513.227    -4.11  108.96
 128383.897   497.260   -42.49  115.19
 128759.620   449.136  -128.07  124.59
 129135.326   417.820   -83.34  122.89
 129511.015   359.354  -155.61  103.47
 129886.686   311.886  -126.34   76.60
 130262.339   281.626   -80.54   55.06
 130637.975   273.090   -22.72   66.49
 131013.594   267.622   -14.56   74.14
 131389.195   260.194   -19.77   71.62
 131764.779   251.400   -23.41   68.86
 132140.345   258.307    18.39   77.30
 132515.894   251.153   -19.05   78.36
 132891.426   251.900     1.99   82.38
 133266.940   219.681   -85.79   96.73
 133642.436   170.672  -130.50   80.93
 134017.915   157.977   -33.81   77.28
 134393.377   168.204    27.24   99.05
 134768.822   203.493    93.98  110.36
 135144.248   226.931    62.42  104.05
 135519.658   203.547   -62.28  106.58
 135895.050   148.522  -146.56   69.31
 136270.425   130.058   -49.18   53.15
 136645.782   130.909     2.27   56.69
 137021.122   134.704    10.11   59.93
 137396.445   118.144   -44.12   50.32
 137771.750   100.386   -47.31   39.48
 138147.038    90.547   -26.21   38.70
 138522.308    88.318    -5.94   48.70
 138897.561    79.958   -22.27   37.58
 139272.797    75.022   -13.15   31.25
 139648.015    81.958    18.48   41.17
 140023.216    88.208    16.66   48.74
 140398.400    88.590     1.02   51.34
 140773.566    92.547    10.55   53.25
 141148.715    75.772   -44.71   45.77
 141523.847    55.261   -54.67   16.63
 141898.961    52.590    -7.12   17.80
 142274.058    52.068    -1.39   19.11
 142649.137    48.285   -10.08   17.29
 143024.200    55.181    18.38   32.74
 143399.245    61.894    17.90   41.59
 143774.272    65.204     8.82   41.19
 144149.283    66.727     4.06   37.20
 144524.276    59.377   -19.60   29.12
 144899.252    52.863   -17.37   24.35
 145274.210    48.388   -11.93   16.80
 145649.151    47.977    -1.10   17.80
 146024.075    50.963     7.96   19.30
 146398.982    50.636    -0.87   18.22
 146773.871    42.750   -21.03    8.48
 147148.743    43.016     0.71    8.90
 147523.598    44.340     3.53   10.90
 147898.436    45.522     3.15   11.24
 148273.256    42.795    -7.28   11.94
 148648.059    37.865   -13.15    9.83
 149022.845    32.999   -12.98    7.14
 149397.613    29.493    -9.35    4.23
 149772.364    31.823     6.22   10.55
 150147.098    36.204    11.69   13.29
 150521.815    40.572    11.66   14.00
 150896.515    45.394    12.87   14.69
 151271.197    51.261    15.65   16.69
 151645.862    54.454     8.52   18.52
 152020.510    57.272     7.52   17.56
 152395.141    56.875    -1.06   15.41
 152769.754    65.136    22.05   19.71
 153144.351    75.309    27.15   18.69
 153518.930    79.068    10.03   16.67
 153893.492    77.447    -4.33   17.94
 154268.036    68.493   -23.90   18.22
 154642.564    64.090   -11.75   17.86
 155017.074    72.593    22.70   31.87
 155391.567   103.159    81.61   50.87
 155766.043   123.248    53.64   41.55
 156140.502   116.840   -17.11   40.86
 156514.944   107.909   -23.85   38.70
 156889.368    93.679   -38.00   28.69
 157263.776    93.522    -0.42   25.12
 157638.166    96.413     7.72   22.27
 158012.539    96.636     0.59   20.48
 158386.895    91.609   -13.43   23.80
 158761.233    80.636   -29.31   22.10
 159135.555    75.400   -13.99   19.09
 159509.860    70.187   -13.93   15.85
 159884.147    68.499    -4.51   15.47
 160258.417    68.222    -0.74   14.65
 160632.670    71.931     9.91   12.80
 161006.906    75.284     8.96   15.66
 161381.125    78.522     8.65   16.66
 161755.327    83.423    13.10   15.24
 162129.511    86.106     7.17   24.31
 162503.679    85.068    -2.77   26.39
 162877.829    86.247     3.15   28.27
 163251.963    85.417    -2.22   22.34
 163626.079    84.191    -3.28   18.36
 164000.178    83.493    -1.86   19.49
 164374.260    85.168     4.48   19.16
 164748.325    82.106    -8.18   19.07
 165122.373    81.386    -1.92   20.93
 165496.404    80.022    -3.65   19.49
 165870.418    78.330    -4.52   17.76
 166244.415    80.818     6.65   19.12
 166618.395    82.493     4.48   18.80
 166992.357    78.121   -11.69   16.30
 167366.303    77.122    -2.67   15.83
 167740.232    74.931    -5.86   13.83
 168114.143    75.260     0.88   13.29
 168488.038    74.201    -2.83   14.15
 168861.915    68.272   -15.85   13.72
 169235.776    63.701   -12.23   12.96
 169609.619    58.493   -13.93   10.72
 169983.446    53.797   -12.56    9.88
 170357.255    54.636     2.24   12.44
 170731.048    57.601     7.93   17.01
 171104.823    58.818     3.25   17.16
 171478.582    66.704    21.10   20.40
 171852.323    69.844     8.40   19.11
 172226.048    70.493     1.74   18.42
 172599.755    70.248    -0.65   18.77
 172973.445    65.661   -12.27   15.55
 173347.119    61.177   -12.00   12.70
 173723.992    57.068   -10.90   14.18
 174101.064    49.534   -19.98   11.90
 174478.119    45.237   -11.39    9.57
 174855.157    40.749   -11.90    6.73
 175232.177    38.947    -4.78    6.76
 175609.180    35.863    -8.18    6.80
 175986.166    31.931   -10.43    7.25
 176363.135    28.439    -9.26    7.26
 176740.086    28.888     1.19   10.14
 177117.020    28.870    -0.05   13.67
 177493.937    25.090   -10.03   13.31
 177870.836    21.867    -8.55   10.33
 178247.718    17.586   -11.36    4.02
 178624.583    16.915    -1.78    4.30
 179001.431    16.260    -1.74    4.27
 179378.262    15.954    -0.81    4.48
 179755.075    15.072    -2.34    2.84
 180131.871    14.506    -1.50    1.66
 180508.650    14.354    -0.40    1.61
 180885.411    14.098    -0.68    1.81
 181262.156    13.772    -0.86    2.10
 181638.883    12.900    -2.31    1.44
 182015.593    13.159     0.69    1.85
 182392.286    13.058    -0.27    2.63
 182768.961    13.249     0.51    2.61
 183145.620    13.681     1.15    2.73
 183522.261    14.097     1.10    2.51
 183898.885    14.681     1.55    2.27
 184275.491    15.072     1.04    2.43
 184652.081    14.636    -1.16    2.84
 185028.653    13.865    -2.05    3.26
 185405.209    14.068     0.54    3.29
 185781.747    14.954     2.35    2.64
 186158.268    15.695     1.97    1.74
 186534.771    15.431    -0.70    1.49
 186911.258    16.844     3.75    6.03
 187287.727    19.318     6.57    8.73
 187664.179    20.883     4.16    8.98
 188040.615    24.122     8.60    9.40
 188417.033    25.545     3.78   10.65
 188793.433    29.167     9.62   13.40
 189169.817    31.454     6.08   12.00
 189546.184    31.702     0.66   11.64
 189922.533    26.545   -13.70   10.38
 190298.866    20.522   -16.00    6.07
 190675.181    18.798    -4.58    4.81
 191051.479    19.659     2.29    5.76
 191427.760    21.497     4.89    6.90
 191804.024    25.794    11.42    7.45
 192180.271    31.454    15.04    8.35
 192556.500    35.168     9.87    8.62
 192932.713    38.931    10.00    6.82
 193308.909    40.720     4.75    5.89
 193685.087    39.840    -2.34    6.39
 194061.248    36.909    -7.79    5.79
 194437.393    35.726    -3.14    5.88
 194813.520    34.068    -4.41    6.02
 195189.630    32.943    -2.99    6.83
 195565.723    31.477    -3.90    7.24
 195941.799    28.772    -7.19    6.32
 196317.858    26.609    -5.75    4.96
 196693.900    25.704    -2.41    4.32
 197069.925    24.982    -1.92    4.16
 197445.933    23.159    -4.85    4.31
 197821.924    20.877    -6.07    3.91
 198197.898    17.931    -7.83    4.89
 198573.855    15.144    -7.41    4.15
 198949.794    14.121    -2.72    3.71
 199325.717    13.795    -0.87    3.69
 199701.623    13.723    -0.19    3.84
 200077.512    14.204     1.28    4.33
 200453.383    13.234    -2.58    3.78
 200829.238    13.284     0.13    3.60
 201205.076    16.272     7.95    5.30
 201580.897    18.726     6.53    5.85
 201956.700    21.249     6.71    4.19
 202332.487    20.947    -0.80    3.90
 202708.257    19.113    -4.88    4.09
 203084.010    17.197    -5.10    3.84
 203459.746    15.636    -4.15    3.68
 203835.465    14.090    -4.11    3.24
 204211.167    12.796    -3.44    1.81
 204586.851    13.090     0.78    2.15
 204962.519    13.080    -0.03    2.80
 205338.171    13.068    -0.03    3.37
 205713.805    12.586    -1.28    3.16
 206089.422    12.423    -0.43    3.08
 206465.022    13.439     2.70    2.14
 206840.605    14.947     4.02    4.53
 207216.172    18.227     8.73    6.56
 207591.721    21.362     8.35    6.54
 207967.254    22.726     3.63    5.15
 208342.769    22.454    -0.72    6.14
 208718.268    21.563    -2.37    7.10
 209093.750    19.590    -5.25    6.94
 209469.215    17.983    -4.28    5.91
 209844.663    17.727    -0.68    6.08
 210220.094    16.842    -2.36    5.25
 210595.508    16.545    -0.79    4.88
 210970.905    15.586    -2.55    3.77
 211346.286    15.577    -0.02    3.80
 211721.649    15.931     0.94    4.02
 212096.996    16.926     2.65    4.42
 212472.325    18.818     5.04    4.72
 212847.638    20.028     3.22    4.45
 213222.934    19.005    -2.73    4.45
 213598.214    17.772    -3.28    4.52
 213973.476    16.397    -3.66    4.24
 214348.722    14.681    -4.57    4.24
 214723.950    13.875    -2.15    3.65
 215099.162    13.214    -1.76    2.38
 215474.357    13.999     2.09    1.99
 215849.535    14.214     0.57    1.99
 216224.696    13.340    -2.33    2.32
 216599.841    13.509     0.45    3.13
 216974.969    14.045     1.43    3.55
 217350.079    14.609     1.50    3.64
 217725.173    14.935     0.87    3.60
 218100.251    13.330    -4.28    3.07
 218475.311    13.016    -0.84    3.01
 218850.355    13.363     0.93    3.52
 219225.381    14.029     1.77    3.56
 219600.391    14.499     1.26    3.11
 219975.385    16.954     6.54    5.24
 220350.361    20.330     9.00    8.08
 220725.321    25.749    14.45   10.42
 221100.264    29.347     9.59    9.63
 221475.190    29.795     1.19    8.86
 221850.099    27.772    -5.39    8.71
 222224.992    23.568   -11.21    8.26
 222599.868    19.545   -10.73    6.31
 222974.727    17.051    -6.65    4.52
 223349.569    14.659    -6.38    2.44
 223724.395    14.167    -1.31    2.71
 224099.203    13.681    -1.30    2.55
 224473.995    13.058    -1.66    1.61
 224848.771    13.568     1.36    1.90
 225223.529    14.075     1.35    1.92
 225598.271    14.601     1.41    1.99
 225972.997    14.795     0.52    1.82
 226347.705    15.900     2.95    3.71
 226722.397    17.363     3.90    5.01
 227097.072    19.386     5.40    5.22
 227471.730    20.447     2.83    5.71
 227846.372    20.377    -0.19    6.06
 228220.997    20.054    -0.86    5.96
 228595.605    18.795    -3.36    5.40
 228970.196    17.285    -4.03    4.54
 229344.771    17.522     0.63    4.85
 229719.330    18.409     2.37    5.85
 230093.871    19.354     2.52    6.08
 230468.396    20.318     2.57    5.41
 230842.904    22.614     6.13    6.72
 231217.396    26.409    10.13    8.71
 231591.870    29.248     7.58    9.81
 231966.329    31.999     7.35    9.21
 232340.770    36.045    10.80    8.91
 232715.195    38.041     5.33   11.44
 233089.603    37.295    -1.99   12.48
 233463.995    37.614     0.85   12.54
 233838.370    35.454    -5.77   10.97
 234212.728    33.772    -4.49    9.21
 234587.070    37.249     9.29   11.58
 234961.395    38.470     3.26   11.49
 235335.703    40.798     6.22   10.60
 235709.995    42.613     4.85   10.86
 236084.270    43.522     2.43   11.10
 236458.529    45.568     5.46   12.17
 236832.771    45.679     0.30   12.01
 237206.996    46.075     1.06   10.73
 237581.205    46.863     2.11    9.00
 237955.397    48.413     4.14    8.57
 238329.573    49.749     3.57    8.83
 238703.732    53.297     9.48    8.78
 239077.875    55.144     4.94   11.45
 239452.000    55.022    -0.33   12.87
 239826.110    53.201    -4.87   12.48
 240200.203    50.840    -6.31   11.46
 240574.279    49.247    -4.26    9.78
 240948.338    47.249    -5.34   12.57
 241322.381    44.558    -7.19   12.39
 241696.408    41.795    -7.38   12.56
 242070.418    37.563   -11.31   11.83
 242444.411    32.919   -12.42   10.14
 242818.388    28.772   -11.08    8.48
 243192.349    26.406    -6.33    8.15
 243566.293    22.840    -9.53    8.15
 243940.220    20.867    -5.28    8.08
 244314.131    17.958    -7.78    4.98
 244688.025    16.653    -3.49    2.22
 245061.903    16.493    -0.43    1.98
 245435.764    15.636    -2.29    2.76
 245809.609    15.748     0.30    3.09
 246183.437    16.090     0.91    4.06
 246557.249    17.840     4.68    5.79
 246931.044    20.237     6.41    6.41
 247304.823    22.344     5.63    5.98
 247678.585    26.284    10.54    8.41
 248052.331    34.191    21.15   14.58
 248426.336    44.748    28.22   17.08
 248803.378    52.168    19.67   14.25
 249180.402    57.681    14.62   13.26
 249557.410    54.320    -8.91   15.35
 249934.402    42.516   -31.30   16.27
 250311.376    37.367   -13.66   15.35
 250688.334    34.609    -7.31   13.25
 251065.275    36.051     3.82   15.40
 251442.199    45.912    26.15   18.74
 251819.106    55.177    24.58   16.96
 252195.997    60.963    15.35   15.16
 252572.871    66.227    13.96    9.16
 252949.728    64.486    -4.62    8.64
 253326.568    62.679    -4.79   10.44
 253703.392    61.423    -3.33   11.75
 254080.199    57.891    -9.37   13.75
 254456.989    58.795     2.40   15.27
 254833.762    59.891     2.91   17.63
 255210.519    70.354    27.76   21.86
 255587.259    79.330    23.82   18.71
 255963.983    79.609     0.74   15.25
 256340.689    79.915     0.81   16.50
 256717.379    85.845    15.74   18.67
 257094.052    96.727    28.88   25.44
 257470.709   106.553    26.08   30.76
 257847.349   122.377    42.00   35.44
 258223.972   138.005    41.49   33.61
 258600.578   153.236    40.43   36.65
 258977.168   162.863    25.56   42.61
 259353.741   168.967    16.21   48.52
 259730.298   180.982    31.90   57.85
 260106.838   197.726    44.46   58.17
 260483.361   200.820     8.22   52.53
 260859.867   192.225   -22.82   44.60
 261236.357   181.172   -29.35   40.00
 261612.830   171.909   -24.60   36.00
 261989.287   164.845   -18.76   31.02
 262365.727   160.028   -12.79   35.53
 262742.150   161.463     3.81   34.43
 263118.557   159.138    -6.17   28.76
 263494.947   153.636   -14.62   28.99
 263871.320   142.997   -28.26   24.07
 264247.677   133.477   -25.29   21.13
 264624.017   132.191    -3.42   20.34
 265000.341   132.296     0.28   19.29
 265376.648   132.168    -0.34   18.16
 265752.938   123.822   -22.17   21.60
 266129.212   114.068   -25.92   20.95
 266505.469   104.820   -24.57   20.62
 266881.710    93.377   -30.41   18.66
 267257.934    87.058   -16.79   14.84
 267634.141    87.041    -0.05   20.15
 268010.332    85.113    -5.12   20.95
 268386.506    81.547    -9.48   22.40
 268762.664    76.318   -13.90   23.53
 269138.805    67.261   -24.07   18.94
 269514.929    61.653   -14.90   15.87
 269891.037    55.400   -16.62    5.86
 270267.129    52.747    -7.05    3.54
 270643.204    51.272    -3.92    2.97
 271019.262    50.486    -2.09    2.52
 271395.304    56.051    14.79   17.02
 271771.329    67.701    30.97   32.16
 272147.338    79.041    30.15   38.50
 272523.330    80.159     2.97   37.29
 272899.306    71.297   -23.56   37.61
 273275.265    60.051   -29.91   23.40
 273651.208    52.354   -20.47    4.20
 274027.134    54.272     5.10    4.88
 274403.043    57.367     8.23    4.17
 274778.936    59.182     4.83    3.45
 275154.813    58.795    -1.03    4.68
 275530.673    57.577    -3.24    4.87
 275906.517    58.354     2.07    5.91
 276282.344    59.679     3.53    6.72
 276658.155    62.553     7.64    7.74
 277033.949    71.840    24.71   15.18
 277409.726    80.699    23.57   20.61
 277785.488    89.563    23.58   21.32
 278161.232    94.795    13.92   19.91
 278536.961    90.034   -12.67   20.64
 278912.673    81.129   -23.70   14.36
 279288.368    77.672    -9.20    9.08
 279664.047    87.999    27.48   20.72
 280039.709   114.697    71.05   43.97
 280415.355   156.891   112.30   60.44
 280790.985   180.522    62.90   48.99
 281166.598   178.065    -6.54   43.79
 281542.195   161.454   -44.21   54.81
 281917.775   134.772   -71.02   52.47
 282293.339   103.423   -83.45   37.66
 282668.887    88.534   -39.64   22.51
 283044.418    94.129    14.90   24.91
 283419.932   119.486    67.51   43.37
 283795.430   148.472    77.17   53.20
 284170.912   185.545    98.71   61.80
 284546.378   204.497    50.46   58.72
 284921.827   220.129    41.63   55.31
 285297.259   222.272     5.71   55.62
 285672.676   206.225   -42.74   53.36
 286048.075   183.795   -59.73   40.50
 286423.459   162.725   -56.12   32.22
 286798.826   145.447   -46.02   28.97
 287174.177   138.382   -18.82   30.52
 287549.511   133.284   -13.58   31.83
 287924.829   128.391   -13.03   32.96
 288300.131   120.307   -21.54   31.08
 288675.416   107.888   -33.08   17.08
 289050.685   102.772   -13.63   16.82
 289425.938    95.477   -19.44   16.20
 289801.174    93.861    -4.30   17.37
 290176.394    92.214    -4.39   17.33
 290551.597    91.344    -2.32   17.97
 290926.785    97.470    16.32   31.89
 291301.956   107.818    27.57   44.97
 291677.110   115.201    19.68   52.65
 292052.248   122.516    19.50   50.59
 292427.370   127.354    12.89   48.48
 292802.476   124.051    -8.80   49.61
 293177.565   122.470    -4.21   49.23
 293552.638   113.534   -23.82   45.94
 293927.695   100.409   -34.99   31.34
 294302.736    94.796   -14.96   26.19
 294677.760    85.214   -25.54   23.37
 295052.768    80.568   -12.39   21.39
 295427.759    78.886    -4.48   23.88
 295802.734    84.819    15.82   32.87
 296177.693    93.114    22.12   35.37
 296552.636    93.891     2.07   32.34
 296927.563    91.931    -5.23   33.40
 297302.473    85.656   -16.73   32.18
 297677.367    82.840    -7.51   31.04
 298052.245    76.888   -15.87   33.42
 298427.106    68.486   -22.41   30.59
 298801.951    59.677   -23.50   20.22
 299176.780    52.377   -19.47    5.53
 299551.593    53.470     2.92   12.55
 299926.390    58.863    14.39   26.92
 300301.170    56.931    -5.15   12.61
 300675.934    58.586     4.41    8.57
 301050.682    63.058    11.93    9.62
 301425.413    66.865    10.16   12.48
 301800.129    67.586     1.92   12.52
 302174.828    62.702   -13.03   12.02
 302549.511    60.865    -4.90   14.77
 302924.178    63.819     7.88   21.17
 303298.828    58.617   -13.88   22.67
 303673.462    54.891    -9.94   24.60
 304048.081    48.344   -17.47   20.56
 304422.683    42.586   -15.37    7.87
 304797.268    42.704     0.31    4.33
 305171.838    44.340     4.37    4.99
 305546.391    46.888     6.80    5.09
 305920.929    48.653     4.71    4.77
 306295.450    51.499     7.60    8.85
 306669.955    55.544    10.80   13.63
