-251754.757    15.424     0.00   15.60
-251380.966    16.866     3.86   16.64
-251007.158    14.242    -7.02   11.85
-250633.333    13.293    -2.54   10.89
-250259.489    11.284    -5.37    8.74
-249885.628     9.715    -4.19    4.33
-249511.750     9.236    -1.28    3.12
-249137.854     8.998    -0.64    2.13
-248763.940     9.188     0.51    2.41
-248390.008     9.870     1.82    2.65
-248016.059    11.066     3.20    3.16
-247642.092    12.450     3.70    6.64
-247268.108    12.128    -0.86    6.60
-246894.105    11.289    -2.24    6.63
-246520.086     9.407    -5.03    1.83
-246146.048     8.641    -2.05    1.82
-245771.993     8.800     0.43    2.01
-245397.920     9.320     1.39    1.92
-245023.829     9.355     0.09    2.16
-244649.721     9.368     0.03    1.94
-244275.594    10.543     3.14    5.85
-243901.451    15.634    13.60   14.55
-243527.289    29.188    36.22   34.60
-243153.110    45.847    44.51   43.08
-242778.913    54.831    24.00   41.13
-242404.698    74.498    52.54   44.72
-242030.465    95.541    56.22   47.33
-241656.215   105.387    26.30   50.70
-241281.947   101.475   -10.45   53.40
-240907.662    71.141   -81.03   59.84
-240533.358    41.225   -79.91   44.30
-240159.037    20.520   -55.30   19.52
-239784.698    11.522   -24.03    5.04
-239410.341    10.976    -1.46    5.25
-239035.967    10.998     0.06    5.28
-238661.574    10.271    -1.94    3.99
-238287.164    24.403    37.74   34.61
-237912.736    50.498    69.68   57.54
-237538.291    75.430    66.57   55.38
-237163.827    89.108    36.52   52.77
-236789.346    87.498    -4.30   55.09
-236414.847    68.680   -50.24   56.96
-236040.330    43.634   -66.86   43.79
-235665.795    29.760   -37.04   31.82
-235291.243    31.010     3.34   29.78
-234916.672    38.793    20.78   34.36
-234542.084    48.547    26.03   29.90
-234167.478    45.952    -6.92   31.60
-233792.854    31.566   -38.39   24.67
-233418.213    20.657   -29.11   20.03
-233043.553    11.112   -25.47    8.06
-232668.876     8.717    -6.39    2.74
-232294.181     8.862     0.38    2.14
-231919.468     9.132     0.72    1.62
-231544.737     8.816    -0.84    1.61
-231169.988     9.066     0.67    1.66
-230795.221     9.382     0.84    1.65
-230420.437    10.157     2.07    1.99
-230045.634    10.644     1.30    1.68
-229670.814    10.407    -0.63    1.70
-229295.976     9.927    -1.28    1.90
-228921.120     9.225    -1.87    1.77
-228546.246     9.089    -0.36    1.62
-228171.354     8.684    -1.08    1.95
-227796.444     6.930    -4.68    3.02
-227421.516     5.348    -4.22    2.92
-227046.571     3.657    -4.51    2.11
-226671.607     3.056    -1.60    2.05
-226296.626     4.862     4.81    4.11
-225921.626     7.520     7.09    5.32
-225546.609    10.547     8.07    4.96
-225171.574    12.748     5.87    3.18
-224796.520    13.648     2.40    3.08
-224421.449    14.720     2.86    2.98
-224046.360    15.242     1.39    2.83
-223671.253    15.498     0.68    2.96
-223296.128    16.407     2.42    3.30
-222920.985    16.848     1.18    3.69
-222545.824    17.589     1.97    3.92
-222170.645    17.423    -0.44    4.40
-221795.448    16.165    -3.35    4.46
-221420.234    15.312    -2.27    4.30
-221045.001    13.884    -3.80    3.94
-220669.750    13.907     0.06    4.01
-220294.481    14.348     1.17    3.98
-219919.194    14.089    -0.69    3.38
-219543.889    13.474    -1.64    2.97
-219168.567    12.680    -2.11    3.15
-218793.226    12.566    -0.30    3.01
-218417.867    12.731     0.44    3.02
-218042.490    12.952     0.59    2.81
-217667.095    13.190     0.63    2.58
-217291.682    13.293     0.27    2.84
-216916.251    12.196    -2.92    2.70
-216540.802    11.787    -1.09    3.15
-216165.335    10.975    -2.16    3.19
-215789.850    10.196    -2.08    2.88
-215414.346    10.657     1.23    3.15
-215038.825    10.729     0.19    2.99
-214663.286    10.680    -0.13    2.98
-214287.729     9.793    -2.36    3.17
-213912.153     9.134    -1.75    2.31
-213536.560     8.609    -1.40    2.27
-213160.948     8.117    -1.31    2.63
-212785.318     7.521    -1.59    2.41
-212409.670     7.548     0.07    2.75
-212034.005     8.248     1.86    3.49
-211658.321    10.271     5.38    4.78
-211282.618    10.930     1.75    5.29
-210906.898    10.920    -0.03    5.55
-210531.160    10.148    -2.05    5.10
-210155.404     8.475    -4.45    2.77
-209779.629     7.376    -2.92    2.34
-209403.836     6.736    -1.70    2.07
-209028.026     5.930    -2.15    1.66
-208652.197     6.021     0.24    1.84
-208276.350     6.324     0.81    1.83
-207900.484     6.331     0.02    1.87
-207524.601     6.498     0.44    1.86
-207148.699     6.103    -1.05    1.66
-206772.780     6.312     0.56    1.44
-206396.842     7.862     4.12    6.67
-206020.886     9.046     3.15    9.14
-205644.912     8.954    -0.24    8.73
-205268.919     6.893    -5.48    3.64
-204892.909     6.089    -2.14    1.90
-204516.880     5.793    -0.79    1.81
-204140.833     5.541    -0.67    1.80
-203764.768     5.816     0.73    1.79
-203388.685     5.998     0.48    1.64
-203012.583     6.316     0.85    1.78
-202636.464     5.940    -1.00    2.50
-202260.326     5.998     0.15    2.25
-201884.170     5.657    -0.91    2.23
-201507.995     5.862     0.54    2.67
-201131.803     6.225     0.97    2.28
-200755.592     5.862    -0.97    2.34
-200379.363     5.862     0.00    1.93
-200003.116     5.975     0.30    1.85
-199626.850     5.793    -0.48    1.91
-199250.566     5.657    -0.36    1.68
-198874.264     5.362    -0.79    2.01
-198497.944     5.248    -0.30    2.01
-198121.605     5.316     0.18    2.04
-197745.249     5.498     0.48    2.08
-197368.873     5.209    -0.77    1.59
-196992.480     4.824    -1.02    1.58
-196616.068     4.339    -1.29    1.76
-196239.638     4.085    -0.67    1.53
-195863.190     4.225     0.37    1.96
-195486.724     3.987    -0.63    1.79
-195110.239     3.940    -0.12    1.78
-194733.736     4.231     0.77    1.67
-194357.214     4.022    -0.56    1.11
-193980.675     3.998    -0.06    1.19
-193604.117     4.066     0.18    1.39
-193227.540     3.963    -0.27    1.50
-192850.945     4.134     0.45    1.92
-192474.332     3.879    -0.68    2.34
-192097.701     4.054     0.46    2.26
-191721.051     4.428     0.99    2.02
-191344.383     4.225    -0.54    1.59
-190967.697     3.974    -0.67    1.55
-190590.992     4.173     0.53    1.72
-190214.269     4.543     0.98    1.57
-189837.527     4.623     0.21    1.64
-189460.768     7.387     7.33    9.82
-189083.989    12.680    14.05   19.96
-188707.193    17.407    12.54   23.82
-188330.378    16.748    -1.75   23.77
-187953.544    14.857    -5.02   23.01
-187576.693     9.339   -14.64   15.74
-187199.823     5.046   -11.39    2.32
-186822.934     5.498     1.20    3.70
-186446.027     5.854     0.94    3.84
-186069.102     8.917     8.13    7.82
-185692.158    15.975    18.72   20.49
-185315.196    27.190    29.75   25.32
-184938.215    36.293    24.14   25.98
-184561.216    37.612     3.50   22.37
-184184.198    31.862   -15.25   22.03
-183807.163    22.409   -25.07   23.31
-183430.108    11.248   -29.60   12.17
-183053.035     7.339   -10.37    9.39
-182675.944     4.864    -6.56    3.50
-182298.834     4.807    -0.15    3.22
-181923.353     4.634    -0.46    1.94
-181549.871     4.754     0.32    1.89
-181176.371     4.787     0.09    1.91
-180802.853     4.648    -0.37    1.76
-180429.316     5.293     1.73    2.19
-180055.762     6.056     2.04    2.49
-179682.189     5.974    -0.22    2.59
-179308.598     5.157    -2.19    3.31
-178934.990     4.475    -1.82    3.29
-178561.363     3.824    -1.74    2.88
-178187.718     4.298     1.27    2.87
-177814.055     4.702     1.08    2.41
-177440.373     4.917     0.57    1.80
-177066.674     4.974     0.15    1.95
-176692.956     4.452    -1.40    2.03
-176319.220     4.657     0.55    2.21
-175945.467     5.194     1.44    2.22
-175571.695     5.059    -0.36    2.13
-175197.904     5.316     0.69    2.21
-174824.096     4.707    -1.63    2.19
-174450.269     4.569    -0.37    2.13
-174076.425     4.612     0.11    2.06
-173702.562     4.339    -0.73    1.74
-173328.681     4.476     0.37    1.88
-172954.781     4.035    -1.18    1.75
-172580.864     4.098     0.17    1.76
-172206.928     4.568     1.26    2.46
-171832.974     5.593     2.74    6.44
-171459.002     5.498    -0.25    6.24
-171085.012     6.565     2.85    8.54
-170711.004     8.031     3.92    9.57
-170336.977     8.831     2.14    9.83
-169962.932     9.831     2.67   10.45
-169588.869    20.475    28.45   26.15
-169214.787    39.382    50.53   44.73
-168840.688    68.365    77.46   59.63
-168466.570    90.187    58.32   58.55
-168092.434   104.698    38.78   54.08
-167718.279    94.331   -27.70   49.60
-167344.107    72.142   -59.29   49.77
-166969.916    44.847   -72.93   40.91
-166595.707    32.021   -34.27   28.42
-166221.479    21.920   -26.99   22.23
-165847.233    20.085    -4.90   22.06
-165472.969    26.452    17.01   31.22
-165098.687    33.807    19.65   35.44
-164724.386    40.771    18.60   37.26
-164350.068    42.893     5.67   32.92
-163975.730    41.407    -3.97   24.27
-163601.375    54.907    36.06   31.69
-163227.001    85.911    82.80   53.22
-162852.609   107.339    57.23   51.64
-162478.199   120.521    35.20   43.00
-162103.770   110.698   -26.23   48.14
-161729.323    78.543   -85.86   43.09
-161354.857    58.725   -52.92   39.23
-160980.374    43.566   -40.47   32.24
-160605.872    28.475   -40.29   28.94
-160231.351    17.475   -29.37   26.10
-159856.813     8.725   -23.36   19.11
-159482.255     3.089   -15.05    1.85
-159107.680     3.452     0.97    2.08
-158733.086     4.452     2.67    5.14
-158358.474     4.589     0.36    5.06
-157983.843     4.612     0.06    5.28
-157609.194     4.248    -0.97    3.39
-157234.527     4.031    -0.58    3.01
-156859.841     3.816    -0.57    2.76
-156485.137     4.298     1.29    2.69
-156110.415    13.634    24.91   22.25
-155735.674    39.339    68.58   48.15
-155360.915    52.748    35.78   48.28
-154986.137    59.120    17.00   48.06
-154611.341    52.231   -18.38   50.90
-154236.526    35.680   -44.15   46.75
-153861.693    12.987   -60.53   22.63
-153486.842     4.451   -22.77    5.18
-153111.972     3.054    -3.73    2.57
-152737.084     3.748     1.85    3.05
-152362.177     4.409     1.76    2.93
-151987.252     4.898     1.30    3.53
-151612.309     5.043     0.39    2.91
-151237.347     4.920    -0.33    2.36
-150862.366     5.056     0.36    2.58
-150487.367     7.498     6.51    3.75
-150112.350    10.405     7.75    5.07
-149737.314    16.748    16.91    9.38
-149362.259    24.589    20.90   14.31
-148987.187    30.293    15.21   13.10
-148612.095    37.165    18.32   12.35
-148236.985    44.617    19.86   17.84
-147861.857    51.585    18.57   19.44
-147486.710    61.771    27.15   18.72
-147111.545    82.475    55.18   33.16
-146736.361   110.260    74.05   47.17
-146361.159   128.293    48.06   49.30
-145985.938   124.157   -11.02   47.36
-145610.698   113.522   -28.34   47.74
-145235.440    95.824   -47.16   35.73
-144860.164    86.930   -23.70   36.76
-144484.869    74.566   -32.94   27.58
-144109.555    66.056   -22.67   23.04
-143734.223    59.523   -17.40   18.74
-143358.873    62.157     7.02   28.14
-142983.503    76.573    38.40   44.06
-142608.116   107.542    82.49   68.48
-142232.709   136.384    76.82   66.65
-141857.284   132.634    -9.99   59.74
-141481.841   103.430   -77.78   69.74
-141106.379    62.523  -108.94   64.43
-140730.898    21.339  -109.67   31.90
-140355.399     4.596   -44.58    4.65
-139979.881     3.316    -3.41    1.93
-139604.345     3.498     0.48    2.02
-139228.790     3.754     0.68    2.23
-138853.216     3.771     0.05    2.21
-138477.624     3.448    -0.86    2.09
-138102.013     3.475     0.07    2.27
-137726.384     3.403    -0.19    2.23
-137350.736     3.165    -0.63    1.94
-136975.069     3.965     2.13    2.02
-136599.383     3.963    -0.00    1.74
-136223.679     3.816    -0.39    1.65
-135847.957     3.698    -0.31    1.36
-135472.215     3.498    -0.53    1.35
-135096.455     3.612     0.30    1.67
-134720.677     3.680     0.18    1.62
-134344.880     4.202     1.39    1.84
-133969.064     4.569     0.98    1.73
-133593.229     4.543    -0.07    1.71
-133217.376     4.303    -0.64    1.57
-132841.504     4.180    -0.33    1.49
-132465.613     4.134    -0.12    1.38
-132089.704     4.293     0.42    1.21
-131713.776     4.609     0.84    1.48
-131337.829     4.665     0.15    1.41
-130961.863     4.942     0.74    1.85
-130585.879     4.265    -1.80    2.46
-130209.876     3.407    -2.28    2.87
-129833.855     2.498    -2.42    3.08
-129457.814     1.998    -1.33    2.96
-129081.755     1.362    -1.69    2.80
-128705.678     0.879    -1.28    2.48
-128329.581     0.631    -0.66    2.39
-127953.466     0.430    -0.54    2.40
-127577.332     0.134    -0.79    2.17
-127201.179    -0.275    -1.09    1.05
-126825.007    -0.502    -0.60    0.00
-126448.817    -0.502     0.00    0.00
-126072.608    -0.502     0.00    0.00
-125696.380    -0.502     0.00    0.00
-125320.134    -0.502     0.00    0.00
-124943.868    -0.502     0.00    0.00
-124567.584    -0.502     0.00    0.00
-124191.281    -0.502     0.00    0.00
-123814.959    -0.502     0.00    0.00
-123438.619    -0.502     0.00    0.00
-123062.259    -0.502     0.00    0.00
-122685.881    -0.502     0.00    0.00
-122309.484    -0.502     0.00    0.00
-121933.068    -0.502     0.00    0.00
-121556.634    -0.502     0.00    0.00
-121180.180    -0.502     0.00    0.00
-120803.708    -0.502     0.00    0.00
-120427.217    -0.502     0.00    0.00
-120050.707    -0.502     0.00    0.00
-119674.178    -0.502     0.00    0.00
-119297.630    -0.502     0.00    0.00
-118921.064    -0.502     0.00    0.00
-118544.478    -0.502     0.00    0.00
-118167.874    -0.502     0.00    0.00
-117791.251    -0.502     0.00    0.00
-117414.609    -0.502     0.00    0.00
-117037.948    -0.502     0.00    0.00
-116661.268    -0.502     0.00    0.00
-116284.569    -0.502     0.00    0.00
-115907.852    -0.502     0.00    0.00
-115531.115    -0.502     0.00    0.00
-115154.360    -0.502     0.00    0.00
-114777.586    -0.502     0.00    0.00
-114400.792    -0.502     0.00    0.00
-114023.980    -0.502     0.00    0.00
-113647.149    -0.502     0.00    0.00
-113270.299    -0.502     0.00    0.00
-112893.430    -0.502     0.00    0.00
-112516.543    -0.502     0.00    0.00
-112139.636    -0.502     0.00    0.00
-111762.710    -0.502     0.00    0.00
-111385.765    -0.502     0.00    0.00
-111008.802    -0.502     0.00    0.00
-110631.819    -0.502     0.00    0.00
-110254.818    -0.502     0.00    0.00
-109877.797    -0.502     0.00    0.00
-109500.757    -0.502     0.00    0.00
-109123.699    -0.502     0.00    0.00
-108746.621    -0.502     0.00    0.00
-108369.525    -0.502     0.00    0.00
-107992.409    -0.502     0.00    0.00
-107615.275    -0.013     1.30    1.56
-107238.122     0.609     1.65    2.03
-106863.003     1.215     1.62    2.26
-106489.581     2.054     2.24    2.48
-106116.141     2.634     1.56    2.09
-105742.682     3.565     2.49    2.02
-105369.204     4.384     2.19    1.56
-104995.708     4.476     0.24    1.27
-104622.193     4.384    -0.24    1.28
-104248.659     4.476     0.24    1.31
-103875.107     4.009    -1.25    1.55
-103501.536     4.157     0.40    1.64
-103127.946     4.009    -0.40    1.46
-102754.338     3.680    -0.88    1.60
-102380.711     3.920     0.64    1.53
-102007.065     3.952     0.09    1.55
-101633.401     3.975     0.06    1.70
-101259.718     3.725    -0.67    1.83
-100886.017     3.452    -0.73    2.32
-100512.296     2.680    -2.07    2.42
-100138.557     2.407    -0.73    2.45
 -99764.800     2.043    -0.97    2.41
 -99391.023     1.542    -1.34    1.65
 -99017.228     1.180    -0.97    1.31
 -98643.414     1.365     0.49    1.42
 -98269.582     2.271     2.42    1.82
 -97895.730     2.854     1.56    1.69
 -97521.860     3.298     1.19    1.44
 -97147.972     3.339     0.11    1.52
 -96774.064     3.409     0.19    1.55
 -96400.138     3.428     0.05    1.59
 -96026.193     3.346    -0.22    1.73
 -95652.230     3.180    -0.44    1.75
 -95278.247     2.231    -2.54    1.67
 -94904.246     2.346     0.31    1.58
 -94530.226     2.165    -0.48    1.65
 -94156.187     2.387     0.59    2.01
 -93782.130     3.079     1.85    2.04
 -93408.054     3.324     0.65    2.00
 -93033.959     3.331     0.02    1.96
 -92659.845     3.407     0.20    1.85
 -92285.712     3.476     0.18    1.74
 -91911.561     3.454    -0.06    1.91
 -91537.390     3.316    -0.37    2.11
 -91163.201     3.103    -0.57    1.99
 -90788.994     3.565     1.23    2.09
 -90414.767     3.712     0.39    2.11
 -90040.522     3.387    -0.87    2.00
 -89666.257     3.362    -0.07    1.91
 -89291.974     3.342    -0.05    2.02
 -88917.672     3.862     1.39    2.37
 -88543.351     4.546     1.83    2.94
 -88169.012     4.431    -0.31    2.41
 -87794.653     4.376    -0.15    2.40
 -87420.276     3.911    -1.24    2.06
 -87045.880     3.975     0.17    1.98
 -86671.465     4.271     0.79    1.92
 -86297.031     4.543     0.73    1.57
 -85922.578     4.742     0.53    1.64
 -85548.106     4.771     0.08    1.73
 -85173.616     5.254     1.29    1.84
 -84799.106     5.654     1.07    1.78
 -84424.578     5.930     0.74    1.78
 -84050.031     5.475    -1.21    1.84
 -83675.465     5.816     0.91    1.86
 -83300.880     5.784    -0.09    2.06
 -82926.276     5.793     0.03    1.98
 -82551.653     6.254     1.23    1.79
 -82177.011     6.076    -0.48    1.90
 -81802.351     6.098     0.06    2.04
 -81427.671     6.112     0.04    2.14
 -81052.973     6.076    -0.10    2.02
 -80678.255     6.254     0.48    1.76
 -80303.519     5.839    -1.11    1.52
 -79928.763     5.791    -0.13    1.54
 -79553.989     5.431    -0.96    2.05
 -79179.196     4.793    -1.70    2.66
 -78804.383     3.907    -2.36    2.61
 -78429.552     3.054    -2.28    2.67
 -78054.702     2.498    -1.48    2.41
 -77679.833     2.589     0.24    1.67
 -77304.945     2.474    -0.31    1.51
 -76930.038     2.475     0.00    1.78
 -76555.112     2.748     0.73    2.20
 -76180.166     2.657    -0.24    2.26
 -75805.202     2.476    -0.48    2.63
 -75430.219     2.173    -0.81    2.67
 -75055.217     1.748    -1.13    2.71
 -74680.196     0.754    -2.65    2.42
 -74305.156     0.165    -1.57    1.79
 -73930.097    -0.213    -1.01    1.14
 -73555.019    -0.502    -0.77    0.00
 -73179.921    -0.502     0.00    0.00
 -72804.805    -0.502     0.00    0.00
 -72429.670    -0.502     0.00    0.00
 -72054.515    -0.502     0.00    0.00
 -71679.342    -0.502     0.00    0.00
 -71304.150    -0.502     0.00    0.00
 -70928.938    -0.502     0.00    0.00
 -70553.707    -0.502     0.00    0.00
 -70178.458    -0.502     0.00    0.00
 -69803.189    -0.502     0.00    0.00
 -69427.901    -0.502     0.00    0.00
 -69052.594    -0.502     0.00    0.00
 -68677.268    -0.502     0.00    0.00
 -68301.923    -0.502     0.00    0.00
 -67926.559    -0.502     0.00    0.00
 -67551.176    -0.502     0.00    0.00
 -67175.773    -0.502     0.00    0.00
 -66800.352    -0.502     0.00    0.00
 -66424.911    -0.502     0.00    0.00
 -66049.451    -0.502     0.00    0.00
 -65673.972    -0.502     0.00    0.00
 -65298.474    -0.502     0.00    0.00
 -64922.957    -0.502     0.00    0.00
 -64547.421    -0.502     0.00    0.00
 -64171.865    -0.502     0.00    0.00
 -63796.291    -0.502     0.00    0.00
 -63420.697    -0.502     0.00    0.00
 -63045.084    -0.502     0.00    0.00
 -62669.452    -0.502     0.00    0.00
 -62293.801    -0.198     0.81    1.07
 -61918.130     0.202     1.07    1.75
 -61542.440     0.809     1.61    2.19
 -61166.732     1.236     1.14    2.42
 -60791.004     2.172     2.49    2.63
 -60415.256     2.543     0.99    2.48
 -60039.490     2.965     1.12    2.01
 -59663.704     3.589     1.66    1.88
 -59287.899     4.056     1.24    2.02
 -58912.075     4.362     0.81    1.97
 -58536.232     4.548     0.50    2.05
 -58160.370     5.342     2.11    1.87
 -57784.488     5.265    -0.20    1.52
 -57408.587     5.521     0.68    1.45
 -57032.667     5.498    -0.06    1.46
 -56656.727     5.450    -0.13    1.74
 -56280.768     5.521     0.19    1.96
 -55904.791     5.547     0.07    2.00
 -55528.793     5.565     0.05    2.04
 -55152.777     5.316    -0.66    2.37
 -54776.741     5.180    -0.36    2.40
 -54400.686     5.431     0.67    1.98
 -54024.612     5.598     0.44    2.00
 -53648.518     5.839     0.64    1.99
 -53272.405     5.569    -0.72    2.54
 -52896.273     5.657     0.23    2.43
 -52520.121     5.809     0.40    2.27
 -52143.951     5.793    -0.04    1.91
 -51767.761     5.824     0.08    1.56
 -51391.551     5.644    -0.48    1.49
 -51015.322     5.698     0.14    1.62
 -50639.074     6.134     1.16    1.63
 -50262.807     6.452     0.85    1.58
 -49886.520     6.520     0.18    1.60
 -49510.214     6.589     0.18    2.00
 -49133.889     6.868     0.74    2.08
 -48757.544     6.680    -0.50    2.21
 -48381.180     6.965     0.76    2.20
 -48004.796     6.930    -0.09    1.63
 -47628.394     7.180     0.66    1.76
 -47251.971     7.165    -0.04    1.52
 -46875.530     6.362    -2.13    1.49
 -46499.069     5.907    -1.21    1.57
 -46122.589     5.521    -1.03    1.80
 -45746.089     5.066    -1.21    1.68
 -45369.570     5.009    -0.15    1.63
 -44993.031     5.089     0.21    1.60
 -44616.473     5.128     0.10    1.90
 -44239.896     5.215     0.23    2.03
 -43863.299     4.898    -0.84    1.95
 -43486.683     5.021     0.33    2.02
 -43110.047     4.893    -0.34    1.64
 -42733.392     4.987     0.25    1.42
 -42356.718     5.212     0.60    1.25
 -41980.024     5.281     0.18    1.47
 -41603.311     5.362     0.22    1.53
 -41226.578     5.542     0.48    1.49
 -40849.826     5.362    -0.48    1.59
 -40473.054     5.327    -0.09    1.53
 -40096.263     5.293    -0.09    1.61
 -39719.452     5.498     0.54    1.56
 -39342.622     5.231    -0.71    1.63
 -38965.773     5.231     0.00    1.79
 -38588.904     5.219    -0.03    1.80
 -38212.015     5.680     1.22    2.03
 -37835.107     5.823     0.38    1.90
 -37458.180     5.884     0.16    1.71
 -37081.233     5.816    -0.18    1.88
 -36704.266     5.930     0.30    1.72
 -36327.280     6.231     0.80    2.07
 -35950.275     6.546     0.83    2.00
 -35573.250     6.654     0.29    2.04
 -35196.205     6.807     0.41    2.07
 -34819.141     6.676    -0.35    2.17
 -34442.057     5.809    -2.30    1.78
 -34064.954     5.998     0.50    1.82
 -33687.831     6.085     0.23    1.72
 -33310.689     6.093     0.02    1.62
 -32933.527     5.876    -0.58    1.72
 -32556.346     5.634    -0.64    1.34
 -32179.145     5.952     0.84    1.50
 -31804.390     5.831    -0.32    1.67
 -31431.031     5.654    -0.48    1.54
 -31057.653     5.742     0.24    1.71
 -30684.256     5.876     0.36    1.84
 -30310.839     5.976     0.27    1.93
 -29937.404     6.089     0.30    1.76
 -29563.949     6.098     0.02    1.75
 -29190.475     5.809    -0.77    1.53
 -28816.982     5.389    -1.12    1.45
 -28443.470     5.302    -0.23    1.26
 -28069.938     5.157    -0.39    1.03
 -27696.387     5.142    -0.04    1.09
 -27322.817     5.362     0.59    1.25
 -26949.228     5.254    -0.29    1.26
 -26575.620     5.142    -0.30    1.26
 -26201.993     4.942    -0.54    1.32
 -25828.346     4.898    -0.12    1.40
 -25454.680     4.884    -0.04    1.40
 -25080.995     4.942     0.16    1.49
 -24707.290     5.009     0.18    1.39
 -24333.566     5.112     0.27    1.43
 -23959.824     5.365     0.68    1.38
 -23586.061     5.731     0.98    1.43
 -23212.280     5.868     0.37    1.54
 -22838.479     6.316     1.20    1.81
 -22464.659     7.520     3.22    2.51
 -22090.820     9.259     4.65    3.34
 -21716.961    11.259     5.35    3.47
 -21343.084    13.430     5.81    3.69
 -20969.187    15.382     5.22    3.92
 -20595.270    17.520     5.72    3.88
 -20221.335    18.998     3.95    3.85
 -19847.380    21.281     6.10    3.93
 -19473.405    22.498     3.26    4.76
 -19099.412    22.781     0.76    5.72
 -18725.399    24.475     4.53    6.69
 -18351.367    27.331     7.64    8.26
 -17977.315    27.320    -0.03    9.03
 -17603.244    28.742     3.80    9.10
 -17229.154    28.742     0.00    8.36
 -16855.045    35.316    17.57   19.15
 -16480.916    38.793     9.29   21.25
 -16106.767    39.816     2.73   23.27
 -15732.600    42.149     6.24   23.13
 -15358.413    40.680    -3.93   22.89
 -14984.207    48.423    20.69   29.28
 -14609.981    51.009     6.91   31.10
 -14235.736    44.870   -16.40   30.10
 -13861.471    38.365   -17.38   25.53
 -13487.188    29.431   -23.87   23.44
 -13112.884    18.403   -29.46   14.58
 -12738.562    14.612   -10.13    5.66
 -12364.220    14.498    -0.30    6.07
 -11989.858    15.475     2.61    6.33
 -11615.478    15.312    -0.44    6.47
 -11241.077    13.387    -5.14    6.22
 -10866.658    10.631    -7.36    2.76
 -10492.219    10.165    -1.25    2.76
 -10117.760    10.043    -0.32    2.41
  -9743.282    10.173     0.35    2.39
  -9368.785    10.680     1.35    2.88
  -8994.268    10.298    -1.02    3.00
  -8619.732     9.430    -2.32    3.05
  -8245.176     8.585    -2.26    3.01
  -7870.601     7.927    -1.76    2.32
  -7496.007     8.607     1.82    2.94
  -7121.393     9.641     2.76    3.32
  -6746.759    11.254     4.30    3.22
  -6372.106    13.585     6.22    3.19
  -5997.433    15.009     3.80    3.60
  -5622.742    17.607     6.93    3.88
  -5248.030    20.362     7.35    3.59
  -4873.299    20.802     1.18    3.83
  -4498.549    21.165     0.97    4.98
  -4123.779    20.542    -1.66    5.70
  -3748.989    21.316     2.06    7.27
  -3374.180    22.293     2.61    7.37
  -2999.352    21.409    -2.36    7.86
  -2624.504    18.612    -7.46    8.65
  -2249.636    15.098    -9.37    7.51
  -1874.749    10.565   -12.09    4.84
  -1499.842     7.654    -7.76    5.60
  -1124.916     4.009    -9.72    5.23
   -749.970     1.407    -6.94    3.44
   -375.005    -0.124    -4.08    1.53
     -0.020     0.021     0.39    1.42
    374.984     1.009     2.64    2.10
    750.008     1.933     2.46    2.08
   1125.052     2.876     2.51    1.85
   1500.115     3.298     1.13    1.52
   1875.198     3.498     0.53    1.48
   2250.300     3.650     0.41    1.33
   2625.422     3.407    -0.65    1.38
   3000.564     3.320    -0.23    1.50
   3375.725     3.411     0.24    1.46
   3750.906     3.324    -0.23    1.45
   4126.106     3.384     0.16    1.48
   4501.326     3.284    -0.27    1.39
   4876.566     3.389     0.28    1.42
   5251.825     3.236    -0.41    1.34
   5627.104     3.346     0.29    1.33
   6002.402     3.430     0.22    1.47
   6377.720     3.346    -0.22    1.37
   6753.058     3.657     0.83    1.31
   7128.416     3.593    -0.17    1.45
   7503.793     3.271    -0.86    1.64
   7879.190     3.165    -0.28    1.59
   8254.606     2.654    -1.36    1.40
   8630.042     2.587    -0.18    1.36
   9005.498     2.870     0.75    1.43
   9380.973     2.209    -1.76    1.55
   9756.469     2.173    -0.10    1.46
  10131.984     2.339     0.44    1.70
  10507.518     2.903     1.50    1.86
  10883.072     3.409     1.35    1.72
  11258.646     3.587     0.47    2.00
  11634.240     3.475    -0.30    1.69
  12009.854     3.165    -0.83    1.76
  12385.487     2.898    -0.71    1.66
  12761.140     2.454    -1.18    1.51
  13136.812     2.142    -0.83    1.40
  13512.505     2.120    -0.06    1.48
  13888.217     2.237     0.31    1.61
  14263.949     2.542     0.81    1.58
  14639.700     2.498    -0.12    1.62
  15015.472     2.617     0.32    1.43
  15391.263     2.521    -0.26    1.99
  15767.074     2.634     0.30    1.89
  16142.904     2.634     0.00    1.97
  16518.755     2.254    -1.01    2.23
  16894.625     1.702    -1.47    1.75
  17270.515     1.476    -0.60    1.64
  17646.425     1.498     0.06    1.61
  18022.355     2.076     1.54    1.42
  18398.304     2.476     1.06    1.45
  18774.273     2.589     0.30    1.54
  19150.262     2.711     0.32    1.81
  19526.271     2.839     0.34    1.90
  19902.300     2.520    -0.85    1.79
  20278.349     3.150     1.68    1.82
  20654.417     3.998     2.25    2.31
  21030.505     4.634     1.69    2.22
  21406.613     5.236     1.60    1.94
  21782.741     5.781     1.45    1.76
  22158.889     5.475    -0.81    1.45
  22535.057     4.920    -1.48    1.63
  22911.244     4.930     0.03    1.80
  23287.452     4.881    -0.13    2.07
  23663.679     4.952     0.19    2.02
  24039.926     5.273     0.85    2.02
  24416.193     5.698     1.13    2.13
  24792.480     5.777     0.21    1.98
  25168.787     6.076     0.79    2.14
  25545.113     6.520     1.18    2.70
  25921.460     6.212    -0.82    2.68
  26297.827     5.884    -0.87    2.61
  26674.213     5.242    -1.71    2.41
  27050.619     4.587    -1.74    2.13
  27427.046     4.180    -1.08    1.39
  27803.492     4.362     0.48    1.46
  28179.958     4.765     1.07    1.64
  28556.444     5.352     1.56    1.35
  28932.950     5.120    -0.61    1.39
  29309.476     5.546     1.13    1.55
  29686.022     5.612     0.18    1.59
  30062.588     6.237     1.66    1.57
  30439.174     6.563     0.87    1.64
  30815.780     6.585     0.06    1.55
  31192.406     6.544    -0.11    1.54
  31569.052     6.054    -1.30    1.56
  31945.718     5.634    -1.11    1.36
  32322.403     5.225    -1.09    1.42
  32699.109     4.998    -0.60    1.38
  33075.835     4.975    -0.06    1.37
  33452.581     4.920    -0.15    1.36
  33829.347     4.520    -1.06    1.60
  34206.133     4.454    -0.18    1.54
  34582.939     4.098    -0.94    1.48
  34959.764     3.498    -1.59    1.52
  35336.610     3.237    -0.69    1.65
  35713.476     3.339     0.27    1.78
  36090.362     3.846     1.35    1.91
  36467.269     4.215     0.98    1.92
  36844.195     4.324     0.29    1.70
  37221.141     3.809    -1.37    2.05
  37598.107     3.352    -1.21    1.99
  37975.094     2.787    -1.50    1.75
  38352.100     2.134    -1.73    1.60
  38729.126     1.676    -1.22    1.42
  39106.173     1.365    -0.83    1.32
  39483.240     1.046    -0.85    1.09
  39860.327     1.543     1.32    1.54
  40237.433     1.963     1.11    1.68
  40614.560     2.365     1.06    1.75
  40991.707     2.452     0.23    1.60
  41368.875     2.407    -0.12    1.55
  41746.062     2.172    -0.62    1.51
  42123.270     1.888    -0.75    1.16
  42500.497     2.165     0.73    1.33
  42877.745     2.149    -0.04    1.34
  43252.146     2.612     1.24    1.50
  43625.443     2.563    -0.13    1.50
  43998.759     2.368    -0.52    1.47
  44372.095     2.650     0.76    1.65
  44745.451     2.521    -0.35    1.65
  45118.827     2.650     0.35    1.65
  45492.222     2.568    -0.22    1.79
  45865.637     2.654     0.23    1.76
  46239.071     2.698     0.12    1.70
  46612.526     2.802     0.28    1.75
  46986.000     3.098     0.79    1.75
  47359.494     2.657    -1.18    1.87
  47733.007     2.085    -1.53    2.04
  48106.541     1.342    -1.99    1.97
  48480.094     1.031    -0.83    2.15
  48853.667     1.120     0.24    1.93
  49227.259     0.680    -1.18    1.87
  49600.872     0.933     0.68    2.06
  49974.504     1.066     0.36    1.72
  50348.156     1.172     0.28    1.74
  50721.828     1.302     0.35    1.67
  51095.520     1.165    -0.37    1.71
  51469.231     0.930    -0.63    1.55
  51842.962     1.320     1.04    2.01
  52216.713     1.281    -0.11    1.97
  52590.484     1.475     0.52    2.35
  52964.275     1.389    -0.23    2.58
  53338.085     0.987    -1.08    2.26
  53711.916     0.542    -1.19    1.82
  54085.766     0.742     0.54    1.48
  54459.636     0.952     0.56    1.53
  54833.526     0.987     0.09    1.49
  55207.435     1.546     1.49    1.70
  55581.365     1.824     0.74    1.55
  55955.314     2.180     0.95    1.83
  56329.284     2.365     0.49    1.77
  56703.273     2.587     0.59    1.73
  57077.282     2.562    -0.07    1.87
  57451.311     2.520    -0.11    1.60
  57825.360     2.331    -0.51    1.77
  58199.428     2.142    -0.50    1.67
  58573.517     2.093    -0.13    1.43
  58947.625     2.150     0.15    1.29
  59321.754     2.089    -0.16    1.26
  59695.902     2.134     0.12    1.33
  60070.070     2.365     0.62    1.47
  60444.259     2.591     0.60    1.60
  60818.467     2.339    -0.67    1.40
  61192.695     2.303    -0.10    1.33
  61566.943     2.342     0.11    1.33
  61941.211     2.165    -0.48    1.37
  62315.498     2.076    -0.24    1.25
  62689.806     2.076     0.00    1.50
  63064.134     2.355     0.75    1.70
  63438.482     2.293    -0.16    1.75
  63812.850     2.242    -0.14    1.81
  64187.237     2.612     0.99    1.75
  64561.645     2.698     0.23    1.65
  64936.073     2.771     0.19    1.60
  65310.520     2.846     0.20    1.51
  65684.988     2.684    -0.43    1.45
  66059.475     2.302    -1.02    1.36
  66433.983     2.450     0.40    1.45
  66808.511     2.631     0.48    1.60
  67183.058     2.628    -0.01    1.83
  67557.626     2.737     0.29    1.78
  67932.214     2.781     0.12    1.73
  68306.821     2.520    -0.70    1.62
  68681.449     2.107    -1.10    1.56
  69056.097     1.975    -0.35    1.45
  69430.765     1.831    -0.38    1.38
  69805.453     1.771    -0.16    1.42
  70180.161     1.862     0.24    1.24
  70554.889     1.759    -0.27    1.31
  70929.637     1.566    -0.51    1.23
  71304.405     1.259    -0.82    1.35
  71679.193     1.215    -0.12    1.34
  72054.002     1.063    -0.41    1.24
  72428.830     1.254     0.51    1.30
  72803.679     1.202    -0.14    1.27
  73178.547     1.020    -0.49    1.22
  73553.436     1.021     0.00    1.32
  73928.345     1.030     0.02    1.38
  74303.274     1.107     0.20    1.39
  74678.223     1.107     0.00    1.34
  75053.192     1.365     0.69    1.47
  75428.181     1.707     0.91    1.64
  75803.190     1.831     0.33    1.49
  76178.220     1.855     0.06    1.48
  76553.270     1.759    -0.26    1.53
  76928.340     1.475    -0.76    1.56
  77303.430     1.520     0.12    1.50
  77678.540     1.771     0.67    1.55
  78053.670     2.265     1.32    1.44
  78428.820     2.180    -0.23    1.23
  78803.991     2.373     0.51    1.45
  79179.182     2.209    -0.44    1.69
  79554.393     2.134    -0.20    1.87
  79929.624     2.142     0.02    1.69
  80304.876     1.920    -0.59    1.60
  80680.147     1.903    -0.05    1.56
  81055.439     1.839    -0.17    1.46
  81430.751     1.917     0.21    1.43
  81806.083     2.225     0.82    1.45
  82181.436     2.120    -0.28    1.61
  82556.808     2.021    -0.27    1.56
  82932.201     1.976    -0.12    1.56
  83307.615     1.800    -0.47    1.58
  83683.048     1.911     0.29    1.54
  84058.502     2.212     0.80    1.83
  84433.976     2.409     0.52    1.70
  84809.470     2.715     0.82    1.58
  85184.984     2.802     0.23    1.71
  85560.519     3.063     0.69    1.80
  85936.074     2.793    -0.72    1.81
  86311.649     2.650    -0.38    1.70
  86687.244     2.725     0.20    1.55
  87062.860     2.276    -1.20    1.43
  87438.496     2.209    -0.18    1.42
  87814.153     1.976    -0.62    1.38
  88189.829     1.998     0.06    1.68
  88565.526     1.930    -0.18    1.40
  88941.244     1.781    -0.40    1.53
  89316.981     1.802     0.06    1.62
  89692.739     1.771    -0.08    1.59
  90068.518     1.809     0.10    1.73
  90444.316     1.927     0.31    1.86
  90820.135     1.976     0.13    1.85
  91195.975     1.765    -0.56    1.72
  91571.834     1.781     0.04    1.50
  91947.714     1.498    -0.75    1.28
  92323.615     1.945     1.19    1.84
  92699.535     1.965     0.05    1.75
  93075.477     2.623     1.75    1.81
  93451.438     3.254     1.68    1.90
  93827.420     3.196    -0.15    1.82
  94203.422     3.387     0.51    1.92
  94579.445     3.431     0.12    1.64
  94955.488     3.731     0.80    1.63
  95331.551     3.498    -0.62    1.45
  95707.635     3.522     0.06    1.41
  96083.739     3.384    -0.37    1.60
  96459.864     3.476     0.24    1.89
  96836.009     3.384    -0.24    2.01
  97212.175     3.368    -0.04    1.97
  97588.361     3.771     1.07    2.48
  97964.567     3.433    -0.90    2.06
  98340.794     3.379    -0.14    2.11
  98717.041     3.165    -0.57    1.67
  99093.309     3.237     0.19    1.73
  99469.597     3.128    -0.29    1.69
  99845.906     3.041    -0.23    1.87
 100222.235     2.975    -0.18    1.82
 100598.585     2.838    -0.36    1.68
 100974.955     3.021     0.48    1.62
 101351.346     3.098     0.21    1.59
 101727.757     3.431     0.89    1.67
 102104.188     3.631     0.53    1.59
 102480.641     3.435    -0.52    1.78
 102857.113     3.362    -0.20    1.94
 103233.606     3.387     0.07    1.77
 103610.120     3.565     0.47    1.89
 103986.654     3.165    -1.06    1.88
 104363.209     3.054    -0.30    1.84
 104739.784     2.903    -0.40    1.61
 105116.380     3.107     0.54    1.86
 105492.996     3.452     0.92    1.84
 105869.633     3.411    -0.11    1.81
 106246.291     3.565     0.41    1.85
 106622.969     3.612     0.12    1.97
 106999.667     3.362    -0.66    2.04
 107376.386     3.379     0.05    2.23
 107753.126     3.320    -0.16    2.16
 108129.886     3.430     0.29    2.07
 108506.667     3.254    -0.47    2.08
 108883.469     3.433     0.48    2.09
 109260.291     3.165    -0.71    2.06
 109637.133     3.031    -0.35    2.01
 110013.997     3.196     0.44    1.78
 110390.881     3.209     0.04    1.78
 110767.785     3.476     0.71    1.57
 111144.710     3.368    -0.29    1.33
 111521.656     3.331    -0.10    1.52
 111898.622     3.316    -0.04    1.48
 112275.609     2.838    -1.27    1.40
 112652.617     3.180     0.91    1.43
 113029.645     2.748    -1.15    1.35
 113406.694     2.349    -1.06    1.38
 113783.764     2.112    -0.63    1.26
 114160.854     1.987    -0.33    1.22
 114537.965     1.498    -1.30    1.48
 114915.097     1.324    -0.46    1.45
 115292.249     1.209    -0.30    1.29
 115669.423     1.196    -0.04    1.21
 116046.616     1.150    -0.12    1.08
 116423.831     1.219     0.18    1.16
 116801.066     1.194    -0.07    1.24
 117178.322     1.543     0.93    1.38
 117555.598     1.541    -0.01    1.35
 117932.896     1.566     0.07    1.26
 118306.950     1.498    -0.18    1.20
 118680.183     1.043    -1.22    1.15
 119053.436     1.117     0.20    1.19
 119426.710     0.954    -0.44    1.09
 119800.003     1.031     0.21    1.20
 120173.317     1.165     0.36    1.31
 120546.652     1.142    -0.06    1.25
 120920.006     1.355     0.57    1.35
 121293.381     1.475     0.32    1.69
 121666.776     1.521     0.12    1.68
 122040.191     1.831     0.83    1.67
 122413.627     2.098     0.71    1.45
 122787.083     2.209     0.30    1.27
 123160.559     2.324     0.31    1.10
 123534.056     2.612     0.77    1.17
 123907.573     2.694     0.22    1.17
 124281.110     2.815     0.33    1.35
 124654.668     2.876     0.16    1.45
 125028.246     2.565    -0.83    1.57
 125401.844     2.248    -0.85    1.69
 125775.463     1.694    -1.48    1.34
 126149.102     1.281    -1.11    1.25
 126522.761     0.881    -1.07    1.19
 126896.441     0.498    -1.03    1.18
 127270.141     0.585     0.23    1.30
 127643.862     0.612     0.07    1.17
 128017.603     0.942     0.89    1.29
 128391.364     1.063     0.32    1.26
 128765.146     1.411     0.93    1.15
 129138.948     1.698     0.77    1.36
 129512.770     1.884     0.50    1.37
 129886.613     1.977     0.25    1.38
 130260.477     2.107     0.35    1.37
 130634.360     2.063    -0.12    1.28
 131008.264     2.431     0.98    1.27
 131382.189     2.589     0.42    1.22
 131756.134     2.860     0.72    1.42
 132130.100     3.021     0.43    1.37
 132504.086     2.998    -0.06    1.24
 132878.092     3.194     0.52    1.23
 133252.119     3.541     0.93    1.32
 133626.166     3.742     0.54    1.32
 134000.234     3.870     0.34    1.20
 134374.322     3.965     0.25    1.12
 134748.431     3.760    -0.55    1.31
 135122.560     3.650    -0.29    1.32
 135496.710     3.342    -0.82    1.24
 135870.880     3.094    -0.66    1.42
 136245.071     2.884    -0.56    1.26
 136619.282     2.626    -0.69    1.28
 136993.513     2.271    -0.95    1.14
 137367.766     2.046    -0.60    1.06
 137742.038     2.054     0.02    1.36
 138116.332     1.927    -0.34    1.48
 138490.645     1.765    -0.43    1.57
 138864.980     1.342    -1.13    1.30
 139239.335     1.521     0.48    1.23
 139613.710     2.098     1.54    1.62
 139988.106     2.593     1.32    1.62
 140362.522     2.793     0.53    1.56
 140736.960     2.952     0.42    1.56
 141111.417     2.898    -0.15    1.48
 141485.895     2.998     0.27    1.36
 141860.394     3.066     0.18    1.26
 142234.914     3.243     0.47    1.33
 142609.454     3.474     0.62    1.33
 142984.014     3.563     0.24    1.34
 143358.595     3.568     0.01    1.20
 143733.197     3.831     0.70    1.09
 144107.820     3.824    -0.02    1.30
 144482.463     3.715    -0.29    1.44
 144857.126     3.628    -0.23    1.56
 145231.810     3.634     0.02    1.61
 145606.515     3.519    -0.31    1.51
 145981.241     3.612     0.25    1.42
 146355.987     3.809     0.53    1.66
 146730.754     3.698    -0.30    1.78
 147105.541     3.771     0.19    1.73
 147480.349     3.413    -0.95    1.54
 147855.178     3.202    -0.56    1.68
 148230.028     2.998    -0.55    1.63
 148604.898     2.781    -0.58    1.63
 148979.789     2.650    -0.35    1.75
 149354.700     2.409    -0.64    1.70
 149729.632     2.800     1.04    1.91
 150104.585     3.215     1.11    1.68
 150479.559     3.289     0.20    1.61
 150854.553     3.434     0.39    1.48
 151229.568     3.209    -0.60    1.29
 151604.604     3.194    -0.04    1.38
 151979.660     3.120    -0.20    1.30
 152354.737     3.293     0.46    1.69
 152729.835     3.180    -0.30    2.79
 153104.954     3.156    -0.06    2.90
 153480.093     3.298     0.38    2.79
 153855.253     3.362     0.17    1.80
 154230.434     3.365     0.01    1.22
 154605.636     3.498     0.36    1.19
 154980.858     3.712     0.57    1.28
 155356.101     3.884     0.46    1.24
 155731.365     3.824    -0.16    1.23
 156106.650     4.031     0.55    1.47
 156481.956     4.711     1.81    1.79
 156857.282     5.298     1.56    1.77
 157232.629     5.902     1.61    1.48
 157607.997     5.884    -0.05    1.56
 157983.386     5.759    -0.33    1.51
 158358.795     5.940     0.48    1.39
 158734.225     6.254     0.84    1.37
 159109.677     6.259     0.01    1.40
 159485.149     6.107    -0.41    1.48
 159860.641     5.650    -1.22    1.46
 160236.155     5.430    -0.59    1.59
 160611.690     5.136    -0.78    1.45
 160987.245     5.411     0.73    1.40
 161362.821     5.259    -0.41    1.16
 161738.418     5.231    -0.07    1.07
 162114.036     5.202    -0.08    1.11
 162489.675     4.911    -0.78    1.17
 162865.335     4.839    -0.19    1.31
 163241.015     4.817    -0.06    1.32
 163616.717     4.737    -0.21    1.43
 163992.439     4.881     0.38    1.34
 164368.183     5.076     0.52    1.32
 164743.947     5.293     0.58    1.36
 165119.732     5.628     0.89    1.69
 165495.538     5.974     0.92    1.88
 165871.365     6.187     0.57    1.93
 166247.213     6.298     0.30    1.62
 166623.081     6.809     1.36    1.74
 166998.971     7.031     0.59    1.55
 167374.882     7.289     0.68    1.36
 167750.813     7.339     0.13    1.36
 168126.766     7.157    -0.48    1.35
 168502.739     7.342     0.49    1.22
 168878.734     7.237    -0.28    1.25
 169254.749     7.231    -0.02    1.27
 169630.786     7.115    -0.31    1.26
 170006.843     7.331     0.58    1.29
 170382.922     7.368     0.10    1.39
 170759.021     7.335    -0.09    1.17
 171135.141     7.476     0.37    1.20
 171511.283     7.324    -0.40    1.12
 171887.445     7.063    -0.69    1.13
 172263.629     7.072     0.02    1.73
 172639.833     7.248     0.47    2.15
 173016.059     7.498     0.66    2.46
 173392.305     7.543     0.12    2.77
 173768.573     7.454    -0.24    2.76
 174144.861     7.732     0.74    2.91
 174521.171     8.271     1.43    3.06
 174897.501     9.647     3.66    3.24
 175273.853    10.781     3.01    3.36
 175650.226    12.063     3.41    2.66
 176026.620    11.942    -0.32    2.73
 176403.035    12.021     0.21    2.86
 176779.471    11.231    -2.10    2.75
 177155.928    10.449    -2.08    2.34
 177532.406    10.298    -0.40    2.34
 177908.905     9.793    -1.34    2.31
 178285.426     9.142    -1.73    1.92
 178661.967     8.715    -1.13    1.50
 179038.530     8.522    -0.51    1.47
 179415.113     8.225    -0.79    1.13
 179791.718     8.225     0.00    1.44
 180168.344     8.215    -0.03    1.38
 180544.991     7.881    -0.89    1.41
 180921.659     7.694    -0.50    1.44
 181298.349     7.540    -0.41    1.32
 181675.059     7.543     0.01    1.22
 182051.791     7.781     0.63    1.33
 182428.544     7.407    -0.99    1.29
 182805.318     7.254    -0.41    1.23
 183182.113     7.136    -0.31    1.21
 183558.929     7.041    -0.25    1.07
 183935.767     7.310     0.71    1.08
 184312.626     7.063    -0.66    1.13
 184689.506     7.128     0.17    1.20
 185066.407     7.134     0.02    1.22
 185443.329     7.225     0.24    1.28
 185820.273     7.054    -0.46    1.45
 186197.237     7.188     0.36    1.60
 186574.223     7.150    -0.10    1.64
 186951.231     6.952    -0.52    1.74
 187328.259     7.221     0.71    1.68
 187705.309     7.276     0.14    1.73
 188082.380     7.339     0.17    1.63
 188459.472     7.248    -0.24    1.51
 188836.585     7.202    -0.12    1.55
 189213.720     6.876    -0.87    1.40
 189590.876     6.889     0.04    1.45
 189968.053     6.702    -0.50    1.50
 190345.252     6.392    -0.82    1.34
 190722.472     6.188    -0.54    1.46
 191099.713     6.128    -0.16    1.48
 191476.975     6.043    -0.23    1.58
 191854.259     6.054     0.03    1.74
 192231.564     6.009    -0.12    1.68
 192608.890     5.694    -0.83    1.39
 192986.238     5.352    -0.91    1.20
 193359.957     5.165    -0.50    1.19
 193733.125     5.264     0.27    1.20
 194106.315     5.362     0.26    1.32
 194479.526     5.565     0.54    1.36
 194852.757     5.324    -0.64    1.32
 195226.009     5.128    -0.52    1.27
 195599.283     5.290     0.43    1.30
 195972.577     5.043    -0.66    1.41
 196345.891     5.172     0.34    1.38
 196719.227     5.281     0.29    1.19
 197092.584     5.221    -0.16    1.23
 197465.961     5.342     0.32    1.09
 197839.359     5.452     0.29    1.26
 198212.779     5.237    -0.58    1.20
 198586.219     5.212    -0.07    1.22
 198959.680     5.215     0.01    1.28
 199333.162     5.542     0.88    1.31
 199706.665     5.562     0.05    1.26
 200080.188     5.587     0.07    1.43
 200453.733     5.540    -0.12    1.52
 200827.298     5.339    -0.54    1.72
 201200.885     5.260    -0.21    1.82
 201574.492     5.054    -0.55    1.84
 201948.121     5.033    -0.06    2.00
 202321.770     5.231     0.53    1.66
 202695.440     5.365     0.36    1.77
 203069.132     5.316    -0.13    1.83
 203442.844     5.054    -0.70    1.53
 203816.577     4.974    -0.21    1.60
 204190.331     4.831    -0.38    1.65
 204564.106     4.849     0.05    1.70
