# NaN NaN NaN ;Mean Elev.(m), Avg Gradient(m/km), RMS Gradient(m/km) - SRTM1     
# NaN NaN NaN ;Mean Elev.(m), Avg Gradient(m/km), RMS Gradient(m/km) - ASTER GDEM
# NaN NaN NaN ;Mean Elev.(m), Avg Gradient(m/km), RMS Gradient(m/km) - GMTED2010 
  9 115.072537  30.272572    23.047    23.036 14 52515.11096464 33.176
 11 115.076243  30.271637    18.385    18.714 15 52585.11099003 28.802
 17 115.077979  30.272787    19.160    19.104 15 52795.11097071 27.278
 18 115.079435  30.271983    21.591    21.407 15 52830.11103770 27.447
 19 115.079630  30.271997    19.510    19.646 16 52865.11108192 27.376
 28 115.073835  30.274382    20.897    20.905 15 53180.11109426 28.518
 32 115.077875  30.272602    18.730    18.740 16 53320.11106839 23.933
 33 115.073024  30.272135    17.258    16.828 15 53355.11103682 23.778
 34 115.071607  30.270875    17.210    17.771 10 53390.11104411 37.055
 35 115.074346  30.273097    19.116    19.537 14 53425.11104149 24.232
 36 115.078922  30.273372    16.750    17.545 15 53460.11104681 26.370
 38 115.075208  30.272114    19.818    19.678 15 53530.11110681 22.363
 43 115.074330  30.271761    17.096    16.746 15 53705.11103340 24.762
 45 115.076516  30.271518    14.851    14.564 15 53775.11096494 30.348
 48 115.075693  30.273425    21.698    21.331 15 53880.11101802 20.332
 52 115.074006  30.273149    13.117    12.466 14 54020.11105906 30.608
 53 115.079475  30.272516    20.430    20.507 16 54055.11105050 21.286
 55 115.075580  30.274350    15.887    16.755 15 54125.11096512 31.464
 57 115.074132  30.273520    15.563    16.763 15 54195.11096714 31.577
 59 115.074129  30.281944    19.371    19.968  3 54265.11103374 25.392
 64 115.074902  30.271550    13.242     9.891 15 54440.11093109 23.827
 65 115.072935  30.273038     9.995     9.301 15 54475.11096049 37.438
 66 115.074546  30.273060    13.078    10.581 15 54510.11094502 28.482
 68 115.072655  30.272159    19.531    19.938 14 54580.11094179 20.977
 69 115.075277  30.286082    18.452    18.731  4 54615.11096165 25.594
 72 115.075146  30.271818    19.915    19.804 15 54720.11091999 27.907
 74 115.073300  30.274103    20.599    20.413 15 54790.11091350 22.985
 75 115.071552  30.270029    17.107    18.730 11 54825.11094102 23.875
 76 115.075518  30.274526    10.057     9.219 15 54860.11090651 36.105
 78 115.075311  30.285646    19.697    19.783  4 54930.11090275 22.717
 83 115.071649  30.270092    16.869    17.408 11 55105.11088011 24.471
 85 115.075954  30.273725    19.168    19.373 15 55175.11084603 23.816
 87 115.072000  30.271449    11.620    10.610 11 55245.11085351 40.223
 91 115.072280  30.273850    20.995    20.852  9 55385.11083937 28.676
 92 115.075425  30.286185    21.719    21.750  4 55420.11086192 30.554
