# NaN NaN NaN ;Mean Elev.(m), Avg Gradient(m/km), RMS Gradient(m/km) - SRTM1     
#   36.041  -0.014   4.351 ;Mean Elev.(m), Avg Gradient(m/km), RMS Gradient(m/km) - ASTER GDEM
#   34.047   0.030   3.150 ;Mean Elev.(m), Avg Gradient(m/km), RMS Gradient(m/km) - GMTED2010 
  8 112.205793  30.313762    38.119    37.500  4 52486.11897799 24.672
  9 112.204042  30.312542    37.863    37.876  4 52521.11894564 20.405
 10 112.203688  30.314144    33.537    33.531  4 52556.11899646 27.284
 11 112.202842  30.313381    32.898    32.031  4 52591.11898804 34.219
 12 112.210912  30.313091    38.569    38.612  5 52626.11890961 24.482
 13 112.206238  30.313029    29.880    29.874  4 52661.11895247 47.291
 14 112.213787  30.313430    33.077    29.402  5 52696.11893060 31.003
 15 112.212693  30.313390    40.935    40.427  4 52731.11895862 20.477
 16 112.197781  30.314725    31.980    31.976  4 52766.11896815 35.202
 17 112.213074  30.313387    35.932    34.014  4 52801.11896659 24.811
 18 112.212944  30.313708    40.713    40.453  4 52836.11903333 27.209
 19 112.211360  30.312788    38.795    38.544  5 52871.11907448 23.068
 20 112.207544  30.312533    38.802    38.537  4 52906.11907148 28.493
 21 112.213453  30.311349    32.353    32.396  4 52941.11900269 34.462
 23 112.202561  30.313740    29.779    29.860  5 53011.11905459 44.327
 24 112.208308  30.313875    29.849    29.682  4 53046.11901859 30.441
 25 112.200195  30.313613    35.566    34.911  5 53081.11905334 20.806
 26 112.204848  30.313199    34.795    33.413  5 53116.11902348 27.497
 27 112.202802  30.313373    35.710    35.129  4 53151.11907124 17.855
 28 112.215873  30.312510    37.713    36.600  4 53186.11905831 23.944
 29 112.206993  30.313246    36.693    36.568  4 53221.11908473 17.043
 30 112.199344  30.312718    40.210    40.328  4 53256.11906154 29.322
 31 112.202957  30.313967    37.825    38.235  5 53291.11907416 21.420
 32 112.210336  30.313367    34.903    33.466  5 53326.11904880 40.555
 33 112.209356  30.313652    40.276    40.376  5 53361.11900675 23.914
 34 112.208380  30.313388    34.764    32.874  5 53396.11902639 25.847
 35 112.207890  30.314053    34.461    33.036  4 53431.11901857 24.205
 36 112.210924  30.313801    36.993    33.567  5 53466.11904920 29.267
 37 112.200733  30.312993    34.370    34.335  4 53501.11910707 25.472
 38 112.207609  30.314402    37.145    36.024  4 53536.11909640 24.048
 40 112.203789  30.313696    39.839    39.251  5 53606.11905291 29.970
 41 112.207743  30.313030    38.093    37.664  4 53641.11905287 21.346
 42 112.202236  30.314021    37.237    36.968  4 53676.11907246 20.241
 43 112.208201  30.313323    31.030    31.061  5 53711.11900204 37.574
 44 112.214747  30.312289    30.222    30.162  4 53746.11891243 35.450
 45 112.211505  30.313920    36.893    37.676  4 53781.11894348 26.048
 46 112.205543  30.313548    37.155    38.207  5 53816.11891183 23.093
 47 112.205887  30.313573    30.729    30.729  5 53851.11897980 41.941
 48 112.215853  30.312827    36.691    36.936  5 53886.11898811 24.051
 49 112.198540  30.313733    35.989    35.958  5 53921.11905820 22.307
 50 112.198450  30.314698    33.812    33.041  4 53956.11905537 27.003
 52 112.211333  30.313590    40.571    40.410  4 54026.11904014 20.598
 53 112.212800  30.313512    33.324    30.631  4 54061.11903373 28.529
 54 112.203928  30.314136    32.561    32.636  5 54096.11900703 22.706
 55 112.211886  30.313361    29.753    29.422  4 54131.11895428 34.121
 56 112.204472  30.314633    29.866    29.834  4 54166.11897917 40.793
 57 112.209556  30.313146    38.394    38.791  5 54201.11895762 24.940
 58 112.209964  30.313778    34.105    32.076  4 54236.11899341 41.641
 59 112.208092  30.314028    39.661    38.522  5 54271.11901445 33.017
 60 112.208671  30.314418    40.140    39.515  4 54306.11901711 30.338
 61 112.206712  30.313762    39.453    39.347  5 54341.11899885 31.792
 62 112.209359  30.314017    36.256    34.182  4 54376.11895179 29.951
 63 112.206384  30.312928    32.400    32.380  4 54411.11894592 33.494
 64 112.210980  30.313002    39.070    39.369  4 54446.11891603 22.350
 65 112.209036  30.314322    32.670    29.936  4 54481.11893714 28.501
 66 112.211790  30.313991    28.969    28.981  4 54516.11893010 34.733
 67 112.205193  30.313218    35.159    34.861  4 54551.11895019 22.892
 68 112.208790  30.312449    36.204    34.870  4 54586.11892571 22.050
 69 112.207477  30.313928    40.138    40.188  5 54621.11894481 23.015
 70 112.206057  30.314535    38.330    37.608  4 54656.11895482 25.977
 71 112.205933  30.312889    38.408    38.499  4 54691.11893986 31.300
 72 112.211130  30.312985    38.575    37.783  5 54726.11890614 27.780
 73 112.205958  30.313220    37.143    34.842  5 54761.11891715 22.487
 74 112.209789  30.311633    32.890    32.887  4 54796.11889990 34.398
 75 112.206928  30.312821    30.120    30.089  4 54831.11891720 29.361
 76 112.211078  30.313316    32.143    30.184  5 54866.11889480 32.730
 77 112.203697  30.312892    33.003    32.773  4 54901.11891651 25.092
 78 112.209458  30.312509    35.520    35.432  4 54936.11888522 24.622
 80 112.205249  30.314629    34.953    34.963  4 55006.11893734 30.652
 81 112.208194  30.312919    37.927    37.397  4 55041.11892538 20.402
 82 112.205620  30.313764    38.071    37.979  5 55076.11890663 26.266
 83 112.209439  30.313014    34.640    32.110  5 55111.11885828 32.538
 84 112.205302  30.313539    36.888    33.834  5 55146.11886056 23.470
 85 112.211498  30.313916    32.791    30.157  4 55181.11883550 27.865
 86 112.206403  30.313903    31.434    30.149  4 55216.11885501 26.999
 87 112.211140  30.312487    29.836    29.850  4 55251.11883289 46.973
 88 112.204477  30.314367    29.840    29.828  4 55286.11884827 33.805
 89 112.205999  30.314559    31.130    31.086  4 55321.11882202 40.767
 90 112.206214  30.313761    39.962    40.183  4 55356.11882286 19.973
 91 112.208731  30.313842    38.795    38.421  5 55391.11882342 35.364
 92 112.208347  30.313770    37.708    36.752  4 55426.11883918 27.376
 93 112.206543  30.313571    39.802    39.985  5 55461.11880697 21.817
