# NaN NaN NaN ;Mean Elev.(m), Avg Gradient(m/km), RMS Gradient(m/km) - SRTM1     
# NaN NaN NaN ;Mean Elev.(m), Avg Gradient(m/km), RMS Gradient(m/km) - ASTER GDEM
# NaN NaN NaN ;Mean Elev.(m), Avg Gradient(m/km), RMS Gradient(m/km) - GMTED2010 
  9    23.271 52515.11095980 28.77 115.079233  30.297225 16.659
  9    23.277 52515.11096044 31.78 115.078343  30.293935 16.659
  9    23.174 52515.11096109 35.76 115.077453  30.290645 16.659
  9    23.096 52515.11096238 38.52 115.075663  30.284075 16.659
  9    22.998 52515.11096302 35.68 115.074773  30.280785 16.659
  9    22.931 52515.11096367 31.28 115.073873  30.277505 16.659
  9    22.940 52515.11096431 28.38 115.072983  30.274215 16.659
  9    22.981 52515.11096496 30.77 115.072093  30.270925 16.659
  9    23.000 52515.11096560 31.52 115.071193  30.267645 16.659
  9    22.997 52515.11096625 33.81 115.070303  30.264355 16.659
  9    22.882 52515.11096689 31.57 115.069413  30.261065 16.659
  9    22.957 52515.11096754 32.20 115.068523  30.257785 16.659
  9    23.032 52515.11096818 29.81 115.067623  30.254495 16.659
  9    23.118 52515.11096883 30.61 115.066733  30.251205 16.659
 11    15.339 52585.11098552 38.05 115.082498  30.294646 18.900
 11    15.118 52585.11098617 32.11 115.081607  30.291354 10.217
 11    15.105 52585.11098681 27.62 115.080707  30.288074 10.217
 11    15.348 52585.11098746 26.77 115.079817  30.284784 10.217
 11    15.044 52585.11098810 26.92 115.078927  30.281494 10.217
 11    19.279 52585.11098875 24.76 115.078027  30.278214 10.217
 11    19.723 52585.11098939 24.77 115.077137  30.274924 10.217
 11    19.872 52585.11099003 21.80 115.076247  30.271634 10.217
 11    19.749 52585.11099068 21.81 115.075347  30.268354 10.217
 11    21.070 52585.11099132 22.32 115.074457  30.265064 10.217
 11    21.344 52585.11099197 21.25 115.073567  30.261774 10.217
 11    20.643 52585.11099261 20.36 115.072667  30.258494 10.217
 11    19.909 52585.11099326 21.13 115.071777  30.255204 10.217
 11    19.438 52585.11099390 22.53 115.070887  30.251914 10.217
 11    18.791 52585.11099455 23.16 115.069987  30.248634 10.217
 17    17.280 52795.11096620 28.33 115.084235  30.295790  8.184
 17    17.104 52795.11096685 28.12 115.083345  30.292510  8.184
 17    17.234 52795.11096749 28.95 115.082445  30.289220  8.184
 17    17.250 52795.11096814 30.43 115.081555  30.285930  8.184
 17    17.245 52795.11096878 31.94 115.080655  30.282650  8.184
 17    17.220 52795.11096943 29.76 115.079765  30.279360  8.184
 17    19.661 52795.11097007 28.94 115.078875  30.276070  8.184
 17    20.176 52795.11097071 24.40 115.077975  30.272790  8.184
 17    21.056 52795.11097136 22.29 115.077085  30.269500  8.184
 17    20.690 52795.11097200 21.60 115.076195  30.266210  8.184
 17    21.247 52795.11097265 24.72 115.075295  30.262930  8.184
 17    21.253 52795.11097329 21.24 115.074405  30.259640  8.184
 17    20.769 52795.11097394 20.93 115.073515  30.256350  8.184
 17    20.395 52795.11097458 20.94 115.072615  30.253070  8.184
 17    18.814 52795.11097523 23.75 115.071725  30.249780  8.184
 18    21.079 52830.11103319 24.79 115.085691  30.294986  8.397
 18    20.859 52830.11103384 24.23 115.084801  30.291706  8.397
 18    21.024 52830.11103448 24.94 115.083901  30.288416  8.397
 18    21.277 52830.11103513 24.00 115.083011  30.285126  8.397
 18    21.234 52830.11103577 25.85 115.082111  30.281846  8.397
 18    21.450 52830.11103641 27.97 115.081221  30.278556  8.397
 18    20.846 52830.11103706 30.16 115.080331  30.275266  8.397
 18    21.086 52830.11103770 29.00 115.079431  30.271986  8.397
 18    21.466 52830.11103835 28.33 115.078541  30.268696  8.397
 18    21.539 52830.11103899 29.76 115.077651  30.265406  8.397
 18    21.463 52830.11103964 29.94 115.076751  30.262126  8.397
 18    21.300 52830.11104028 28.83 115.075861  30.258836  8.397
 18    21.215 52830.11104093 27.49 115.074961  30.255546  8.397
 18    21.832 52830.11104157 23.93 115.074071  30.252266  8.397
 18    26.202 52830.11104222 22.44 115.073181  30.248976  8.397
 19    17.426 52865.11107708 30.99 115.086329  30.296647  8.789
 19    17.363 52865.11107773 30.75 115.085439  30.293357  8.789
 19    17.200 52865.11107837 29.86 115.084549  30.290077  8.789
 19    17.320 52865.11107902 28.47 115.083649  30.286787  8.789
 19    17.398 52865.11107966 27.66 115.082759  30.283497  8.789
 19    17.587 52865.11108031 26.87 115.081859  30.280217  8.789
 19    20.208 52865.11108095 25.08 115.080969  30.276927  8.789
 19    20.412 52865.11108160 24.10 115.080079  30.273637  8.789
 19    21.361 52865.11108224 22.22 115.079179  30.270357  8.789
 19    20.173 52865.11108289 27.29 115.078289  30.267067  8.789
 19    21.110 52865.11108353 31.15 115.077399  30.263777  8.789
 19    21.862 52865.11108418 26.20 115.076499  30.260497  8.789
 19    21.548 52865.11108482 21.79 115.075609  30.257207  8.789
 19    20.900 52865.11108547 21.75 115.074719  30.253917  8.789
 19    20.460 52865.11108611 20.50 115.073819  30.250637  8.789
 19    19.838 52865.11108675 21.57 115.072929  30.247347  8.789
 28    18.601 53180.11108975 29.47 115.080089  30.297389  9.065
 28    18.482 53180.11109039 29.23 115.079199  30.294099  9.065
 28    20.831 53180.11109104 30.18 115.078299  30.290819  9.065
 28    20.907 53180.11109168 31.28 115.077409  30.287529  9.065
 28    18.666 53180.11109233 32.30 115.076519  30.284239  9.065
 28    18.823 53180.11109297 29.76 115.075619  30.280959  9.065
 28    20.514 53180.11109362 28.04 115.074729  30.277669  9.065
 28    20.678 53180.11109426 27.71 115.073839  30.274379  9.065
 28    19.636 53180.11109491 29.51 115.072939  30.271099  9.065
 28    21.476 53180.11109555 26.12 115.072049  30.267809  9.065
 28    22.529 53180.11109620 24.26 115.071159  30.264519  9.065
 28    22.628 53180.11109684 24.09 115.070259  30.261239  9.065
 28    23.057 53180.11109749 24.02 115.069369  30.257949  9.065
 28    23.256 53180.11109813 24.31 115.068479  30.254659  9.065
 28    23.377 53180.11109878 25.28 115.067579  30.251379  9.065
 32    12.033 53320.11106355 29.60 115.084578  30.297249  7.763
 32    11.994 53320.11106420 29.57 115.083678  30.293969  7.763
 32    12.053 53320.11106484 27.28 115.082788  30.290679  7.763
 32    12.034 53320.11106548 24.31 115.081898  30.287389  7.763
 32    17.386 53320.11106613 22.83 115.080998  30.284109  7.763
 32    17.583 53320.11106677 22.91 115.080108  30.280819  7.763
 32    19.074 53320.11106742 21.31 115.079218  30.277529  7.763
 32    19.361 53320.11106806 19.05 115.078318  30.274249  7.763
 32    19.240 53320.11106871 19.84 115.077428  30.270959  7.763
 32    20.239 53320.11106935 17.86 115.076538  30.267669  7.763
 32    20.604 53320.11107000 20.71 115.075638  30.264389  7.763
 32    20.866 53320.11107064 20.60 115.074748  30.261099  7.763
 32    23.215 53320.11107129 17.82 115.073858  30.257809  7.763
 32    21.994 53320.11107193 19.69 115.072958  30.254529  7.763
 32    25.466 53320.11107258 19.33 115.072068  30.251239  7.763
 32    26.544 53320.11107322 20.13 115.071178  30.247949  7.763
 33    11.073 53355.11103230 28.16 115.079277  30.295142 12.475
 33    11.515 53355.11103295 25.24 115.078377  30.291852 12.475
 33    11.405 53355.11103359 27.93 115.077487  30.288572 12.475
 33    11.320 53355.11103424 29.95 115.076597  30.285282 12.475
 33    17.874 53355.11103488 22.40 115.075697  30.281992 12.475
 33    18.973 53355.11103553 18.99 115.074807  30.278712 12.475
 33    18.579 53355.11103617 19.59 115.073917  30.275422 12.475
 33    18.466 53355.11103682 22.28 115.073027  30.272132 12.475
 33    18.938 53355.11103746 21.66 115.072127  30.268852 12.475
 33    19.874 53355.11103811 17.21 115.071237  30.265562 12.475
 33    20.268 53355.11103875 17.16 115.070347  30.262272 12.475
 33    20.116 53355.11103939 16.49 115.069457  30.258992 12.475
 33    20.202 53355.11104004 16.88 115.068557  30.255702 12.475
 33    20.342 53355.11104068 17.48 115.067667  30.252412 12.475
 33    19.921 53355.11104133 18.33 115.066777  30.249132 12.475
 34    10.288 53390.11103928 44.79 115.078308  30.295525 17.001
 34    10.459 53390.11103992 42.95 115.077418  30.292235 17.001
 34    18.107 53390.11104250 21.37 115.073838  30.279095 17.001
 34    19.022 53390.11104314 19.69 115.072948  30.275805 17.001
 34    18.293 53390.11104379 22.81 115.072058  30.272515 17.001
 34    19.269 53390.11104443 19.73 115.071158  30.269235 17.001
 34    19.268 53390.11104508 18.20 115.070268  30.265945 17.001
 34    19.128 53390.11104572 18.27 115.069368  30.262655 17.001
 34    19.385 53390.11104637 19.13 115.068478  30.259375 17.001
 34    18.883 53390.11104701 22.52 115.067588  30.256085 17.001
 35    14.288 53425.11103730 29.26 115.080152  30.294460  9.223
 35    14.165 53425.11103794 27.70 115.079262  30.291170  9.223
 35    20.343 53425.11103859 25.24 115.078362  30.287890  9.223
 35    16.597 53425.11103923 25.68 115.077472  30.284600  9.223
 35    18.742 53425.11103988 22.23 115.076582  30.281310  9.223
 35    19.432 53425.11104052 21.72 115.075682  30.278030  9.223
 35    19.749 53425.11104117 24.64 115.074792  30.274740  9.223
 35    19.837 53425.11104181 25.04 115.073902  30.271450  9.223
 35    20.216 53425.11104246 21.29 115.073002  30.268170  9.223
 35    20.331 53425.11104310 20.45 115.072112  30.264880  9.223
 35    20.179 53425.11104374 20.64 115.071222  30.261590  9.223
 35    20.759 53425.11104439 19.97 115.070322  30.258310  9.223
 35    21.080 53425.11104503 20.17 115.069432  30.255020  9.223
 35    21.898 53425.11104568 19.17 115.068542  30.251730  9.223
 36    12.058 53460.11104230 30.86 115.085177  30.296379  7.143
 36    12.152 53460.11104295 31.05 115.084287  30.293089  7.143
 36    12.140 53460.11104359 29.14 115.083387  30.289809  7.143
 36    12.119 53460.11104424 27.20 115.082497  30.286519  7.143
 36    17.297 53460.11104488 27.22 115.081607  30.283229  7.143
 36    16.811 53460.11104552 25.20 115.080707  30.279949  7.143
 36    18.942 53460.11104617 24.73 115.079817  30.276659  7.143
 36    18.771 53460.11104681 23.14 115.078927  30.273369  7.143
 36    19.530 53460.11104746 22.68 115.078027  30.270089  7.143
 36    19.948 53460.11104810 22.08 115.077137  30.266799  7.143
 36    20.131 53460.11104875 24.35 115.076237  30.263509  7.143
 36    20.675 53460.11104939 20.77 115.075347  30.260229  7.143
 36    18.472 53460.11105004 22.04 115.074457  30.256939  7.143
 36    14.039 53460.11105068 23.16 115.073557  30.253649  7.143
 36    18.163 53460.11105133 22.98 115.072667  30.250369  7.143
 38    19.341 53530.11110230 21.24 115.081458  30.295124  5.670
 38    20.436 53530.11110294 21.28 115.080568  30.291834  5.670
 38    20.782 53530.11110359 21.73 115.079678  30.288544  5.670
 38    19.612 53530.11110423 22.89 115.078778  30.285264  5.670
 38    19.659 53530.11110488 22.13 115.077888  30.281974  5.670
 38    19.512 53530.11110552 20.63 115.076998  30.278684  5.670
 38    19.760 53530.11110617 22.32 115.076098  30.275404  5.670
 38    19.768 53530.11110681 26.02 115.075208  30.272114  5.670
 38    19.602 53530.11110746 23.15 115.074318  30.268824  5.670
 38    19.880 53530.11110810 21.28 115.073418  30.265544  5.670
 38    19.774 53530.11110874 21.30 115.072528  30.262254  5.670
 38    19.701 53530.11110939 19.52 115.071638  30.258964  5.670
 38    19.680 53530.11111003 20.51 115.070738  30.255684  5.670
 38    19.517 53530.11111068 25.45 115.069848  30.252394  5.670
 38    20.244 53530.11111132 19.82 115.068958  30.249104  5.670
 43    12.547 53705.11102889 28.85 115.080582  30.294768  8.652
 43    12.537 53705.11102953 27.75 115.079692  30.291478  8.652
 43    20.185 53705.11103018 25.66 115.078792  30.288198  8.652
 43    12.998 53705.11103082 25.39 115.077902  30.284908  8.652
 43    12.707 53705.11103147 26.78 115.077012  30.281618  8.652
 43    18.214 53705.11103211 23.32 115.076112  30.278338  8.652
 43    18.621 53705.11103276 23.80 115.075222  30.275048  8.652
 43    19.189 53705.11103340 24.15 115.074332  30.271758  8.652
 43    19.490 53705.11103404 21.17 115.073432  30.268478  8.652
 43    19.915 53705.11103469 20.58 115.072542  30.265188  8.652
 43    20.034 53705.11103533 20.10 115.071652  30.261898  8.652
 43    19.138 53705.11103598 22.01 115.070762  30.258618  8.652
 43    18.495 53705.11103662 24.24 115.069862  30.255328  8.652
 43    13.002 53705.11103727 24.72 115.068972  30.252038  8.652
 43    19.372 53705.11103791 21.87 115.068082  30.248758  8.652
 45     9.627 53775.11096042 37.98 115.082772  30.294521  9.809
 45     9.544 53775.11096107 35.22 115.081872  30.291241  9.809
 45     9.431 53775.11096171 31.82 115.080982  30.287951  9.809
 45    10.665 53775.11096236 28.39 115.080092  30.284661  9.809
 45    10.968 53775.11096300 26.58 115.079192  30.281381  9.809
 45     9.554 53775.11096365 26.96 115.078302  30.278091  9.809
 45     9.774 53775.11096429 26.72 115.077412  30.274801  9.809
 45    19.321 53775.11096494 26.54 115.076512  30.271521  9.809
 45    17.714 53775.11096558 26.43 115.075622  30.268231  9.809
 45    19.781 53775.11096623 26.63 115.074732  30.264941  9.809
 45    19.960 53775.11096687 25.47 115.073832  30.261661  9.809
 45    19.762 53775.11096751 25.28 115.072942  30.258371  9.809
 45    18.748 53775.11096816 24.90 115.072052  30.255081  9.809
 45    18.983 53775.11096880 24.83 115.071152  30.251801  9.809
 45    18.925 53775.11096945 25.56 115.070262  30.248511  9.809
 48    19.064 53880.11101350 19.67 115.081949  30.296428  4.049
 48    20.713 53880.11101415 18.99 115.081049  30.293148  4.049
 48    20.877 53880.11101479 20.46 115.080159  30.289858  4.049
 48    20.855 53880.11101544 20.08 115.079269  30.286568  4.049
 48    19.004 53880.11101608 21.81 115.078369  30.283288  4.049
 48    19.743 53880.11101673 20.74 115.077479  30.279998  4.049
 48    19.919 53880.11101737 20.28 115.076589  30.276708  4.049
 48    19.937 53880.11101802 21.59 115.075689  30.273428  4.049
 48    20.283 53880.11101866 21.38 115.074799  30.270138  4.049
 48    21.795 53880.11101931 19.57 115.073909  30.266848  4.049
 48    21.971 53880.11101995 20.12 115.073009  30.263568  4.049
 48    22.630 53880.11102060 19.22 115.072119  30.260278  4.049
 48    27.120 53880.11102124 18.74 115.071229  30.256988  4.049
 48    25.012 53880.11102188 21.00 115.070329  30.253708  4.049
 48    26.553 53880.11102253 19.92 115.069439  30.250418  4.049
 52    10.910 54020.11105487 32.07 115.079815  30.294509 12.546
 52    10.953 54020.11105551 31.21 115.078925  30.291229 12.546
 52    10.570 54020.11105616 39.77 115.078025  30.287939 12.546
 52    10.520 54020.11105680 29.95 115.077135  30.284649 12.546
 52    10.577 54020.11105745 29.42 115.076235  30.281369 12.546
 52    10.863 54020.11105809 24.78 115.075345  30.278079 12.546
 52    10.140 54020.11105874 24.89 115.074455  30.274789 12.546
 52    18.664 54020.11105938 24.11 115.073555  30.271509 12.546
 52    18.396 54020.11106003 21.47 115.072665  30.268219 12.546
 52    16.585 54020.11106067 21.91 115.071775  30.264929 12.546
 52    18.203 54020.11106132 20.15 115.070875  30.261649 12.546
 52    14.363 54020.11106196 22.03 115.069985  30.258359 12.546
 52    10.657 54020.11106261 23.01 115.069095  30.255069 12.546
 52    12.245 54020.11106325 22.98 115.068195  30.251789 12.546
 53    16.796 54055.11104567 20.36 115.086178  30.297163  4.161
 53    17.216 54055.11104631 22.68 115.085278  30.293883  4.161
 53    10.840 54055.11104695 23.97 115.084388  30.290593  4.161
 53    16.917 54055.11104760 24.99 115.083498  30.287303  4.161
 53    17.388 54055.11104824 24.19 115.082598  30.284023  4.161
 53    17.581 54055.11104889 22.56 115.081708  30.280733  4.161
 53    19.427 54055.11104953 21.26 115.080818  30.277443  4.161
 53    20.514 54055.11105018 19.90 115.079918  30.274163  4.161
 53    21.270 54055.11105082 18.56 115.079028  30.270873  4.161
 53    20.805 54055.11105147 18.94 115.078138  30.267583  4.161
 53    21.818 54055.11105211 19.41 115.077238  30.264303  4.161
 53    22.761 54055.11105276 18.66 115.076348  30.261013  4.161
 53    26.635 54055.11105340 18.30 115.075458  30.257723  4.161
 53    24.448 54055.11105405 18.61 115.074558  30.254443  4.161
 53    25.694 54055.11105469 18.84 115.073668  30.251153  4.161
 53    26.778 54055.11105534 19.57 115.072778  30.247863  4.161
 55    10.036 54125.11096061 40.62 115.081836  30.297357 19.414
 55     9.805 54125.11096125 35.40 115.080946  30.294067 19.414
 55     9.951 54125.11096190 32.12 115.080046  30.290787 19.414
 55    10.079 54125.11096254 30.86 115.079156  30.287497 19.414
 55    10.031 54125.11096319 29.17 115.078266  30.284207 19.414
 55     9.967 54125.11096383 28.85 115.077366  30.280927 19.414
 55    15.984 54125.11096447 25.02 115.076476  30.277637 19.414
 55    15.607 54125.11096512 24.24 115.075576  30.274347 19.414
 55    18.822 54125.11096576 22.40 115.074686  30.271067 19.414
 55    20.542 54125.11096641 20.88 115.073796  30.267777 19.414
 55    22.075 54125.11096705 20.78 115.072896  30.264487 19.414
 55    22.296 54125.11096770 20.47 115.072006  30.261207 19.414
 55    22.549 54125.11096834 19.91 115.071113  30.257914 26.529
 55    21.958 54125.11096899 21.23 115.070213  30.254634 26.529
 55    18.597 54125.11096963 23.60 115.069323  30.251344 26.529
 57    11.918 54195.11096262 38.14 115.080391  30.296531 16.572
 57    11.937 54195.11096327 34.93 115.079491  30.293241 16.572
 57    11.757 54195.11096391 39.10 115.078601  30.289950 12.126
 57    11.902 54195.11096456 28.16 115.077711  30.286670 12.126
 57    11.910 54195.11096520 26.97 115.076811  30.283380 12.126
 57    11.741 54195.11096585 25.85 115.075921  30.280090 12.126
 57    15.975 54195.11096649 25.36 115.075021  30.276810 12.126
 57    18.772 54195.11096714 23.68 115.074131  30.273520 12.126
 57    19.647 54195.11096778 23.24 115.073241  30.270230 12.126
 57    18.302 54195.11096843 24.09 115.072341  30.266950 12.126
 57    20.843 54195.11096907 22.55 115.071451  30.263660 12.126
 57    20.977 54195.11096971 23.56 115.070561  30.260370 12.126
 57    20.790 54195.11097036 23.14 115.069661  30.257090 12.126
 57    14.645 54195.11097100 24.15 115.068771  30.253800 12.126
 57    12.332 54195.11097165 25.55 115.067881  30.250510 12.126
 59    15.851 54265.11103095 27.77 115.078002  30.296184  7.353
 59    19.968 54265.11103482 22.34 115.072642  30.276464  7.353
 59    22.293 54265.11103546 24.29 115.071742  30.273184  7.353
 64     9.706 54440.11092658 27.36 115.081158  30.294556 10.551
 64     9.679 54440.11092722 26.44 115.080268  30.291266 10.551
 64     9.636 54440.11092787 23.95 115.079368  30.287986 10.551
 64    16.628 54440.11092851 22.56 115.078478  30.284696 10.551
 64    17.310 54440.11092916 22.25 115.077588  30.281406 10.551
 64     9.911 54440.11092980 24.28 115.076688  30.278126 10.551
 64    18.720 54440.11093045 21.97 115.075798  30.274836 10.551
 64    20.161 54440.11093109 19.58 115.074898  30.271546 10.551
 64    18.869 54440.11093174 19.95 115.074008  30.268266 10.551
 64    19.199 54440.11093238 20.03 115.073118  30.264976 10.551
 64     9.796 54440.11093303 23.11 115.072218  30.261686 10.551
 64     9.625 54440.11093367 23.94 115.071328  30.258406 10.551
 64     9.853 54440.11093432 24.35 115.070434  30.255114 19.942
 64     9.805 54440.11093496 24.94 115.069534  30.251834 19.942
 64     9.728 54440.11093560 24.58 115.068644  30.248544 19.942
 65     9.264 54475.11095598 42.44 115.079193  30.296047 30.514
 65     9.344 54475.11095662 41.29 115.078298  30.292755 17.925
 65     9.401 54475.11095727 40.43 115.077398  30.289475 17.925
 65     9.388 54475.11095791 32.69 115.076508  30.286185 17.925
 65     9.465 54475.11095856 39.33 115.075618  30.282895 17.925
 65     9.288 54475.11095920 44.27 115.074718  30.279615 17.925
 65     9.295 54475.11095985 25.58 115.073828  30.276325 17.925
 65     9.240 54475.11096049 28.68 115.072938  30.273035 17.925
 65    18.049 54475.11096114 25.29 115.072038  30.269755 17.925
 65     9.285 54475.11096178 27.01 115.071148  30.266465 17.925
 65     9.242 54475.11096243 28.58 115.070258  30.263175 17.925
 65     9.319 54475.11096307 24.85 115.069358  30.259895 17.925
 65     9.262 54475.11096372 25.29 115.068468  30.256605 17.925
 65     9.236 54475.11096436 26.02 115.067578  30.253315 17.925
 65    10.849 54475.11096501 24.14 115.066678  30.250035 17.925
 66    10.027 54510.11094051 35.73 115.080801  30.296070 25.415
 66     9.610 54510.11094115 33.90 115.079911  30.292780 25.415
 66     9.946 54510.11094180 29.07 115.079011  30.289490 25.415
 66    10.128 54510.11094244 26.47 115.078121  30.286210 25.415
 66     9.949 54510.11094309 26.11 115.077231  30.282920 25.415
 66    16.734 54510.11094373 22.78 115.076333  30.279630 16.356
 66    16.798 54510.11094438 22.76 115.075443  30.276350 16.356
 66    18.958 54510.11094502 23.29 115.074543  30.273060 16.356
 66     9.723 54510.11094567 27.12 115.073653  30.269770 16.356
 66    19.016 54510.11094631 23.88 115.072753  30.266490 16.356
 66    12.523 54510.11094696 22.77 115.071863  30.263200 16.356
 66    20.333 54510.11094760 23.54 115.070973  30.259910 16.356
 66    11.133 54510.11094825 24.75 115.070073  30.256630 16.356
 66    10.849 54510.11094889 25.06 115.069183  30.253340 16.356
 66    10.439 54510.11094953 25.24 115.068293  30.250050 16.356
 68    19.226 54580.11093696 19.61 115.079361  30.296812  5.653
 68    15.990 54580.11093760 20.11 115.078461  30.293522  5.653
 68    14.276 54580.11093825 22.93 115.077571  30.290232  5.653
 68    14.473 54580.11093954 26.79 115.075781  30.283662  5.653
 68    17.941 54580.11094018 21.27 115.074891  30.280372  5.653
 68    19.227 54580.11094082 18.46 115.073991  30.277092  5.653
 68    20.126 54580.11094147 20.66 115.073101  30.273802  5.653
 68    20.840 54580.11094211 21.95 115.072211  30.270512  5.653
 68    21.737 54580.11094276 17.29 115.071311  30.267232  5.653
 68    22.284 54580.11094340 17.42 115.070421  30.263942  5.653
 68    22.063 54580.11094405 18.09 115.069531  30.260652  5.653
 68    22.037 54580.11094469 17.58 115.068631  30.257372  5.653
 68    21.667 54580.11094534 18.71 115.067741  30.254082  5.653
 68    21.550 54580.11094598 20.15 115.066851  30.250792  5.653
 69    18.761 54615.11095940 24.46 115.078402  30.297587  7.532
 69    15.974 54615.11096004 24.24 115.077512  30.294297  7.532
 69    18.701 54615.11096326 28.12 115.073042  30.277867  7.532
 69    20.371 54615.11096391 24.10 115.072152  30.274577  7.532
 72    19.577 54720.11091548 22.78 115.081398  30.294828 11.339
 72    19.482 54720.11091613 25.67 115.080508  30.291538 11.339
 72    19.725 54720.11091677 27.56 115.079618  30.288248 11.339
 72    19.777 54720.11091742 32.01 115.078718  30.284968 11.339
 72    19.774 54720.11091806 34.46 115.077828  30.281678 11.339
 72    19.662 54720.11091871 32.45 115.076938  30.278388 11.339
 72    19.550 54720.11091935 29.33 115.076038  30.275108 11.339
 72    19.561 54720.11091999 24.23 115.075148  30.271818 11.339
 72    19.813 54720.11092064 20.56 115.074248  30.268528 11.339
 72    20.005 54720.11092128 20.91 115.073358  30.265248 11.339
 72    20.111 54720.11092193 22.33 115.072468  30.261958 11.339
 72    21.124 54720.11092257 20.77 115.071568  30.258668 11.339
 72    20.565 54720.11092322 19.99 115.070678  30.255388 11.339
 72    19.997 54720.11092386 20.48 115.069787  30.252096 10.089
 72    19.997 54720.11092451 21.30 115.068887  30.248816 10.089
 74    19.369 54790.11090898 18.65 115.079555  30.297114  8.134
 74    18.434 54790.11090963 21.57 115.078665  30.293824  8.134
 74    20.140 54790.11091027 21.72 115.077765  30.290534  8.134
 74    20.304 54790.11091092 20.96 115.076875  30.287254  8.134
 74    17.403 54790.11091156 29.32 115.075985  30.283964  8.134
 74    17.522 54790.11091221 29.09 115.075087  30.280673 11.633
 74    19.922 54790.11091285 19.93 115.074197  30.277393 11.633
 74    20.410 54790.11091350 22.08 115.073297  30.274103 11.633
 74    20.378 54790.11091414 22.46 115.072407  30.270813 11.633
 74    22.205 54790.11091479 18.72 115.071507  30.267533 11.633
 74    22.465 54790.11091543 17.88 115.070617  30.264243 11.633
 74    22.557 54790.11091608 17.59 115.069727  30.260953 11.633
 74    22.041 54790.11091672 18.07 115.068827  30.257673 11.633
 74    21.950 54790.11091737 17.85 115.067937  30.254383 11.633
 74    23.889 54790.11091801 18.57 115.067047  30.251093 11.633
 75    10.033 54825.11093586 28.22 115.078702  30.296319  8.897
 75    10.294 54825.11093650 27.51 115.077802  30.293039  8.897
 75    16.548 54825.11093908 23.49 115.074232  30.279889  8.897
 75    19.200 54825.11093973 22.01 115.073342  30.276599  8.897
 75    19.669 54825.11094037 24.64 115.072442  30.273319  8.897
 75    20.844 54825.11094102 23.41 115.071552  30.270029  8.897
 75    20.374 54825.11094166 19.15 115.070662  30.266739  8.897
 75    20.184 54825.11094231 19.43 115.069762  30.263459  8.897
 75    20.148 54825.11094295 19.77 115.068872  30.260169  8.897
 75    20.272 54825.11094360 20.12 115.067982  30.256879  8.897
 75    10.610 54825.11094424 22.95 115.067082  30.253599  8.897
 76     9.500 54860.11090200 44.37 115.081776  30.297531 25.234
 76     9.423 54860.11090265 41.17 115.080876  30.294241 25.234
 76     9.058 54860.11090329 39.45 115.079986  30.290961 25.234
 76     8.561 54860.11090394 36.48 115.079096  30.287671 25.234
 76     8.948 54860.11090458 33.01 115.078196  30.284381 25.234
 76     8.582 54860.11090522 30.43 115.077306  30.281101 25.234
 76     6.268 54860.11090587 31.00 115.076416  30.277811 25.234
 76     5.229 54860.11090651 29.30 115.075516  30.274531 25.234
 76     9.160 54860.11090716 25.25 115.074626  30.271241 25.234
 76     9.321 54860.11090780 25.80 115.073731  30.267951 20.961
 76    19.157 54860.11090845 23.91 115.072831  30.264661 20.961
 76    16.753 54860.11090909 23.69 115.071941  30.261381 20.961
 76     9.541 54860.11090974 25.50 115.071051  30.258091 20.961
 76     9.772 54860.11091038 24.78 115.070151  30.254811 20.961
 76    11.582 54860.11091103 26.16 115.069261  30.251521 20.961
 78    18.680 54930.11090050 23.26 115.078437  30.297152  9.762
 78    19.925 54930.11090114 21.88 115.077547  30.293862  9.762
 78    19.642 54930.11090436 20.83 115.073077  30.277432  9.762
 78    20.543 54930.11090501 24.16 115.072182  30.274138  7.956
 83    14.448 55105.11087495 25.47 115.078803  30.296384  6.767
 83    14.385 55105.11087560 25.68 115.077903  30.293104  6.767
 83    14.331 55105.11087817 28.47 115.074333  30.279954  6.767
 83    14.157 55105.11087882 24.14 115.073437  30.276665 10.629
 83    20.107 55105.11087946 24.86 115.072547  30.273375 10.629
 83    20.244 55105.11088011 24.40 115.071647  30.270095 10.629
 83    20.173 55105.11088075 20.47 115.070757  30.266805 10.629
 83    19.355 55105.11088140 22.09 115.069857  30.263515 10.629
 83    14.679 55105.11088204 22.71 115.068967  30.260235 10.629
 83    18.894 55105.11088269 22.04 115.068077  30.256945 10.629
 83    14.786 55105.11088333 22.86 115.067177  30.253665 10.629
 85     9.600 55175.11084152 29.46 115.082207  30.296733  7.907
 85     9.427 55175.11084217 27.66 115.081317  30.293443  7.907
 85    10.468 55175.11084281 26.09 115.080427  30.290153  7.907
 85    15.278 55175.11084345 24.49 115.079527  30.286873  7.907
 85    18.355 55175.11084410 23.46 115.078637  30.283583  7.907
 85    19.065 55175.11084474 22.93 115.077747  30.280293  7.907
 85    21.381 55175.11084539 21.41 115.076847  30.277013  7.907
 85    22.173 55175.11084603 20.42 115.075957  30.273723  7.907
 85    22.020 55175.11084668 20.45 115.075057  30.270433  7.907
 85    22.379 55175.11084732 19.99 115.074167  30.267153  7.907
 85    22.441 55175.11084797 20.50 115.073267  30.263863  7.907
 85    27.389 55175.11084861 19.78 115.072377  30.260583  7.907
 85    23.032 55175.11084926 20.59 115.071487  30.257293  7.907
 85    22.665 55175.11084990 20.83 115.070594  30.254001 25.870
 85    21.847 55175.11085055 21.36 115.069694  30.250721 25.870
 87    10.615 55245.11084899 49.24 115.078260  30.294454 32.195
 87    10.755 55245.11084964 42.68 115.077360  30.291164 32.195
 87    10.423 55245.11085157 31.38 115.074680  30.281314 32.195
 87    10.518 55245.11085222 34.06 115.073790  30.278024 32.195
 87    10.575 55245.11085286 35.19 115.072895  30.274734 20.620
 87    10.642 55245.11085351 33.07 115.071995  30.271444 20.620
 87    10.637 55245.11085415 32.13 115.071105  30.268164 20.620
 87    21.844 55245.11085480 29.06 115.070215  30.264874 20.620
 87    10.636 55245.11085544 27.67 115.069315  30.261594 20.620
 87    10.584 55245.11085608 26.65 115.068425  30.258304 20.620
 87    10.590 55245.11085673 27.64 115.067535  30.255014 20.620
 91    20.365 55385.11083486 26.20 115.078536  30.296858 15.090
 91    20.248 55385.11083550 30.62 115.077646  30.293568 15.090
 91    20.776 55385.11083808 32.16 115.074066  30.280418 15.090
 91    20.959 55385.11083873 30.84 115.073176  30.277138 15.090
 91    22.009 55385.11083937 27.61 115.072281  30.273846 11.915
 91    21.185 55385.11084002 27.94 115.071381  30.270566 11.915
 91    21.031 55385.11084195 26.93 115.068701  30.260706 11.915
 91    21.115 55385.11084259 24.62 115.067811  30.257416 11.915
 91    21.269 55385.11084324 23.51 115.066921  30.254126 11.915
 92    21.859 55420.11085967 25.60 115.078550  30.297690 15.648
 92    22.186 55420.11086031 26.32 115.077660  30.294400 15.648
 92    21.188 55420.11086354 32.58 115.073190  30.277970 15.648
 92    21.641 55420.11086418 32.88 115.072300  30.274680 15.648
