-135853.972     9.472     0.00    3.38
-135477.747     9.898     1.13    3.36
-135101.541    10.512     1.63    3.06
-134725.353    10.720     0.55    2.65
-134349.183    10.637    -0.22    2.12
-133973.033    10.262    -1.00    2.03
-133596.901     9.944    -0.85    2.19
-133220.788     9.512    -1.15    2.07
-132844.693     8.798    -1.90    2.07
-132468.617     8.194    -1.61    2.06
-132092.560     7.893    -0.80    1.98
-131716.521     7.060    -2.22    2.00
-131340.501     6.326    -1.95    1.66
-130964.500     6.009    -0.84    1.60
-130588.517     5.558    -1.20    1.42
-130212.553     5.043    -1.37    1.20
-129836.608     4.967    -0.20    1.32
-129460.681     4.944    -0.06    1.30
-129084.772     4.830    -0.30    1.43
-128708.883     5.015     0.49    1.59
-128333.012     4.982    -0.09    1.43
-127957.159     5.035     0.14    1.35
-127581.325     5.319     0.76    1.41
-127205.510     5.376     0.15    1.33
-126829.714     5.512     0.36    1.31
-126453.935     5.535     0.06    1.45
-126078.176     5.548     0.04    1.34
-125702.435     5.548     0.00    1.37
-125326.713     5.080    -1.25    1.21
-124951.009     4.800    -0.75    1.13
-124575.323     4.696    -0.28    1.17
-124199.657     5.035     0.90    1.28
-123824.009     5.194     0.42    1.43
-123448.379     5.540     0.92    1.81
-123072.768     5.344    -0.52    1.44
-122697.175     5.393     0.13    1.43
-122321.601     5.398     0.01    1.45
-121946.046     6.148     2.00    1.93
-121570.509     6.671     1.39    1.97
-121194.990     7.404     1.95    1.65
-120819.490     7.257    -0.39    1.49
-120444.009     6.720    -1.43    1.40
-120068.546     6.504    -0.58    1.30
-119693.101     6.308    -0.52    1.16
-119317.675     6.558     0.67    1.21
-118942.268     6.171    -1.03    1.57
-118566.879     5.580    -1.57    1.69
-118191.508     4.771    -2.16    1.61
-117816.156     4.334    -1.16    1.45
-117440.822     4.148    -0.50    1.17
-117065.507     4.421     0.73    1.09
-116690.211     4.704     0.75    1.14
-116314.932     4.948     0.65    1.24
-115939.673     5.535     1.56    1.19
-115564.431     5.860     0.87    1.10
-115189.208     6.103     0.65    1.10
-114814.004     6.239     0.36    1.57
-114438.818     6.558     0.85    2.32
-114063.650     7.012     1.21    2.28
-113688.501     7.398     1.03    2.06
-113313.370     7.171    -0.61    1.86
-112938.258     6.785    -1.03    1.28
-112563.164     6.308    -1.27    1.18
-112188.088     6.079    -0.61    1.24
-111813.031     5.815    -0.70    1.40
-111437.992     5.590    -0.60    1.24
-111062.972     5.330    -0.69    1.32
-110687.970     5.083    -0.66    1.29
-110312.987     5.080    -0.01    1.23
-109938.021     5.082     0.00    1.25
-109563.074     4.986    -0.26    1.38
-109188.146     4.726    -0.69    1.48
-108813.236     4.601    -0.33    1.35
-108438.344     5.035     1.16    1.54
-108063.471     5.496     1.23    1.52
-107688.616     5.808     0.83    1.66
-107313.779     5.853     0.12    1.64
-106938.960     6.032     0.48    1.66
-106564.160     5.971    -0.16    1.72
-106189.379     6.291     0.86    1.72
-105814.615     6.694     1.07    1.58
-105439.870     6.593    -0.27    1.57
-105065.143     6.467    -0.34    1.29
-104690.435     6.080    -1.03    1.42
-104315.745     5.744    -0.90    1.45
-103941.073     5.593    -0.40    1.41
-103566.419     5.482    -0.30    1.41
-103191.784     5.193    -0.77    1.55
-102817.167     5.012    -0.48    1.58
-102442.568     4.837    -0.47    1.52
-102067.988     4.353    -1.29    1.34
-101693.426     4.125    -0.61    1.30
-101318.882     4.080    -0.12    1.30
-100944.356     4.172     0.25    1.51
-100569.849     4.239     0.18    1.51
-100195.360     4.489     0.67    1.66
 -99820.889     5.102     1.64    1.65
 -99446.437     4.944    -0.42    1.89
 -99072.002     5.051     0.29    2.01
 -98697.586     4.626    -1.14    1.84
 -98323.188     4.720     0.25    2.10
 -97948.809     5.512     2.12    2.32
 -97574.447     6.103     1.58    2.29
 -97200.104     6.544     1.18    1.85
 -96825.779     6.898     0.95    1.56
 -96451.472     6.929     0.08    1.42
 -96077.184     6.989     0.16    1.24
 -95702.913     7.315     0.87    1.10
 -95328.661     7.671     0.95    1.30
 -94954.427     7.853     0.49    1.55
 -94580.211     8.218     0.98    1.65
 -94206.014     8.194    -0.06    1.54
 -93831.834     7.923    -0.72    1.33
 -93457.673     7.830    -0.25    1.12
 -93083.530     7.958     0.34    1.09
 -92709.405     7.853    -0.28    1.36
 -92335.298     7.694    -0.43    3.22
 -91961.210     7.285    -1.09    4.79
 -91587.139     7.398     0.30    5.22
 -91213.087     7.923     1.40    4.85
 -90839.053     8.058     0.36    3.55
 -90465.037     8.244     0.50    1.66
 -90091.039     7.726    -1.38    1.34
 -89717.059     7.460    -0.71    0.97
 -89343.098     7.421    -0.10    1.04
 -88969.154     7.194    -0.61    1.03
 -88595.229     6.923    -0.72    0.95
 -88221.321     6.785    -0.37    0.94
 -87847.432     6.601    -0.49    0.99
 -87473.561     6.415    -0.50    1.03
 -87099.708     6.348    -0.18    1.14
 -86725.873     6.381     0.09    1.19
 -86352.057     6.330    -0.14    1.15
 -85978.258     6.174    -0.42    1.31
 -85604.477     5.944    -0.62    1.13
 -85230.715     5.815    -0.34    1.05
 -84856.970     5.837     0.06    1.06
 -84483.244     5.726    -0.30    1.27
 -84109.536     5.730     0.01    1.10
 -83735.845     5.739     0.03    1.09
 -83362.173     5.622    -0.31    1.08
 -82988.519     5.853     0.62    1.15
 -82614.883     5.720    -0.36    1.25
 -82241.265     5.726     0.02    1.10
 -81867.664     5.904     0.48    1.11
 -81492.517     5.986     0.22    1.02
 -81115.310     6.103     0.31    1.01
 -80738.121     5.938    -0.44    0.91
 -80360.951     5.739    -0.53    1.11
 -79983.799     5.334    -1.07    1.10
 -79606.666     5.193    -0.38    1.13
 -79229.551     5.215     0.06    1.10
 -78852.454     5.291     0.20    1.24
 -78475.376     5.308     0.04    1.35
 -78098.316     5.148    -0.42    1.36
 -77721.274     5.421     0.72    1.42
 -77344.251     5.353    -0.18    1.17
 -76967.246     5.521     0.44    1.13
 -76590.259     5.260    -0.69    1.42
 -76213.291     4.973    -0.76    1.50
 -75836.341     4.648    -0.86    1.55
 -75459.409     4.218    -1.14    1.45
 -75082.496     4.285     0.18    1.23
 -74705.601     4.489     0.54    1.24
 -74328.725     4.720     0.61    1.13
 -73951.866     4.993     0.72    1.17
 -73575.026     4.744    -0.66    1.27
 -73198.205     4.671    -0.19    1.23
 -72821.401     4.739     0.18    1.21
 -72444.616     4.615    -0.33    1.04
 -72067.849     4.590    -0.07    1.10
 -71691.101     4.268    -0.86    1.25
 -71314.371     3.898    -0.98    1.20
 -70937.659     4.058     0.42    1.34
 -70560.965     4.217     0.42    1.62
 -70184.290     4.603     1.03    1.50
 -69807.632     4.739     0.36    1.44
 -69430.994     4.753     0.04    1.50
 -69054.373     4.830     0.20    1.27
 -68677.771     4.398    -1.15    1.26
 -68301.186     4.148    -0.66    1.12
 -67924.621     4.217     0.18    1.15
 -67548.073     4.398     0.48    1.24
 -67171.544     5.080     1.81    1.44
 -66795.032     5.376     0.78    1.41
 -66418.539     5.467     0.24    1.12
 -66042.065     5.660     0.51    1.08
 -65665.608     6.171     1.36    1.13
 -65289.170     6.863     1.84    1.31
 -64912.750     6.603    -0.69    1.95
 -64536.348     6.105    -1.32    2.12
 -64159.964     5.330    -2.06    2.13
 -63783.599     4.237    -2.90    1.56
 -63407.251     4.311     0.20    1.53
 -63030.922     4.822     1.36    1.61
 -62654.611     4.648    -0.46    1.77
 -62278.318     4.535    -0.30    1.70
 -61902.044     4.125    -1.09    1.58
 -61525.787     4.172     0.12    1.57
 -61149.549     4.548     1.00    1.51
 -60773.329     4.839     0.77    1.67
 -60397.127     4.909     0.19    1.57
 -60020.943     4.876    -0.09    1.60
 -59644.777     5.126     0.66    1.86
 -59268.630     5.529     1.07    1.95
 -58892.500     5.910     1.01    1.92
 -58516.389     5.444    -1.24    2.00
 -58140.296     4.723    -1.92    1.55
 -57764.221     4.580    -0.38    1.40
 -57388.164     4.626     0.12    1.17
 -57012.125     4.590    -0.09    1.08
 -56636.104     4.421    -0.45    1.28
 -56260.101     4.392    -0.08    1.30
 -55884.117     4.558     0.44    1.24
 -55508.150     4.815     0.69    1.26
 -55132.202     5.148     0.89    1.12
 -54756.272     5.593     1.18    1.50
 -54380.359     5.614     0.05    1.58
 -54004.465     5.512    -0.27    1.62
 -53628.589     5.273    -0.63    1.71
 -53252.731     5.012    -0.70    1.77
 -52876.891     4.753    -0.69    1.84
 -52501.069     5.080     0.87    1.89
 -52125.266     5.058    -0.06    1.70
 -51749.480     5.148     0.24    1.45
 -51373.712     5.194     0.12    1.28
 -50997.962     4.856    -0.90    1.05
 -50622.231     4.717    -0.37    1.07
 -50246.517     4.308    -1.09    1.46
 -49870.821     4.195    -0.30    1.56
 -49495.144     4.393     0.53    1.67
 -49119.484     4.978     1.56    1.84
 -48743.843     5.558     1.54    1.72
 -48368.219     5.823     0.71    1.54
 -47992.614     5.217    -1.62    1.68
 -47617.026     4.967    -0.67    1.86
 -47241.456     4.800    -0.44    1.56
 -46865.905     4.876     0.20    1.48
 -46490.371     4.923     0.13    1.58
 -46114.856     4.421    -1.34    1.62
 -45739.358     3.387    -2.76    1.10
 -45363.878     3.193    -0.52    1.04
 -44988.417     3.171    -0.06    1.17
 -44612.973     3.077    -0.25    1.31
 -44237.547     2.944    -0.35    1.47
 -43862.139     3.002     0.16    1.35
 -43486.749     2.785    -0.58    1.14
 -43111.377     2.986     0.54    1.15
 -42736.023     3.148     0.43    1.20
 -42360.687     3.535     1.03    1.13
 -41985.369     4.101     1.51    1.32
 -41610.069     4.512     1.10    1.56
 -41234.787     5.368     2.28    1.90
 -40859.522     5.444     0.20    1.65
 -40484.276     5.730     0.76    1.52
 -40109.047     6.012     0.75    1.56
 -39733.837     6.148     0.36    1.37
 -39358.644     6.348     0.53    1.26
 -38983.469     6.262    -0.23    1.35
 -38608.312     6.055    -0.55    1.27
 -38233.173     5.744    -0.83    1.33
 -37858.052     5.785     0.11    1.24
 -37482.948     6.058     0.73    1.36
 -37107.863     6.953     2.39    1.80
 -36732.795     7.807     2.28    1.56
 -36357.746     7.671    -0.36    1.62
 -35982.714     6.893    -2.08    2.07
 -35607.700     5.958    -2.49    1.52
 -35232.704     5.330    -1.67    1.24
 -34857.725     5.311    -0.05    1.02
 -34482.765     5.540     0.61    1.14
 -34107.822     5.553     0.04    1.15
 -33732.897     5.415    -0.37    1.18
 -33357.990     5.404    -0.03    0.98
 -32983.101     5.553     0.40    0.89
 -32608.230     5.830     0.74    1.09
 -32233.376     6.363     1.42    1.05
 -31858.541     6.866     1.34    1.28
 -31483.723     7.434     1.52    1.73
 -31108.923     8.080     1.72    1.73
 -30734.140     7.916    -0.44    2.05
 -30359.376     7.504    -1.10    2.27
 -29984.629     7.058    -1.19    2.33
 -29609.900     6.339    -1.92    1.45
 -29235.189     6.437     0.26    1.49
 -28860.496     6.521     0.22    1.41
 -28485.820     6.398    -0.33    1.53
 -28111.162     5.876    -1.40    1.42
 -27736.522     5.748    -0.34    1.50
 -27361.900     5.285    -1.24    1.53
 -26987.295     5.196    -0.24    1.70
 -26612.708     4.860    -0.90    1.52
 -26238.139     4.544    -0.84    1.50
 -25863.588     4.037    -1.35    1.15
 -25489.054     3.762    -0.73    1.06
 -25114.538     3.409    -0.94    1.00
 -24740.040     3.497     0.23    1.02
 -24365.560     3.577     0.21    1.29
 -23991.097     3.603     0.07    1.27
 -23616.652     3.637     0.09    1.20
 -23242.225     3.512    -0.33    0.97
 -22867.815     3.444    -0.18    1.17
 -22493.423     3.409    -0.09    1.24
 -22119.049     3.489     0.21    1.27
 -21744.693     3.506     0.04    1.46
 -21370.354     3.421    -0.23    1.56
 -20996.033     3.239    -0.49    2.08
 -20621.729     2.989    -0.67    2.53
 -20247.444     3.103     0.30    2.23
 -19873.176     3.018    -0.23    2.02
 -19498.925     2.785    -0.62    1.70
 -19124.692     2.720    -0.17    1.53
 -18750.477     2.671    -0.13    1.64
 -18376.280     2.648    -0.06    1.36
 -18002.100     2.626    -0.06    1.27
 -17627.938     2.671     0.12    1.36
 -17253.793     2.683     0.03    1.35
 -16879.666     2.876     0.51    1.23
 -16505.557     3.029     0.41    1.17
 -16131.465     3.217     0.50    1.09
 -15757.391     3.080    -0.36    1.23
 -15383.335     2.762    -0.85    1.37
 -15009.296     2.753    -0.02    1.62
 -14635.275     2.428    -0.87    1.92
 -14261.271     1.558    -2.33    2.86
 -13887.285     1.815     0.69    3.34
 -13513.317     1.785    -0.08    3.25
 -13139.366     2.398     1.64    2.86
 -12765.433     2.717     0.85    1.87
 -12391.517     2.241    -1.27    1.84
 -12017.619     2.288     0.12    1.54
 -11643.739     2.262    -0.07    1.59
 -11269.876     2.339     0.21    1.58
 -10896.031     2.421     0.22    1.48
 -10522.203     2.376    -0.12    1.29
 -10148.393     2.353    -0.06    1.27
  -9774.600     2.217    -0.36    1.28
  -9400.825     2.358     0.38    1.86
  -9027.067     2.058    -0.80    2.20
  -8653.327     2.077     0.05    2.22
  -8279.605     1.967    -0.30    2.23
  -7905.900     1.762    -0.55    1.86
  -7532.212     2.012     0.67    1.65
  -7158.542     1.785    -0.61    1.56
  -6784.890     2.195     1.10    1.51
  -6409.299     2.348     0.41    1.59
  -6032.137     2.474     0.33    1.46
  -5654.992     2.882     1.08    1.45
  -5277.866     3.032     0.40    1.53
  -4900.757     3.282     0.66    1.34
  -4523.666     3.521     0.63    1.31
  -4146.592     4.172     1.73    1.37
  -3769.537     4.626     1.20    1.55
  -3392.500     5.035     1.09    1.66
  -3015.480     5.376     0.90    2.16
  -2638.478     4.489    -2.35    3.46
  -2261.494     3.421    -2.83    4.00
  -1884.528     2.603    -2.17    4.17
  -1507.579     1.626    -2.59    3.93
  -1130.649     1.626     0.00    3.84
   -753.736     2.126     1.33    3.91
   -376.841     2.148     0.06    3.84
      0.036     1.898    -0.66    4.03
    376.896     1.801    -0.26    3.95
    753.737     1.330    -1.25    3.29
   1130.561     1.704     0.99    3.67
   1507.367     2.683     2.60    4.04
   1884.156     3.032     0.93    3.79
   2260.926     3.839     2.14    3.43
   2637.679     4.512     1.79    2.64
   3014.414     4.626     0.30    1.50
   3391.131     4.497    -0.34    1.56
   3767.831     4.785     0.76    1.50
   4144.513     4.815     0.08    1.48
   4521.177     4.898     0.22    1.71
   4897.823     4.771    -0.34    1.68
   5274.452     5.079     0.82    1.42
   5651.063     5.006    -0.19    1.34
   6027.656     4.823    -0.49    1.34
   6404.231     5.037     0.57    1.13
   6780.789     4.934    -0.27    1.34
   7157.329     4.853    -0.22    1.42
   7533.851     4.467    -1.03    1.55
   7910.356     4.358    -0.29    1.41
   8286.843     3.944    -1.10    1.36
   8663.312     3.880    -0.17    1.32
   9039.763     3.580    -0.80    1.85
   9416.197     3.707     0.34    2.35
   9792.613     3.916     0.56    2.61
  10169.012     5.220     3.46    3.92
  10545.393     6.648     3.80    4.58
  10921.756     8.080     3.80    4.80
  11298.101     8.748     1.78    4.69
  11674.429    10.704     5.20    4.90
  12050.739    13.217     6.68    4.82
  12427.032    14.916     4.52    4.81
  12803.307    15.285     0.98    5.92
  13179.564    14.661    -1.66    5.67
  13555.804    15.239     1.54    6.97
  13932.026    17.291     5.45    7.29
  14308.230    18.444     3.06    6.90
  14684.417    19.282     2.23    7.37
  15060.586    20.387     2.94    6.81
  15436.737    22.648     6.01    5.92
  15812.871    23.898     3.32    4.55
  16188.988    23.762    -0.36    5.53
  16565.086    22.962    -2.13    6.23
  16941.167    24.444     3.94    6.00
  17317.231    27.753     8.80    7.52
  17693.277    34.123    16.94    9.56
  18069.305    41.535    19.71   10.80
  18445.316    45.807    11.36    8.80
  18821.309    44.217    -4.23    9.53
  19197.285    38.398   -15.47   11.37
  19573.243    30.660   -20.58    9.45
  19949.183    24.989   -15.08    7.51
  20325.106    23.096    -5.04    7.21
  20701.012    24.239     3.04    7.01
  21076.900    25.637     3.72    7.53
  21452.770    27.637     5.32    7.93
  21828.623    29.060     3.78    7.91
  22204.458    33.410    11.58    9.23
  22580.276    37.785    11.64   10.36
  22956.076    40.405     6.97   11.25
  23331.858    44.921    12.02   12.00
  23707.624    51.103    16.45   15.80
  24083.371    54.358     8.66   16.49
  24459.101    57.308     7.85   16.41
  24834.814    61.498    11.15   16.07
  25210.509    64.103     6.93   14.73
  25586.187    74.943    28.85   28.64
  25961.847    90.288    40.85   40.67
  26337.489   120.921    81.55   62.14
  26713.115   148.125    72.42   69.53
  27088.722   165.558    46.41   63.81
  27464.313   152.398   -35.03   67.66
  27839.885   131.694   -55.13   58.16
  28215.441   130.029    -4.43   60.22
  28590.978   165.398    94.18   97.28
  28966.499   221.126   148.40  110.09
  29342.002   266.839   121.74   96.07
  29717.487   285.080    48.58   77.03
  30092.955   259.473   -68.20   91.82
  30468.406   203.808  -148.26  101.16
  30843.839   142.823  -162.43   69.23
  31219.255   119.217   -62.88   39.18
  31594.653   143.846    65.61   60.57
  31970.034   178.523    92.38   55.89
  32345.397   177.376    -3.06   55.47
  32720.743   144.072   -88.73   65.00
  33096.072    96.428  -126.94   47.35
  33471.383    73.683   -60.60   29.65
  33846.677    64.916   -23.36   22.23
  34221.954    61.860    -8.14   21.06
  34597.213    59.723    -5.69   18.20
  34972.454    58.921    -2.14   26.70
  35347.679    54.929   -10.64   26.62
  35722.885    52.720    -5.89   24.69
  36098.075    52.398    -0.86   14.80
  36473.247    62.577    27.13   22.63
  36848.402    99.080    97.30   61.00
  37223.539   149.514   134.44   81.24
  37598.659   178.194    76.45   80.52
  37973.762   217.125   103.78   67.29
  38348.848   225.239    21.63   64.57
  38723.916   219.444   -15.45   58.66
  39098.966   209.783   -25.76   53.78
  39474.000   169.739  -106.77   64.94
  39849.016   134.473   -94.04   49.34
  40224.014   114.285   -53.83   42.12
  40598.996    92.637   -57.73   30.06
  40973.960    84.898   -20.64   27.57
  41348.906    77.103   -20.79   24.94
  41723.836    84.123    18.72   29.12
  42098.748    83.558    -1.51   27.42
  42473.643    84.368     2.16   26.40
  42848.520    83.148    -3.25   24.84
  43223.381    82.195    -2.54   23.52
  43598.224    87.567    14.33   23.76
  43973.049    91.504    10.50   21.87
  44347.858    95.798    11.46   19.49
  44722.649    94.171    -4.34   17.69
  45097.423    94.027    -0.39   16.09
  45472.179    97.529     9.35   18.96
  45846.918   101.148     9.66   19.40
  46221.641   101.363     0.57   23.78
  46596.345   100.080    -3.42   19.63
  46971.033    99.344    -1.97   20.49
  47345.703    99.671     0.87   18.01
  47720.356    98.466    -3.22   16.52
  48094.992    96.830    -4.36   16.44
  48469.611    97.876     2.79   14.47
  48844.212   100.744     7.66   22.09
  49218.796   106.671    15.82   22.02
  49593.363   113.417    18.01   22.41
  49967.913   120.694    19.43   22.49
  50342.445   119.311    -3.69   22.28
  50716.961   112.967   -16.94   21.39
  51091.459   102.125   -28.95   18.46
  51465.939    91.248   -29.04   18.32
  51840.403    81.330   -26.49   20.39
  52214.850    69.573   -31.40   22.69
  52589.279    60.762   -23.53   20.54
  52963.691    55.637   -13.69   17.20
  53338.086    61.660    16.09   20.52
  53712.464    65.460    10.15   18.64
  54086.824    64.923    -1.43   18.43
  54461.168    57.739   -19.19   20.90
  54835.494    47.200   -28.15   18.22
  55209.803    40.055   -19.09   15.66
  55584.095    33.288   -18.08   10.46
  55958.370    30.567    -7.27    6.68
  56332.628    28.726    -4.92    4.95
  56706.868    27.248    -3.95    2.72
  57081.092    26.353    -2.39    2.34
  57455.298    25.798    -1.48    2.21
  57829.487    25.172    -1.67    2.35
  58203.659    24.853    -0.85    2.48
  58577.814    24.962     0.29    2.61
  58951.952    26.967     5.36    5.35
  59326.073    29.948     7.97    9.84
  59700.176    34.580    12.38   12.81
  60074.263    36.027     3.87   11.23
  60448.332    37.012     2.63   11.04
  60822.384    34.353    -7.11    9.01
  61196.419    30.482   -10.35    6.87
  61570.438    27.217    -8.73    5.14
  61944.439    25.148    -5.53    3.39
  62318.423    24.285    -2.31    3.00
  62692.389    26.428     5.73    7.20
  63066.339    29.926     9.36   10.53
  63440.272    35.353    14.51   12.03
  63814.188    42.863    20.08   11.97
  64188.086    50.444    20.27   11.65
  64561.968    56.405    15.94    9.93
  64935.832    58.421     5.39    7.79
  65309.680    59.683     3.38    7.34
  65683.510    59.080    -1.61    8.25
  66057.324    57.467    -4.32    8.83
  66431.120    56.905    -1.50    7.97
  66804.900    57.512     1.63    6.74
  67178.662    55.636    -5.02    7.07
  67552.407    52.012    -9.69    7.74
  67926.135    47.311   -12.58    8.82
  68299.847    46.921    -1.04   10.75
  68675.887    51.626    12.51   13.20
  69053.005    57.323    15.11   11.18
  69430.106    58.671     3.57    8.46
  69807.189    55.148    -9.34    9.13
  70184.255    49.012   -16.27    9.24
  70561.304    44.239   -12.66    9.33
  70938.336    41.753    -6.59   10.24
  71315.350    38.285    -9.20   10.07
  71692.347    36.017    -6.02    9.50
  72069.326    31.217   -12.73    9.57
  72446.289    25.102   -16.22    8.64
  72823.234    20.497   -12.21    5.94
  73200.162    17.898    -6.89    1.98
  73577.072    18.198     0.80    1.69
  73953.965    18.808     1.62    2.02
  74330.841    19.584     2.06    2.31
  74707.700    21.291     4.53    3.77
  75084.541    25.580    11.38    7.22
  75461.365    31.339    15.28    9.77
  75838.172    36.603    13.97   10.19
  76214.962    42.978    16.92    8.94
  76591.734    46.853    10.28    9.10
  76968.489    49.958     8.24    8.52
  77345.227    51.308     3.58    7.66
  77721.948    50.474    -2.21    6.38
  78098.651    49.073    -3.72    6.78
  78475.337    49.535     1.22    6.99
  78852.006    51.248     4.55    6.68
  79228.658    51.648     1.06    5.79
  79605.292    51.428    -0.59    5.77
  79981.909    49.553    -4.98    6.40
  80358.510    47.648    -5.06    7.49
  80735.092    46.929    -1.91    7.80
  81111.658    49.288     6.26    8.18
  81488.207    50.497     3.21    6.17
  81864.738    49.171    -3.52    8.29
  82241.252    47.288    -5.00    7.45
  82617.749    46.173    -2.96    6.28
  82994.229    49.194     8.02    7.34
  83370.691    53.910    12.53    6.89
  83747.137    56.982     8.16    5.90
  84123.565    58.986     5.32    6.66
  84499.976    58.288    -1.85    8.79
  84876.370    54.717    -9.49    8.97
  85252.747    50.744   -10.55    9.55
  85629.106    45.512   -13.90   10.08
  86005.449    39.590   -15.73    9.61
  86381.774    37.012    -6.85    7.48
  86758.082    36.717    -0.79    6.93
  87134.373    41.434    12.54    8.49
  87510.647    48.535    18.87   10.18
  87886.904    55.148    17.58    8.73
  88263.144    57.489     6.22    8.08
  88639.366    60.869     8.98    6.87
  89015.572    63.444     6.84    7.71
  89391.760    67.103     9.73    7.15
  89767.932    69.172     5.50    6.30
  90144.086    68.944    -0.61    6.43
  90520.223    66.614    -6.19    7.52
  90896.343    63.830    -7.40    6.53
  91272.446    62.521    -3.48    6.69
  91648.532    61.315    -3.20    6.78
  92024.600    60.800    -1.37    7.34
  92400.652    58.172    -6.99    7.54
  92776.687    55.762    -6.41    6.26
  93152.704    58.012     5.98    8.32
  93528.705    61.431     9.09    9.33
  93904.688    63.262     4.87    8.20
  94280.654    61.029    -5.94    7.65
  94656.604    57.512    -9.36    8.17
  95032.536    55.944    -4.17    7.19
  95408.451    56.489     1.45    7.15
  95784.350    59.451     7.88    7.69
  96160.231    61.553     5.59    7.42
  96536.095    62.707     3.07    8.83
  96911.942    60.753    -5.20   10.36
  97287.772    58.308    -6.51   10.52
  97663.585    60.614     6.14   11.20
  98039.382    60.904     0.77   12.67
  98415.161    65.315    11.74   12.82
  98790.923    65.887     1.52   12.99
  99166.668    63.853    -5.41   12.60
  99542.396    58.558   -14.09   10.54
  99918.107    55.308    -8.65    9.72
 100293.801    49.808   -14.64   10.50
 100669.478    44.035   -15.36   11.38
 101045.139    39.962   -10.84   11.67
 101420.782    35.334   -12.32   10.81
 101796.408    33.058    -6.06    9.21
 102172.017    31.944    -2.96    7.97
 102547.610    32.012     0.18    8.29
 102923.185    34.428     6.43    9.56
 103298.744    37.720     8.77   10.04
 103674.285    41.800    10.86    9.26
 104049.810    42.916     2.97    7.02
 104425.317    41.986    -2.48    7.76
 104800.808    42.032     0.12    8.21
 105176.282    41.944    -0.24    9.07
 105551.739    44.497     6.80    8.32
 105927.178    46.315     4.84    6.95
 106302.601    45.239    -2.87    7.23
 106678.007    42.921    -6.17    6.79
 107053.397    42.353    -1.51    6.62
 107428.769    45.148     7.45    6.07
 107804.124    47.898     7.33    5.95
 108179.463    48.218     0.85    5.63
 108554.784    48.404     0.50    6.69
 108930.089    49.944     4.10    6.80
 109305.377    50.939     2.65    6.29
 109680.648    52.330     3.71    5.89
 110055.902    52.846     1.37    6.05
 110431.139    52.958     0.30    6.69
 110806.359    51.982    -2.60    7.37
 111181.563    52.846     2.30    8.63
 111556.749    53.288     1.18    8.37
 111931.919    55.590     6.14    7.48
 112307.072    55.637     0.13    8.05
 112682.208    54.103    -4.09    8.63
 113057.327    55.601     3.99    9.95
 113432.430    62.944    19.57   19.55
 113807.515    67.330    11.69   19.28
 114182.584    67.035    -0.79   19.15
 114557.636    62.590   -11.85   20.72
 114932.671    55.102   -19.97   16.78
 115307.689    47.707   -19.72   16.49
 115682.690    39.195   -22.70   15.69
 116057.675    30.353   -23.58   10.20
 116432.643    24.288   -16.17    9.60
 116807.594    21.330    -7.89    7.70
 117182.528    21.358     0.07    7.68
 117557.446    26.268    13.09   11.11
 117932.346    31.434    13.78   11.94
 118307.230    38.032    17.60   13.26
 118682.097    44.421    17.04   13.67
 119056.947    48.497    10.87   12.57
 119431.781    52.704    11.22   10.85
 119806.598    59.262    17.49   14.64
 120181.398    62.863     9.61   15.96
 120556.181    64.614     4.67   17.26
 120930.948    73.467    23.62   25.46
 121305.697    79.376    15.77   29.78
 121680.430    94.265    39.73   37.33
 122055.146   109.893    41.70   50.43
 122429.846   136.217    70.25   68.68
 122804.529   153.339    45.69   79.28
 123179.195   165.694    32.97   88.57
 123553.844   166.497     2.14  100.47
 123928.477   153.358   -35.07  105.11
 124303.093   107.986  -121.10   76.15
 124677.692    77.791   -80.60   54.70
 125052.274    58.467   -51.58   27.00
 125426.840    46.451   -32.08   12.80
 125801.389    44.241    -5.90    8.88
 126175.921    44.601     0.96    8.14
 126550.437    47.398     7.47    8.64
 126924.936    49.869     6.60    7.00
 127299.418    50.148     0.75    6.03
 127673.884    48.262    -5.04    6.96
 128048.333    43.102   -13.78   10.14
 128422.765    38.625   -11.96   11.23
 128797.181    34.544   -10.90    9.85
 129171.580    32.489    -5.49    7.99
 129545.962    35.800     8.84    8.82
 129920.327    41.823    16.09    8.70
 130294.676    45.626    10.16    8.17
 130669.009    48.685     8.17    8.64
 131043.324    52.863    11.16    8.55
 131417.623    56.776    10.45   11.52
 131791.906    60.265     9.32   12.09
 132166.172    67.467    19.24   17.27
 132540.421    82.612    40.46   33.12
 132914.653   105.080    60.03   53.06
 133288.869   114.002    23.84   47.77
 133663.068   111.590    -6.44   44.77
 134037.251    92.986   -49.72   36.60
 134411.417    73.410   -52.31   24.17
 134785.566    63.058   -27.67    9.81
 135159.699    58.648   -11.78    9.90
 135533.816    59.785     3.04    9.78
 135907.915    57.768    -5.39    9.32
 136281.998    57.126    -1.72    8.45
 136656.065    56.079    -2.80    7.77
 137030.115    53.685    -6.40    7.33
 137404.148    50.853    -7.57    7.93
 137778.165    49.559    -3.46    7.58
 138152.165    49.148    -1.10    7.92
 138526.149    51.381     5.97    8.79
 138900.116    55.590    11.25    9.48
 139274.066    60.921    14.25    9.77
 139648.000    65.100    11.17    7.97
 140021.918    65.103     0.01    6.81
 140395.818    63.200    -5.09    7.00
 140769.703    62.358    -2.25    6.86
 141143.571    63.671     3.51    7.35
 141517.422    66.079     6.44    6.12
 141891.257    66.808     1.95    4.99
 142265.075    66.254    -1.48    5.41
 142638.877    64.080    -5.81    6.53
 143012.662    63.923    -0.42    9.61
 143386.430    74.535    28.39   30.28
 143762.914   109.103    91.81   69.04
 144139.986   144.939    95.03   91.33
 144517.041   184.694   105.42   92.92
 144894.080   195.964    29.89   88.37
 145271.101   167.262   -76.12   85.32
 145648.106   128.358  -103.18   61.35
 146025.094    99.009   -77.84   41.64
 146402.065    97.126    -4.99   41.65
 146779.019    99.991     7.60   49.50
 147155.957    96.512    -9.23   49.76
 147532.878    89.773   -17.88   39.75
 147909.782    72.948   -44.63   20.12
 148286.669    62.876   -26.72   10.19
 148663.540    58.051   -12.80    6.53
 149040.394    56.171    -4.99    6.71
 149417.231    56.559     1.03    7.90
 149794.051    55.421    -3.02    8.11
 150170.854    56.648     3.26    7.88
 150547.641    56.148    -1.33    7.26
 150924.411    57.489     3.56    6.92
 151301.164    60.438     7.83    6.88
 151677.901    61.853     3.76    6.25
 152054.621    63.573     4.57    6.87
 152431.324    64.558     2.61    8.49
 152808.010    64.353    -0.54    8.18
 153184.680    62.319    -5.40    9.24
 153561.333    61.489    -2.20    8.41
 153937.969    59.584    -5.06    8.00
 154314.588    57.404    -5.79    9.01
 154691.191    54.241    -8.40   10.38
 155067.777    51.125    -8.27    8.11
 155444.347    49.148    -5.25    8.46
 155820.899    45.991    -8.39    7.97
 156197.436    43.898    -5.56    7.83
 156573.955    45.148     3.32    9.18
 156950.458    49.671    12.01   13.77
 157326.944    56.241    17.45   15.65
 157703.413    60.587    11.54   13.46
 158079.866    58.989    -4.24   13.07
 158456.302    57.302    -4.48   11.14
 158832.721    55.009    -6.09   10.55
 159209.124    55.590     1.54    9.95
 159585.510    56.730     3.03    9.71
 159961.879    55.285    -3.84    9.44
 160338.232    51.789    -9.29    8.59
 160714.568    50.148    -4.36    7.97
 161090.888    47.368    -7.39    6.80
 161467.191    46.171    -3.18    6.94
 161843.477    46.823     1.73    6.96
 162219.747    46.002    -2.18    6.57
 162596.000    47.217     3.23    5.34
 162972.236    47.636     1.11    5.65
 163348.456    46.404    -3.27    5.82
 163724.659    46.753     0.93    6.06
 164100.846    45.800    -2.53    6.38
 164477.016    45.239    -1.49    5.76
 164853.169    46.898     4.41    5.61
 165229.306    45.103    -4.77    5.81
 165605.426    43.612    -3.96    6.56
 165981.530    43.103    -1.35    6.14
 166357.617    45.753     7.05    9.16
 166733.688    48.075     6.17    9.85
 167109.742    51.580     9.32   11.22
 167485.779    53.789     5.87   12.46
 167861.800    51.753    -5.41   11.76
 168237.804    48.381    -8.97   13.85
 168613.792    48.428     0.12   13.24
 168989.763    47.739    -1.83   11.80
 169365.718    48.023     0.76   13.29
 169741.656    44.558    -9.22   13.39
 170117.578    41.295    -8.68   10.78
 170493.483    34.944   -16.89   11.57
 170869.371    31.694    -8.64   11.49
 171245.243    30.124    -4.18   12.42
 171621.099    27.058    -8.16   13.00
 171996.938    21.738   -14.15   10.31
 172372.760    17.989    -9.97    8.40
 172748.566    13.962   -10.71    4.29
 173124.356    13.055    -2.41    2.44
 173500.129    12.671    -1.02    2.86
 173875.885    12.923     0.67    3.37
 174251.625    12.467    -1.22    2.90
 174627.349    11.417    -2.79    1.45
 175003.056    11.753     0.90    1.66
 175378.746    11.580    -0.46    1.84
 175754.420    11.482    -0.26    1.88
 176130.078    12.876     3.71    4.89
 176505.719    15.174     6.12    7.13
 176881.344    18.421     8.64    7.27
 177256.952    24.241    15.49    9.68
 177632.544    30.939    17.83   11.71
 178008.119    39.830    23.67   11.46
 178383.678    45.648    15.49    7.92
 178759.221    47.671     5.39    5.14
 179134.747    46.148    -4.05    5.70
 179510.256    42.962    -8.48    5.44
 179885.750    39.489    -9.25    5.16
 180261.226    37.218    -6.05    4.83
 180636.687    33.330   -10.35    7.30
 181012.131    30.859    -6.58    8.86
 181387.558    32.012     3.07   10.03
 181762.969    29.962    -5.46    9.82
 182138.364    31.939     5.26    8.32
 182513.742    30.311    -4.34    8.15
 182889.104    27.319    -7.97    6.89
 183264.449    22.989   -11.53    7.33
 183639.779    19.072   -10.44    6.75
 184015.091    15.660    -9.09    5.40
 184390.388    14.398    -3.36    4.32
 184765.668    15.451     2.80    4.55
 185140.931    17.285     4.89    5.79
 185516.178    17.438     0.41    5.09
 185891.409    16.285    -3.07    5.23
 186266.624    14.982    -3.47    4.21
 186641.822    14.853    -0.34    2.60
 187017.004    15.776     2.46    1.76
 187392.169    16.048     0.73    2.55
 187767.318    16.171     0.33    2.78
 188142.451    16.431     0.69    2.36
 188517.568    16.512     0.22    2.51
 188892.668    16.428    -0.23    3.04
 189267.751    17.080     1.74    2.82
 189642.819    18.012     2.48    2.29
 190017.870    18.302     0.77    1.65
 190392.905    17.830    -1.26    1.94
 190767.923    18.448     1.65    2.24
 191142.926    19.893     3.85    3.40
 191517.911    25.353    14.56    7.98
 191892.881    35.148    26.12   15.39
 192267.834    47.694    33.45   17.27
 192642.771    59.148    30.55   14.78
 193017.692    68.739    25.58   13.06
 193392.597    72.730    10.64   10.27
 193767.485    71.967    -2.04   11.49
 194142.357    69.637    -6.21   13.30
 194517.212    65.123   -12.04   12.97
 194892.052    56.808   -22.18   12.39
 195266.875    51.373   -14.50   11.04
 195641.681    51.660     0.76   12.61
 196016.472    51.172    -1.30   12.73
 196391.246    51.497     0.87   11.79
 196766.004    52.285     2.10   12.79
 197140.746    51.507    -2.07   11.56
 197515.472    54.148     7.05   11.62
 197890.181    56.244     5.59   11.95
 198264.874    57.311     2.85   12.94
 198639.551    60.869     9.49   13.49
 199014.212    65.270    11.74   15.38
 199388.856    75.558    27.45   16.36
 199763.485    82.573    18.72   14.63
 200138.097    84.944     6.33   11.81
 200512.692    82.428    -6.72   13.25
 200887.272    78.172   -11.36   13.64
 201261.835    72.244   -15.82   14.13
 201636.383    67.223   -13.40   14.65
 202010.914    60.921   -16.82   14.54
 202385.429    55.823   -13.61   12.22
 202759.927    52.768    -8.16   14.70
 203134.410    49.535    -8.63   16.88
 203508.876    47.529    -5.35   16.47
 203883.326    43.869    -9.77   16.00
 204257.760    39.102   -12.73    9.92
 204632.178    37.474    -4.35   10.66
 205006.579    38.529     2.82   19.04
 205380.965    43.707    13.83   27.03
 205755.334    56.077    33.04   40.09
 206129.687    52.410    -9.79   38.00
 206504.024    50.009    -6.41   34.97
 206878.345    44.577   -14.51   30.38
 207252.650    37.353   -19.30   19.28
 207626.939    37.863     1.36   16.00
 208001.211    41.055     8.53   13.57
 208375.468    49.830    23.44   18.58
 208749.708    59.444    25.68   22.65
 209123.932    59.707     0.70   23.21
 209498.140    54.529   -13.83   19.75
 209872.332    48.887   -15.08   17.53
 210246.508    42.830   -16.18   17.53
 210620.667    35.916   -18.48   14.42
 210994.811    29.381   -17.46   14.73
 211368.938    23.241   -16.41   14.23
 211743.050    18.497   -12.68   10.49
 212117.145    18.102    -1.06   14.01
 212491.224    16.410    -4.52    9.42
 212865.288    16.125    -0.76    9.25
 213239.335    14.637    -3.98    4.96
 213613.366    14.171    -1.24    2.62
 213987.381    13.869    -0.81    2.04
 214361.380    15.939     5.53    4.56
 214735.363    19.381     9.20    6.17
 215109.329    23.102     9.95    6.49
 215483.280    27.079    10.63    7.01
 215857.215    30.265     8.52    7.21
 216231.133    33.218     7.90    7.25
 216605.036    35.148     5.16    7.34
 216978.923    35.102    -0.12    8.03
 217352.793    32.768    -6.24    8.45
 217726.648    32.428    -0.91    7.24
 218100.486    32.102    -0.87    6.41
 218474.309    35.311     8.58   10.70
 218851.228    45.148    26.09   25.45
 219228.257    54.421    24.59   31.61
 219605.270    58.626    11.15   24.70
 219982.266    60.417     4.75   22.38
 220359.246    59.637    -2.07   16.48
 220736.210    60.696     2.81   18.75
 221113.158    60.625    -0.19   20.87
 221490.089    55.497   -13.60   17.16
 221867.004    53.672    -4.84   15.65
 222243.902    49.241   -11.75    7.36
 222620.785    50.195     2.53    8.07
 222997.651    51.006     2.15    8.50
 223374.501    50.986    -0.05    9.22
 223751.334    50.944    -0.11    9.99
 224128.151    51.853     2.41    9.42
 224504.953    50.934    -2.44    7.63
 224881.737    50.986     0.14    8.32
 225258.506    50.601    -1.02    7.08
 225635.258    49.102    -3.98    6.94
 226011.994    47.358    -4.63    7.71
 226388.714    43.441   -10.39    9.22
 226765.418    39.077   -11.58   10.50
 227142.105    32.291   -18.01   11.39
 227518.776    25.720   -17.44   11.71
 227895.431    17.660   -21.39    9.74
 228272.070    13.196   -11.85    5.93
 228648.693    16.148     7.84    9.80
 229025.299    22.196    16.06   16.51
 229401.889    31.148    23.77   22.40
 229778.463    36.577    14.41   21.35
 230155.021    38.939     6.27   21.10
 230531.563    36.660    -6.05    8.98
 230908.088    37.295     1.69    5.76
 231284.597    38.863     4.16    6.60
 231661.090    37.311    -4.12    7.49
 232037.567    35.315    -5.30    8.42
 232414.028    34.381    -2.48    7.89
 232790.472    34.291    -0.24    6.75
 233166.901    36.553     6.01    6.67
 233543.313    41.195    12.33    7.80
 233919.709    46.381    13.78    9.44
 234296.089    50.730    11.55    8.94
 234672.453    52.986     5.99    7.14
 235048.800    51.195    -4.76    7.82
 235425.132    47.006   -11.13    8.23
 235801.447    42.311   -12.47    8.24
 236177.747    38.363   -10.49    7.29
 236554.030    37.125    -3.29    8.35
 236930.297    36.288    -2.22    8.06
 237306.548    36.807     1.38    8.86
 237682.782    39.567     7.33    9.10
 238059.001    43.458    10.34    9.52
 238435.204    46.410     7.85    9.33
 238811.390    49.720     8.80   11.86
 239187.560    49.311    -1.09   11.64
 239563.715    50.434     2.98   10.73
 239939.853    51.612     3.13   12.55
 240315.975    49.521    -5.56   12.86
 240692.081    53.490    10.55   12.07
 241068.171    54.451     2.55   12.15
 241444.245    59.815    14.26   15.10
 241820.303    65.598    15.38   16.98
 242196.344    64.967    -1.68   18.04
 242572.370    59.848   -13.61   20.64
 242948.380    52.815   -18.70   17.58
 243324.373    49.029   -10.07   13.19
 243700.351    49.218     0.50   11.75
 244076.312    51.101     5.01   11.93
 244452.258    55.051    10.50   13.68
 244828.187    60.239    13.80   15.41
 245204.101    68.466    21.88   18.64
 245579.998    73.032    12.15   17.24
 245955.879    71.482    -4.12   17.32
 246331.744    68.273    -8.53   19.69
 246707.594    62.285   -15.93   18.83
 247083.427    55.251   -18.71   16.95
 247459.244    50.791   -11.86   14.68
 247835.045    48.910    -5.00   12.66
 248210.831    51.962     8.12   15.74
 248586.600    56.381    11.76   17.95
 248962.353    60.023     9.69   15.91
 249338.090    59.444    -1.54   13.71
 249713.812    60.856     3.76   12.62
 250089.517    61.195     0.90   13.90
 250465.206    61.791     1.59   15.46
 250840.880    62.573     2.08   15.43
 251216.537    63.194     1.65   14.33
 251592.178    64.713     4.04   13.89
 251967.804    70.707    15.95   17.81
 252343.413    75.800    13.56   19.85
 252719.007    77.148     3.59   18.08
 253094.584    76.626    -1.39   12.27
 253470.146    75.148    -3.93    9.25
 253845.692    73.421    -4.60   12.21
 254221.222    69.978    -9.17   13.36
 254596.735    66.288    -9.82    9.65
 254972.233    65.451    -2.23    8.15
 255347.715    61.685   -10.03    8.08
 255723.181    58.944    -7.30    8.03
 256098.631    54.995   -10.52    6.85
 256474.066    55.172     0.47    7.51
 256849.484    62.265    18.89   16.87
 257224.886    67.032    12.70   16.81
 257600.273    67.398     0.98   14.36
 257975.643    63.701    -9.85    9.59
 258350.998    62.308    -3.71   10.61
 258726.337    62.953     1.72   10.95
 259101.660    64.876     5.12   10.47
 259476.967    64.637    -0.64   10.05
 259852.258    66.995     6.28    9.41
 260227.533    64.444    -6.80   10.86
 260602.792    59.713   -12.61   11.53
 260978.036    58.428    -3.42   15.77
 261353.263    58.707     0.74   18.57
 261728.475    61.567     7.62   20.51
 262103.671    65.171     9.60   19.13
 262478.851    68.020     7.59   16.82
 262854.015    64.194   -10.20   13.50
 263229.164    60.905    -8.77   11.18
 263604.296    59.376    -4.07   12.96
 263979.413    62.720     8.91   16.91
 264354.514    63.573     2.28   16.54
 264729.599    68.603    13.41   18.38
 265104.668    74.227    14.99   17.04
 265479.721    76.444     5.91   17.01
 265854.759    77.916     3.92   18.10
 266229.781    74.079   -10.23   14.98
 266604.787    69.823   -11.35   16.44
 266979.777    67.097    -7.27   18.07
 267354.751    71.353    11.35   25.44
 267729.710    77.051    15.19   26.81
 268104.652    84.268    19.24   22.87
 268479.579    86.218     5.20   26.53
 268854.490    89.856     9.70   32.75
 269229.386    86.444    -9.10   32.93
 269604.265    83.709    -7.29   30.42
 269979.129    82.577    -3.02   22.36
 270353.977    84.521     5.18   14.83
 270728.810    83.672    -2.26   10.22
 271103.626    82.268    -3.75   11.62
 271478.427    78.398   -10.32   12.82
 271853.212    75.830    -6.85   12.19
 272227.981    73.848    -5.29   12.46
 272602.734    67.648   -16.54   13.88
 272977.472    61.823   -15.54   14.54
 273352.194    56.196   -15.01   13.55
 273726.900    49.916   -16.76   13.21
 274101.591    48.241    -4.47   12.36
 274476.266    50.683     6.52   14.00
 274850.925    53.577     7.72   13.31
 275225.568    55.660     5.56   10.51
 275600.196    56.009     0.93   11.70
 275974.808    52.125   -10.36   14.01
 276349.404    50.776    -3.60   15.63
 276723.984    51.958     3.15   17.80
 277098.549    53.339     3.69   18.39
 277473.098    55.720     6.36   17.44
 277847.632    68.220    33.37   23.02
 278222.149    78.660    27.87   23.69
 278596.651    95.241    44.27   30.22
 278971.138   113.055    47.56   34.66
 279345.608   136.291    62.04   40.02
 279720.063   137.815     4.07   39.34
 280094.503   122.544   -40.77   48.96
 280468.926    98.102   -65.26   48.24
 280843.334    71.288   -71.60   22.60
 281217.727    62.567   -23.29    9.79
 281592.103    59.241    -8.88    8.57
 281966.464    57.053    -5.84   10.14
 282340.809    54.268    -7.44    9.38
 282715.139    56.707     6.51   14.31
 283089.453    58.529     4.87   14.65
 283463.752    68.601    26.90   20.20
 283838.034    81.217    33.70   24.25
 284212.302    89.101    21.06   22.51
 284586.553    92.978    10.36   22.12
 284960.789    89.404    -9.55   22.72
 285335.009    81.196   -21.93   20.85
 285709.214    75.577   -15.01   23.44
 286083.403    67.053   -22.77   21.60
 286457.576    68.311     3.36   23.01
 286831.734    72.196    10.38   26.75
 287205.877    82.248    26.86   25.46
 287580.003    92.058    26.21   21.41
 287954.114    98.344    16.80   19.99
 288328.210   102.910    12.20   21.06
 288702.290   110.125    19.28   26.32
 289076.354   116.172    16.16   29.00
 289450.403   125.694    25.45   31.38
 289824.436   136.302    28.36   28.89
 290198.453   134.353    -5.21   28.92
 290572.455   120.720   -36.44   35.20
 290946.442   102.474   -48.78   34.66
 291320.413    83.910   -49.63   19.70
 291694.368    80.431    -9.30   17.53
 292068.308    97.671    46.09   30.43
 292442.232   119.020    57.08   37.25
 292816.141   132.428    35.85   36.59
 293190.034   143.603    29.88   42.93
 293564.257   140.196    -9.10   46.37
 293941.259   144.126    10.42   53.00
 294318.246   143.333    -2.10   47.19
 294695.217   130.058   -35.21   46.06
 295072.173   106.482   -62.53   43.35
 295449.112    82.444   -63.76   35.86
 295826.036    67.869   -38.66   21.00
 296202.944    62.302   -14.77   17.94
 296579.836    62.717     1.10   17.03
 296956.712    59.995    -7.22   13.54
 297333.572    63.288     8.74   15.37
 297710.417    70.421    18.92   16.75
 298087.246    68.823    -4.24   18.89
 298464.059    65.012   -10.11   20.97
 298840.857    58.148   -18.21   20.39
 299217.638    51.217   -18.39   13.74
 299594.404    47.939    -8.70    9.75
 299971.155    46.079    -4.94    6.72
 300347.889    45.648    -1.14    6.40
 300724.608    46.859     3.21    6.47
 301101.311    49.262     6.38    6.62
 301477.998    54.079    12.78   10.18
 301854.670    63.262    24.37   19.87
 302231.325    75.637    32.85   24.25
 302607.965    76.302     1.77   19.81
 302984.590    73.739    -6.80   18.29
 303361.198    65.072   -23.01   20.73
 303737.791    50.032   -39.93   15.89
 304114.368    40.521   -25.25   12.83
 304490.930    37.823    -7.16   10.19
 304867.476    40.921     8.22   12.63
 305244.006    44.543     9.62   11.19
 305620.520    46.103     4.14   11.54
 305997.019    43.637    -6.55    9.94
 306373.502    40.776    -7.60    7.93
 306749.970    37.590    -8.46    6.06
 307126.421    35.200    -6.35    4.60
 307502.857    35.262     0.17    6.04
 307879.278    37.002     4.62   10.02
 308255.682    41.032    10.70   10.76
 308632.071    45.482    11.82    9.07
 309008.445    47.573     5.56    8.04
 309384.802    49.512     5.15    8.83
 309761.145    46.892    -6.96   11.67
 310137.471    40.387   -17.28   12.27
 310513.782    34.404   -15.89    7.42
 310890.077    33.101    -3.46    4.45
 311266.356    34.989     5.02    5.19
 311642.620    36.687     4.51    5.83
 312018.869    39.876     8.47    7.56
 312395.101    42.404     6.72    8.42
 312771.318    44.451     5.44    7.92
 313147.520    44.672     0.59    8.92
 313523.706    43.379    -3.44    9.04
 313899.876    42.330    -2.79    8.87
 314276.030    41.898    -1.15    7.75
 314652.169    42.791     2.37    8.81
 315028.293    42.544    -0.66    8.85
 315404.401    42.880     0.89    9.57
 315780.493    43.989     2.95   10.71
 316156.569    44.466     1.27   10.73
 316532.630    46.696     5.93   10.62
 316908.676    48.125     3.80    9.90
 317284.706    48.720     1.58    9.09
 317660.720    48.863     0.38    9.98
 318036.719    49.698     2.22    9.65
 318412.702    47.428    -6.04   10.47
 318788.670    43.978    -9.17   11.73
 319164.622    39.553   -11.77   11.77
 319540.558    35.923    -9.65   10.09
 319916.479    33.315    -6.94    5.67
