-289413.033   858.700     0.00  158.00
-289039.071   783.470  -201.12  168.10
-288665.094   675.930  -287.49  142.42
-288291.100   617.906  -155.11  117.13
-287917.090   572.255  -122.03   98.90
-287543.065   565.619   -17.74  131.29
-287169.023   567.767     5.74  131.38
-286794.965   545.422   -59.72  126.97
-286420.890   496.953  -129.54  109.93
-286046.800   438.697  -155.69   99.33
-285672.693   408.092   -81.79   77.95
-285298.571   416.046    21.25  100.16
-284924.432   453.392    99.79  128.94
-284550.277   515.255   165.30  140.83
-284176.106   575.655   161.38  140.37
-283801.919   631.323   148.73  148.52
-283427.715   692.605   163.73  139.79
-283053.496   747.731   147.27  133.26
-282679.260   814.069   177.22  135.38
-282305.008   857.651   116.42  128.36
-281930.740   880.186    60.20  107.87
-281556.455   844.755   -94.64  121.17
-281182.155   785.733  -157.65  117.56
-280807.838   724.085  -164.66  110.20
-280433.505   670.803  -142.30  108.80
-280059.156   670.953     0.40   89.47
-279684.791   713.970   114.88   87.99
-279310.409   763.437   132.10   86.35
-278936.011   779.101    41.83   69.94
-278561.597   731.255  -127.76  109.04
-278187.167   645.860  -228.01  139.06
-277812.721   563.813  -219.06  112.82
-277438.258   495.046  -183.60   71.40
-277063.779   445.304  -132.80   53.75
-276689.284   421.823   -62.68   50.08
-276314.773   390.281   -84.20   54.49
-275940.245   359.488   -82.20   63.98
-275565.701   354.914   -12.21   58.26
-275191.141   364.976    26.86   52.66
-274816.565   369.755    12.76   42.18
-274441.972   361.887   -21.00   57.26
-274067.363   332.051   -79.63   71.41
-273692.738   306.938   -67.02   69.36
-273318.097   296.028   -29.11   76.21
-272943.439   297.460     3.82   77.14
-272568.765   312.743    40.78   83.44
-272194.075   340.369    73.71   80.72
-271819.368   354.387    37.40   59.79
-271444.645   341.210   -35.16   60.89
-271069.906   304.813   -97.10   86.99
-270695.151   257.255  -126.88   86.19
-270320.379   200.302  -151.93   62.28
-269945.591   173.512   -71.46   37.57
-269570.787   169.505   -10.69   44.29
-269195.966   165.505   -10.67   55.27
-268821.129   154.511   -29.32   40.80
-268446.275   146.720   -20.78   23.61
-268071.406   145.581    -3.04   16.90
-267696.520   159.164    36.23   22.24
-267321.617   180.153    55.97   34.39
-266946.699   211.892    84.64   48.34
-266571.764   241.065    77.79   45.48
-266196.812   250.164    24.26   44.74
-265821.845   260.069    26.41   51.53
-265446.860   262.455     6.36   62.96
-265071.860   267.755    14.13   71.41
-264696.843   300.455    87.18   72.84
-264321.810   322.392    58.48   72.58
-263946.760   359.372    98.58   67.75
-263571.694   398.372   103.96   67.91
-263196.612   402.511    11.03   71.35
-262821.513   380.742   -58.02   76.83
-262446.398   339.573  -109.73   91.62
-262071.267   281.980  -153.49   87.62
-261696.119   216.720  -173.92   73.85
-261320.955   174.619  -112.20   49.28
-260945.774   144.304   -80.78   30.38
-260570.577   127.051   -45.97   21.16
-260195.363   115.580   -30.56   15.67
-259820.133   108.437   -19.03   15.76
-259444.887   105.517    -7.78   15.81
-259069.624   101.581   -10.49   15.59
-258694.345    94.279   -19.45   16.43
-258319.049    90.305   -10.59   13.99
-257943.737    86.551   -10.00   11.49
-257568.409    81.955   -12.24    8.70
-257193.064    76.612   -14.23    7.68
-256817.702    72.674   -10.49    7.34
-256442.324    69.112    -9.49    5.72
-256066.930    65.976    -8.35    2.39
-255691.519    65.830    -0.39    4.02
-255316.092    68.392     6.82    9.49
-254940.648    72.112     9.91   12.28
-254565.188    73.720     4.28   14.92
-254189.711    71.208    -6.69   15.50
-253814.218    65.524   -15.13   11.58
-253438.708    62.483    -8.10    5.16
-253063.182    65.680     8.51    5.28
-252687.640    69.465    10.07    6.87
-252312.080    73.883    11.76    6.62
-251936.505    76.517     7.01    6.28
-251560.913    76.565     0.13    7.37
-251185.304    74.158    -6.41    8.86
-250809.679    71.369    -7.42    8.74
-250434.037    70.694    -1.80    7.90
-250058.379    71.720     2.73    8.66
-249682.704    71.744     0.06    8.73
-249307.013    73.548     4.80    8.49
-248931.305    74.116     1.51    9.08
-248555.581    72.792    -3.52    8.62
-248179.840    69.922    -7.64    6.83
-247804.082    70.581     1.75    6.40
-247428.308    70.922     0.91    6.71
-247052.518    74.589     9.76    7.20
-246676.710    76.541     5.19    7.12
-246300.887    77.119     1.54    6.83
-245925.047    78.155     2.76    7.07
-245549.190    80.612     6.54    8.89
-245173.316    85.937    14.16   11.12
-244797.426    87.112     3.13   11.88
-244421.520    87.279     0.44   12.05
-244045.597    86.708    -1.52   11.34
-243669.657    85.041    -4.43    7.89
-243293.701    86.351     3.48    7.81
-242917.728    87.999     4.38    7.39
-242541.738    89.517     4.04    6.09
-242165.732    91.803     6.08    6.74
-241789.709    93.892     5.55    7.77
-241413.670    97.830    10.47    8.58
-241037.614   100.874     8.09    7.32
-240661.541    99.278    -4.24    7.38
-240285.452    99.255    -0.06    7.60
-239909.346    98.813    -1.17    7.97
-239533.223    97.426    -3.69    8.06
-239157.084   100.710     8.73    8.90
-238780.928   104.731    10.69    9.43
-238404.756   109.395    12.39   13.16
-238028.567   122.231    34.12   24.32
-237652.361   134.922    33.73   35.01
-237276.139   147.187    32.59   42.23
-236899.900   158.905    31.14   46.10
-236523.644   177.374    49.08   53.35
-236147.371   195.233    47.45   52.09
-235771.082   198.109     7.64   48.05
-235394.776   185.790   -32.73   53.50
-235018.454   160.426   -67.39   50.14
-234642.115   135.960   -65.00   29.95
-234265.759   134.565    -3.71   27.44
-233889.386   150.744    42.98   35.18
-233512.997   170.303    51.96   31.45
-233136.591   191.930    57.45   28.63
-232760.168   200.483    22.72   32.53
-232383.729   209.180    23.10   37.79
-232007.273   207.231    -5.18   42.13
-231630.800   204.892    -6.21   41.37
-231254.310   204.398    -1.31   33.86
-230877.804   207.960     9.46   30.83
-230501.281   205.694    -6.02   27.27
-230124.741   191.528   -37.61   33.30
-229748.185   184.493   -18.68   32.08
-229371.611   188.906    11.72   36.38
-228995.021   194.851    15.78   34.45
-228618.414   214.030    50.92   34.53
-228241.791   228.505    38.43   33.79
-227865.151   239.305    28.67   34.96
-227488.493   270.162    81.91   48.33
-227111.820   307.028    97.85   62.28
-226735.129   364.470   152.46   85.46
-226358.421   461.210   256.75  109.23
-225981.697   549.280   233.73  116.34
-225604.956   685.028   360.25  159.96
-225228.198   853.186   446.24  200.03
-224851.424   993.744   372.98  189.21
-224474.633  1053.470   158.48  137.44
-224097.824   965.281  -234.00  204.79
-223720.999   791.619  -460.77  236.25
-223344.157   622.855  -447.75  153.75
-222967.299   511.953  -294.22  118.94
-222590.423   426.573  -226.50   69.92
-222213.531   380.767  -121.51   56.66
-221836.622   343.687   -98.36   52.77
-221459.696   305.808  -100.48   42.51
-221082.753   278.642   -72.06   40.66
-220705.794   261.790   -44.70   29.36
-220328.817   260.255    -4.07   30.30
-219951.824   279.232    50.33   55.02
-219574.813   312.332    87.78   81.39
-219197.786   370.323   153.78   99.72
-218820.743   425.914   147.41  102.49
-218445.502   465.325   105.01   93.55
-218071.777   497.325    85.61   95.68
-217698.036   538.046   108.93  105.65
-217324.278   579.278   110.30  115.25
-216950.504   632.486   142.33  112.10
-216576.713   703.869   190.93  114.67
-216202.905   748.731   119.99   96.01
-215829.081   780.823    85.83   75.47
-215455.240   738.069  -114.34  109.04
-215081.383   689.402  -130.15  111.79
-214707.509   649.960  -105.48  100.11
-214333.619   609.655  -107.78   95.65
-213959.712   584.914   -66.16  101.13
-213585.788   514.627  -187.94   97.39
-213211.848   465.697  -130.83   79.30
-212837.891   442.970   -60.76   58.78
-212463.917   448.743    15.44   66.21
-212089.927   484.983    96.88   92.64
-211715.920   535.555   135.19  110.13
-211341.897   622.674   232.88  147.72
-210967.857   727.372   279.86  137.07
-210593.800   817.255   240.25  125.78
-210219.727   905.327   235.40  119.70
-209845.637   985.112   213.24  118.60
-209471.530  1049.051   170.88   94.15
-209097.407  1054.865    15.54  105.62
-208723.267   994.395  -161.60  146.97
-208349.110   898.210  -257.03  138.34
-207974.937   835.418  -167.78  135.48
-207600.747   786.348  -131.11  166.91
-207226.540   772.651   -36.60  175.14
-206852.317   797.301    65.86  167.35
-206478.077   781.112   -43.25  156.86
-206103.820   744.460   -97.92  140.71
-205729.547   659.983  -225.67  151.80
-205355.257   574.069  -229.50  141.18
-204980.950   503.687  -188.00   93.57
-204606.627   495.627   -21.53   88.90
-204232.287   504.687    24.20   80.85
-203857.930   509.136    11.88   85.56
-203483.556   523.069    37.21   88.52
-203109.166   517.710   -14.31   80.32
-202734.759   519.046     3.57   76.33
-202360.335   514.906   -11.05   89.14
-201985.895   521.612    17.91   81.74
-201611.438   513.164   -22.56   79.34
-201236.964   499.418   -36.70   94.97
-200862.473   470.372   -77.55  100.16
-200487.966   429.505  -109.10  100.98
-200113.441   410.187   -51.57   89.28
-199738.900   396.465   -36.63   91.23
-199364.343   387.883   -22.91   91.56
-198989.768   385.160    -7.27   83.01
-198615.177   387.211     5.47   75.51
-198240.569   374.046   -35.14   58.60
-197865.944   349.733   -64.89   62.11
-197491.303   316.488   -88.72   55.40
-197116.644   293.970   -60.09   40.70
-196741.969   286.279   -20.52   45.02
-196367.277   274.976   -30.16   44.94
-195992.569   256.733   -48.68   47.86
-195617.843   226.005   -81.99   53.05
-195243.101   202.596   -62.46   48.81
-194868.342   198.325   -11.40   38.71
-194493.566   198.441     0.31   34.61
-194118.773   211.187    34.00   39.09
-193743.963   211.142    -0.12   44.83
-193369.137   221.139    26.67   60.14
-192994.294   241.914    55.41   74.16
-192619.433   237.596   -11.52   74.60
-192244.557   231.651   -15.86   67.38
-191869.663   229.565    -5.56   58.54
-191494.752   228.604    -2.56   59.43
-191119.825   269.116   108.03   77.95
-190744.880   324.441   147.53   82.13
-190369.919   372.418   127.93   78.88
-189994.941   417.488   120.17   78.39
-189619.946   465.209   127.24   91.34
-189244.934   515.208   133.30   95.58
-188869.906   511.477    -9.94   94.03
-188494.860   477.687   -90.08  102.89
-188119.798   398.573  -210.90  132.95
-187744.719   314.092  -225.20  117.35
-187369.622   237.437  -204.33   91.14
-186994.509   175.210  -165.86   53.84
-186619.379   143.232   -85.23   45.52
-186244.232   122.441   -55.41   33.05
-185869.069   111.528   -29.08   22.29
-185493.888   102.596   -23.80   21.37
-185118.690    97.051   -14.78   22.24
-184743.476    93.255   -10.11   22.77
-184368.244    84.325   -23.80   18.75
-183992.996    81.069    -8.68   18.05
-183617.730    75.441   -14.99   16.45
-183242.448    69.976   -14.56    8.85
-182867.149    70.720     1.98   10.21
-182491.833    75.414    12.50   15.77
-182116.500    91.493    42.83   32.96
-181741.149   118.346    71.53   48.51
-181365.782   153.028    92.38   57.62
-180990.398   178.801    68.65   55.08
-180614.997   187.999    24.50   47.13
-180239.579   192.414    11.76   42.62
-179864.145   187.914   -11.98   40.71
-179488.693   180.744   -19.10   36.74
-179113.224   167.651   -34.87   39.52
-178737.738   147.073   -54.79   44.81
-178362.235   122.414   -65.66   41.04
-177986.715   105.778   -44.30   32.37
-177611.178    95.581   -27.15   25.33
-177235.624    91.604   -10.59   28.00
-176860.054    83.325   -22.04   25.45
-176484.466    79.744    -9.53   22.13
-176108.861    82.511     7.37   30.55
-175733.239    97.186    39.06   37.84
-175357.600   105.976    23.40   36.06
-174981.944   111.517    14.75   33.66
-174606.271   109.813    -4.53   33.01
-174230.581   106.778    -8.08   34.42
-173854.874   103.323    -9.19   33.56
-173479.150    99.511   -10.15   34.91
-173103.408    90.414   -24.21   36.14
-172727.650    76.733   -36.41   23.07
-172351.875    71.642   -13.55   19.22
-171976.082    65.813   -15.51   16.11
-171600.273    64.187    -4.33   15.05
-171224.446    66.664     6.59   16.53
-170848.603    74.664    21.28   17.90
-170472.742    85.060    27.65   17.32
-170096.864    83.655    -3.74   19.36
-169720.970    73.092   -28.10   22.84
-169345.058    63.505   -25.50   24.21
-168969.129    57.767   -15.26   18.58
-168593.182    62.664    13.03   20.42
-168217.219    78.755    42.79   29.50
-167841.239    93.139    38.25   28.99
-167465.241   106.096    34.46   28.87
-167089.227   108.710     6.95   24.96
-166713.195   115.255    17.40   24.89
-166337.146   121.837    17.50   25.83
-165961.080   125.460     9.63   29.92
-165584.997   129.960    11.96   30.51
-165208.897   134.051    10.88   29.43
-164832.779   132.051    -5.32   30.00
-164456.645   130.069    -5.27   28.99
-164080.493   139.589    25.30   35.08
-163704.324   148.779    24.43   46.31
-163328.138   165.372    44.10   49.48
-162951.935   180.233    39.50   54.35
-162575.715   195.930    41.72   53.61
-162199.477   196.677     1.99   54.36
-161823.223   195.232    -3.84   52.18
-161446.951   195.210    -0.06   49.08
-161070.662   184.558   -28.30   42.91
-160694.355   191.488    18.41   41.14
-160318.032   184.710   -18.01   44.07
-159941.691   168.116   -44.09   42.63
-159565.333   164.092   -10.69   41.28
-159188.958   157.160   -18.42   38.36
-158812.566   150.096   -18.76   36.94
-158436.156   145.846   -11.29   34.74
-158059.730   132.627   -35.11   31.76
-157683.286   122.869   -25.92   24.42
-157306.825   123.993     2.99   26.06
-156930.346   131.278    19.35   30.36
-156553.851   144.418    34.90   30.81
-156177.338   147.976     9.45   27.00
-155800.808   140.065   -21.01   31.33
-155424.260   132.946   -18.90   28.87
-155047.695   132.733    -0.57   26.07
-154671.114   137.963    13.89   28.12
-154294.514   160.441    59.68   37.44
-153917.898   176.255    41.98   43.23
-153541.264   171.348   -13.03   45.72
-153164.613   159.488   -31.49   41.21
-152787.945   140.743   -49.76   27.87
-152411.259   146.710    15.84   30.26
-152034.557   146.231    -1.27   31.72
-151657.837   134.534   -31.05   34.86
-151281.099   129.541   -13.25   32.38
-150904.344   118.205   -30.08   23.57
-150527.572   115.505    -7.17   15.90
-150150.783   116.805     3.45   13.02
-149773.976   121.465    12.36   12.78
-149397.152   125.187     9.88   13.51
-149020.311   127.744     6.78   15.37
-148643.452   138.301    28.01   14.93
-148266.576   139.450     3.05   14.39
-147889.683   134.369   -13.48   18.29
-147512.773   129.302   -13.44   18.06
-147135.845   126.005    -8.74   13.44
-146758.899   126.720     1.90   11.62
-146381.936   134.460    20.53   12.83
-146004.956   136.142     4.46   17.54
-145627.959   134.530    -4.27   24.05
-145250.944   127.210   -19.41   23.40
-144873.912   123.488    -9.87   19.07
-144496.863   124.346     2.28   16.11
-144119.796   133.710    24.83   19.25
-143742.711   143.887    26.99   24.20
-143367.891   153.028    24.39   26.33
-142994.222   163.790    28.80   26.21
-142620.535   173.323    25.51   25.09
-142246.831   186.433    35.08   28.46
-141873.110   194.565    21.76   29.86
-141499.372   192.437    -5.69   39.89
-141125.617   176.492   -42.66   44.74
-140751.845   163.846   -33.83   36.61
-140378.056   164.581     1.97   34.40
-140004.250   181.414    45.03   42.64
-139630.426   198.233    44.98   38.01
-139256.586   209.430    29.95   36.77
-138882.728   212.051     7.01   36.38
-138508.854   204.455   -20.31   36.89
-138134.962   203.573    -2.36   41.82
-137761.053   244.092   108.35   81.02
-137387.127   293.437   131.95   94.51
-137013.184   360.674   179.78   88.52
-136639.224   393.794    88.55   61.49
-136265.246   368.823   -66.76   81.01
-135891.252   326.555  -113.00  102.62
-135517.240   254.011  -193.94   96.93
-135143.211   195.279  -157.01   48.65
-134769.165   168.860   -70.62   26.73
-134395.102   156.255   -33.69   19.04
-134021.022   153.845    -6.44   18.08
-133646.924   157.823    10.63   22.53
-133272.810   169.855    32.16   28.91
-132898.678   189.877    53.51   40.98
-132524.529   206.651    44.82   37.26
-132150.363   214.162    20.07   33.38
-131776.180   232.914    50.11   42.02
-131401.979   257.105    64.64   48.38
-131027.761   299.937   114.44   66.32
-130653.527   333.355    89.29   57.45
-130279.274   325.627   -20.65   69.53
-129905.005   312.369   -35.42   73.00
-129530.719   279.581   -87.59   55.95
-129156.415   273.778   -15.50   46.07
-128782.094   310.548    98.22   62.59
-128407.756   373.596   168.41  108.86
-128033.401   444.280   188.79  123.36
-127659.028   505.255   162.86  103.22
-127284.638   538.801    89.59   91.83
-126910.231   562.565    63.46   84.19
-126535.807   580.142    46.94   77.98
-126161.365   595.841    41.92   59.71
-125786.906   605.937    26.96   66.64
-125412.430   616.231    27.49   97.89
-125037.937   626.581    27.63  131.50
-124663.426   613.767   -34.21  140.59
-124288.899   570.158  -116.43  125.65
-123914.353   500.073  -187.10  132.81
-123539.791   455.231  -119.71  111.73
-123165.211   429.455   -68.80  118.60
-122790.614   435.441    15.98  130.31
-122416.000   444.441    24.02  122.21
-122041.369   431.470   -34.62  109.93
-121666.720   390.708  -108.79  115.19
-121292.054   334.869  -149.02   92.58
-120917.370   280.230  -145.81   47.02
-120542.669   233.233  -125.41   66.29
-120167.951   184.619  -129.72   75.36
-119793.216   156.465   -75.12   65.76
-119418.463   119.970   -97.37   39.16
-119043.693   103.841   -43.03   35.39
-118668.906    90.528   -35.52   25.65
-118294.101    85.905   -12.33   17.60
-117919.279    98.511    33.63   26.31
-117544.440   118.278    52.73   30.32
-117169.583   131.089    34.17   34.23
-116794.709   137.733    17.72   35.22
-116419.817   148.987    30.02   47.62
-116044.909   173.483    65.33   70.74
-115669.982   191.987    49.35   83.84
-115295.039   207.418    41.15   86.30
-114920.078   234.278    71.63  104.79
-114545.100   269.499    93.92  114.72
-114170.104   309.414   106.43  109.98
-113795.091   346.548    99.01  110.19
-113420.061   399.937   142.35  143.22
-113045.013   468.993   184.11  141.78
-112669.947   553.069   224.14  118.52
-112294.865   630.255   205.76   84.00
-111919.765   652.524    59.36   68.68
-111544.647   630.233   -59.42   92.79
-111169.512   595.180   -93.43  116.99
-110794.360   542.989  -139.11  118.97
-110419.190   512.953   -80.05  106.36
-110044.003   492.255   -55.16   90.18
-109668.798   491.069    -3.16   66.38
-109293.576   496.180    13.62   46.31
-108918.337   530.005    90.13   67.02
-108543.080   563.080    88.13   59.83
-108167.806   555.930   -19.05   77.69
-107792.514   514.801  -109.58  100.68
-107417.204   446.279  -182.56   95.98
-107041.878   408.846   -99.72   79.57
-106666.533   419.036    27.14   95.56
-106291.172   431.846    34.12   99.86
-105915.793   449.493    47.01   81.71
-105540.396   417.960   -83.99   78.30
-105164.982   376.642  -110.05   67.39
-104789.550   355.158   -57.22   69.90
-104414.101   349.755   -14.39   74.97
-104038.634   327.980   -57.99   75.65
-103663.150   288.869  -104.15   86.09
-103287.648   237.604  -136.51   80.70
-102912.129   202.710   -92.91   59.63
-102536.593   202.697    -0.03   54.70
-102161.038   240.358   100.27   69.90
-101785.467   258.096    47.23   54.71
-101409.877   255.605    -6.63   57.14
-101034.271   228.655   -71.74   63.80
-100658.646   197.744   -82.29   46.31
-100283.004   182.028   -41.83   37.65
 -99907.345   179.483    -6.78   39.65
 -99531.668   194.742    40.62   50.05
 -99155.973   209.914    40.38   59.54
 -98780.261   214.517    12.25   68.56
 -98404.532   209.144   -14.30   80.08
 -98028.784   194.344   -39.38   78.71
 -97653.020   187.744   -17.56   79.19
 -97277.237   165.233   -59.90   72.21
 -96901.437   139.624   -68.14   50.84
 -96525.620   110.687   -76.99   43.20
 -96149.785    98.930   -31.28   31.50
 -95773.932   104.051    13.62   34.47
 -95398.062   109.596    14.75   38.04
 -95022.174   123.597    37.24   46.51
 -94646.268   125.210     4.29   46.00
 -94270.345   129.230    10.69   53.05
 -93894.404   132.119     7.68   57.90
 -93518.446   130.301    -4.84   55.09
 -93142.470   125.627   -12.43   39.63
 -92766.476   133.414    20.71   45.34
 -92390.465   156.780    62.14   53.71
 -92014.436   162.164    14.32   46.03
 -91638.389   169.480    19.45   43.09
 -91262.325   167.500    -5.27   38.03
 -90886.243   161.801   -15.15   31.25
 -90510.144   168.651    18.21   32.88
 -90134.027   188.710    53.33   51.63
 -89757.892   215.896    72.27   68.92
 -89381.739   227.551    30.98   75.27
 -89005.569   216.488   -29.41   80.38
 -88629.381   185.437   -82.53   77.84
 -88253.176   143.528  -111.39   46.48
 -87876.952   140.105    -9.10   38.44
 -87500.711   155.073    39.78   40.33
 -87124.453   159.332    11.32   37.30
 -86748.176   154.511   -12.81   39.21
 -86371.882   163.976    25.15   54.91
 -85995.571   164.418     1.17   57.92
 -85619.241   159.522   -13.01   55.10
 -85242.894   156.530    -7.95   50.08
 -84866.529   159.573     8.09   47.95
 -84490.147   184.426    66.03   60.09
 -84113.746   202.937    49.18   50.56
 -83737.328   207.162    11.22   49.22
 -83360.892   202.133   -13.36   51.98
 -82984.439   197.755   -11.63   47.66
 -82607.967   214.946    45.66   45.70
 -82231.478   229.860    39.61   43.25
 -81854.971   255.069    66.95   47.36
 -81478.447   272.055    45.11   46.53
 -81101.904   279.733    20.39   51.91
 -80725.344   296.767    45.24   58.56
 -80348.766   334.055    99.01   82.28
 -79972.171   390.073   148.74   92.13
 -79595.557   434.028   116.70   76.29
 -79218.926   443.437    24.98   69.04
 -78842.277   426.046   -46.17   85.83
 -78465.610   369.077  -151.23   96.96
 -78088.925   301.069  -180.53   82.59
 -77712.223   257.166  -116.54   60.62
 -77335.503   233.116   -63.84   34.49
 -76958.765   236.566     9.16   36.94
 -76582.009   257.046    54.35   43.16
 -76205.235   293.348    96.34   56.80
 -75828.443   320.823    72.91   61.08
 -75451.634   357.528    97.40   59.94
 -75074.807   391.778    90.88   69.21
 -74697.962   394.414     7.00   73.05
 -74321.099   386.710   -20.44   73.82
 -73944.218   370.369   -43.36   65.02
 -73567.319   351.528   -49.99   50.53
 -73190.403   363.551    31.90   54.60
 -72813.469   369.960    17.00   59.80
 -72436.516   377.232    19.29   62.44
 -72059.546   393.096    42.08   68.91
 -71682.558   402.668    25.39   81.27
 -71305.552   400.755    -5.07   92.92
 -70928.529   387.011   -36.45  107.93
 -70551.487   362.441   -65.16  101.99
 -70174.428   310.573  -137.55   69.52
 -69797.350   290.755   -52.55   59.30
 -69420.255   259.778   -82.14   59.21
 -69043.142   232.906   -71.25   45.97
 -68666.010   213.279   -52.04   23.62
 -68291.612   211.778    -4.01   23.73
 -67917.998   204.208   -20.26   26.61
 -67544.365   206.190     5.31   34.04
 -67170.716   222.209    42.87   57.13
 -66797.048   282.664   161.78   95.60
 -66423.364   364.302   218.45  112.63
 -66049.661   403.883   105.91   97.34
 -65675.941   417.869    37.42   98.78
 -65302.203   402.041   -42.35   93.17
 -64928.448   409.544    20.07   97.71
 -64554.675   450.069   108.42  125.54
 -64180.885   549.164   265.09  133.36
 -63807.077   609.687   161.90  103.73
 -63433.251   666.073   150.83   82.70
 -63059.408   676.346    27.48   98.93
 -62685.547   683.493    19.12  113.04
 -62311.668   701.323    47.69  137.36
 -61937.772   722.953    57.85  152.07
 -61563.858   745.073    59.16  122.70
 -61189.927   754.733    25.83  105.99
 -60815.977   698.392  -150.66  123.16
 -60442.011   610.278  -235.61  153.01
 -60068.026   513.898  -257.70  124.77
 -59694.024   456.369  -153.81   70.13
 -59320.004   433.278   -61.73   57.80
 -58945.967   440.460    19.20   65.41
 -58571.912   449.096    23.09   57.19
 -58197.839   444.892   -11.24   58.95
 -57823.748   419.142   -68.83   70.82
 -57449.640   393.684   -68.05   75.80
 -57075.514   370.142   -62.92   81.42
 -56701.371   349.028   -56.43   79.63
 -56327.210   344.092   -13.19   88.46
 -55953.031   346.233     5.72   93.38
 -55578.834   348.051     4.86   96.79
 -55204.620   348.460     1.09  104.64
 -54830.388   343.208   -14.03  108.75
 -54456.138   318.278   -66.61  116.49
 -54081.870   299.055   -51.36  115.98
 -53707.585   254.418  -119.25   94.06
 -53333.282   215.823  -103.11   90.35
 -52958.961   179.558   -96.88   64.02
 -52584.623   164.122   -41.23   42.63
 -52210.266   176.206    32.28   51.74
 -51835.892   208.505    86.27   67.29
 -51461.501   255.366   125.16   84.87
 -51087.091   312.790   153.36  113.92
 -50712.664   350.046    99.50  100.23
 -50338.219   375.372    67.63   92.22
 -49963.756   387.633    32.74  102.12
 -49589.275   404.374    44.70  138.63
 -49214.777   477.720   195.84  167.29
 -48840.261   580.411   274.18  180.64
 -48465.727   667.233   231.80  165.78
 -48091.175   719.073   138.40  126.02
 -47716.605   717.906    -3.12  120.15
 -47342.018   646.611  -190.32  164.18
 -46967.413   530.041  -311.17  145.91
 -46592.790   416.437  -303.24  121.64
 -46218.149   335.744  -215.38   90.02
 -45843.490   304.233   -84.10   81.81
 -45468.814   284.348   -53.07   78.35
 -45094.120   292.112    20.72   85.52
 -44719.407   324.477    86.37  108.29
 -44344.677   321.922    -6.82  111.01
 -43969.930   287.005   -93.17  122.77
 -43595.164   247.551  -105.27  106.79
 -43220.380   245.441    -5.63   90.13
 -42845.579   300.551   147.03  109.24
 -42470.760   342.065   110.75   81.10
 -42095.923   334.722   -19.59   73.12
 -41721.068   281.231  -142.69   91.37
 -41346.195   216.755  -171.99  104.94
 -40971.304   148.414  -182.29   77.94
 -40596.395   109.837  -102.90   54.64
 -40221.469    86.005   -63.56   20.95
 -39846.524    91.182    13.81   27.82
 -39471.562   107.877    44.52   36.54
 -39096.582   132.465    65.57   42.29
 -38721.584   162.023    78.82   47.66
 -38346.568   201.636   105.63   71.02
 -37971.534   259.112   153.25  101.66
 -37596.482   317.733   156.29   92.08
 -37221.412   341.605    63.65   77.39
 -36846.324   305.455   -96.37  104.15
 -36471.219   250.790  -145.73   91.97
 -36096.095   211.119  -105.75   72.66
 -35720.953   190.674   -54.50   68.48
 -35345.794   190.830     0.42   73.96
 -34970.616   156.755   -90.82   60.68
 -34595.421   150.430   -16.86   48.12
 -34220.208   174.366    63.79   58.35
 -33844.976   192.483    48.28   50.98
 -33469.727   190.437    -5.45   52.10
 -33094.460   161.937   -75.94   60.57
 -32719.174   125.460   -97.19   52.02
 -32343.871    99.642   -68.79   41.82
 -31968.550    82.827   -44.80   15.75
 -31593.211   100.411    46.85   35.73
 -31217.853   137.528    98.88   58.64
 -30842.478   176.983   105.10   69.34
 -30467.085   210.255    88.63   52.95
 -30091.674   234.308    64.07   42.96
 -29716.244   274.028   105.80   60.57
 -29340.797   322.720   129.69   68.02
 -28965.332   338.366    41.67   61.15
 -28589.848   345.100    17.93   66.83
 -28214.347   340.279   -12.84   63.96
 -27838.828   312.392   -74.26   71.38
 -27463.290   283.176   -77.79   90.19
 -27087.735   230.278  -140.85   90.65
 -26712.161   186.837  -115.66   55.60
 -26336.570   182.960   -10.32   60.84
 -25960.960   202.573    52.22   72.60
 -25585.332   207.450    12.98   66.06
 -25209.686   183.551   -63.62   74.00
 -24834.022   175.614   -21.13   82.22
 -24458.341   165.733   -26.30   76.81
 -24082.640   151.119   -38.90   58.28
 -23706.922   151.558     1.17   60.29
 -23331.186   136.300   -40.61   61.85
 -22955.432   108.030   -75.23   56.69
 -22579.659    82.255   -68.59   25.79
 -22203.869    74.281   -21.22   21.14
 -21828.060    72.323    -5.21   24.78
 -21452.234    68.846    -9.25   26.02
 -21076.389    63.209   -15.00   23.73
 -20700.526    52.877   -27.49   10.33
 -20324.645    49.980    -7.71    6.61
 -19948.745    51.437     3.88    7.75
 -19572.828    56.743    14.11    9.82
 -19196.892    63.119    16.96   10.35
 -18820.939    72.005    23.64   13.32
 -18444.967    90.708    49.74   30.92
 -18068.977   124.823    90.73   57.74
 -17692.969   150.779    69.03   63.00
 -17316.943   150.279    -1.33   59.61
 -16940.898   138.790   -30.55   60.46
 -16564.835   104.460   -91.29   47.93
 -16188.755    72.551   -84.85   23.74
 -15812.656    59.470   -34.78   16.79
 -15436.538    63.922    11.84   24.17
 -15060.403    84.441    54.55   42.54
 -14684.250    93.437    23.91   41.99
 -14308.078    90.801    -7.01   40.66
 -13931.888    76.411   -38.25   38.02
 -13555.680    73.073    -8.87   33.22
 -13179.453    67.517   -14.77   25.10
 -12803.209    65.100    -6.43   24.82
 -12426.946    63.823    -3.39   24.36
 -12050.665    58.846   -13.23   19.54
 -11674.365    61.937     8.21   27.64
 -11298.048    92.801    82.01   57.48
 -10921.712   113.664    55.44   54.99
 -10545.358   122.069    22.33   53.71
 -10168.986   103.566   -49.16   56.52
  -9792.595    64.892  -102.75   30.24
  -9416.186    50.122   -39.24   19.65
  -9039.759    47.720    -6.38   22.14
  -8663.314    49.344     4.31   26.75
  -8286.850    47.566    -4.72   26.98
  -7910.369    37.189   -27.56   21.25
  -7533.868    30.627   -17.43   17.36
  -7157.350    24.983   -14.99    6.51
  -6780.813    24.642    -0.91    5.90
  -6404.258    23.255    -3.68    7.46
  -6027.685    22.766    -1.30    6.79
  -5651.093    23.483     1.90    6.79
  -5274.483    22.733    -1.99    6.35
  -4897.855    22.065    -1.77    8.87
  -4521.208    20.516    -4.11    9.29
  -4144.543    20.278    -0.63    8.79
  -3767.860    22.846     6.82    9.20
  -3391.159    26.041     8.48    9.60
  -3014.439    26.232     0.51   11.06
  -2637.701    25.477    -2.00   12.21
  -2260.944    24.060    -3.76   13.77
  -1884.169    19.581   -11.89   14.28
  -1507.376    16.983    -6.90   15.10
  -1130.564    10.930   -16.06   12.59
   -753.734     5.528   -14.33    9.30
   -376.886     2.646    -7.65    6.05
     -0.019     2.210    -1.16    5.33
    376.866     3.351     3.03    6.63
    753.770     3.619     0.71    5.49
   1130.692     4.855     3.28    5.35
   1507.632     5.790     2.48    4.92
   1884.591     6.664     2.32    4.74
   2261.568     7.355     1.83    4.27
   2638.563     8.392     2.75    3.15
   3015.577     8.744     0.93    2.78
   3392.610     8.937     0.51    1.71
   3769.661     8.566    -0.98    2.28
   4146.730     8.280    -0.76    2.34
   4523.817     7.369    -2.42    2.82
   4900.923     6.855    -1.36    2.98
   5278.048     6.278    -1.53    3.44
   5655.191     5.733    -1.45    4.02
   6032.352     4.930    -2.13    4.43
   6409.532     3.437    -3.96    4.75
   6783.497     2.630    -2.16    4.92
   7157.048     1.096    -4.11    4.14
   7530.618    -0.210    -3.50    2.45
   7904.205    -0.745    -1.43    0.00
   8277.811    -0.745     0.00    0.00
   8651.435    -0.745     0.00    0.00
   9025.076    -0.745     0.00    0.00
   9398.736    -0.745     0.00    0.00
   9772.415    -0.745     0.00    0.00
  10146.111    -0.745     0.00    0.00
  10519.825    -0.745     0.00    0.00
  10893.558    -0.745     0.00    0.00
  11267.308    -0.326     1.12    2.21
  11641.077     2.033     6.31    5.13
  12014.864     4.530     6.68    5.83
  12388.669     7.278     7.35    5.18
  12762.492     9.731     6.56    2.71
  13136.334     9.441    -0.78    3.35
  13510.193     9.073    -0.98    3.67
  13884.071     7.744    -3.56    4.56
  14257.967     6.700    -2.79    4.93
  14631.881     6.805     0.28    5.15
  15005.813     6.505    -0.80    5.08
  15379.763     5.874    -1.69    4.54
  15753.732     5.255    -1.66    3.77
  16127.718     5.483     0.61    2.84
  16501.723     6.051     1.52    1.62
  16875.746     6.500     1.20    2.30
  17249.788     7.105     1.62    3.39
  17623.847     7.437     0.89    4.98
  17997.925     6.953    -1.29    2.93
  18372.021     6.446    -1.36    2.22
  18746.135     6.187    -0.69    1.87
  19120.268     5.960    -0.61    1.76
  19494.418     5.668    -0.78    1.84
  19868.587     5.524    -0.39    2.23
  20242.774     5.687     0.44    2.99
  20616.980    10.346    12.45    9.64
  20991.203    13.208     7.65   10.45
  21365.445    21.255    21.50   16.67
  21739.705    33.277    32.12   29.60
  22113.984    56.820    62.90   56.33
  22488.281   101.353   118.98   85.22
  22862.596   133.189    85.05   89.84
  23236.929   174.369   110.01   78.59
  23611.280   181.898    20.11   65.27
  23985.650   162.573   -51.62   71.73
  24360.038   121.611  -109.41   85.44
  24734.445    77.842  -116.90   65.58
  25108.869    40.779   -98.99   35.84
  25483.312    28.566   -32.62   24.99
  25857.773    24.483   -10.91   14.86
  26232.253    31.846    19.66   23.14
  26606.751    45.051    35.26   27.93
  26981.267    59.596    38.84   30.49
  27355.802    70.168    28.23   34.43
  27730.355    79.970    26.17   35.05
  28104.926    86.823    18.30   36.69
  28479.516    91.460    12.38   38.46
  28854.124    86.210   -14.02   38.74
  29228.750    78.966   -19.34   36.84
  29603.394    90.960    32.01   48.47
  29978.057   109.755    50.17   56.24
  30352.739   117.906    21.76   53.80
  30727.439   107.789   -27.00   56.62
  31102.157    76.778   -82.76   48.05
  31476.893    55.733   -56.16   34.12
  31851.648    40.596   -40.39   19.90
  32226.421    34.687   -15.77   15.65
  32601.213    28.744   -15.86    7.27
  32976.023    24.437   -11.49    7.17
  33350.851    20.366   -10.86    6.42
  33725.698    16.301   -10.85    6.44
  34100.563    13.278    -8.06    5.59
  34475.447    11.983    -3.46    4.52
  34850.349    15.573     9.58    9.88
  35225.270    28.460    34.37   27.61
  35600.209    30.414     5.21   29.24
  35975.166    28.755    -4.42   30.87
  36350.142    20.346   -22.43   28.72
  36725.136     8.778   -30.85    6.71
  37100.149     7.369    -3.76    4.78
  37475.180     7.687     0.85    5.36
  37850.230     6.937    -2.00    5.11
  38225.298     5.323    -4.30    4.52
  38600.384     4.187    -3.03    3.12
  38975.489     4.055    -0.35    2.55
  39350.613     5.046     2.64    3.42
  39725.755     6.142     2.92    3.56
  40100.915     7.190     2.79    3.16
  40476.094     7.233     0.11    2.91
  40851.291     7.710     1.27    2.43
  41226.507     8.348     1.70    2.87
  41601.742     9.077     1.94    3.31
  41976.995    10.017     2.50    3.75
  42352.266    10.566     1.46    3.96
  42727.556    10.677     0.30    4.69
  43102.864    10.277    -1.07    4.48
  43478.191    10.028    -0.66    4.27
  43853.537    10.325     0.79    4.45
  44228.901    11.366     2.77    3.76
  44604.284    12.065     1.86    4.35
  44979.685    12.869     2.14    4.60
  45355.104    14.164     3.45    4.70
  45730.543    16.301     5.69    5.18
  46106.000    19.005     7.20    4.76
  46481.475    20.524     4.04    4.03
  46856.969    21.687     3.10    4.38
  47232.481    22.398     1.89    5.01
  47608.012    22.211    -0.50    5.79
  47983.562    21.392    -2.18    5.80
  48359.130    20.733    -1.75    4.93
  48734.717    21.028     0.79    4.03
  49110.323    21.206     0.48    3.26
  49485.947    23.142     5.15    3.69
  49861.589    25.184     5.44    3.26
  50237.251    26.366     3.15    3.65
  50612.930    27.522     3.08    3.69
  50988.629    27.325    -0.52    3.69
  51364.346    28.460     3.02    3.86
  51740.082    28.180    -0.74    4.36
  52115.836    28.028    -0.41    5.03
  52491.609    29.465     3.82    5.18
  52867.401    30.144     1.81    6.21
  53243.211    32.100     5.20    6.05
  53619.040    33.184     2.88    7.18
  53994.888    32.414    -2.05    7.57
  54370.754    31.480    -2.49    8.92
  54746.639    34.255     7.38   13.44
  55122.542    40.187    15.78   13.03
  55498.465    40.687     1.33   12.80
  55874.406    39.589    -2.92   13.95
  56250.365    34.792   -12.76   13.09
  56626.344    36.892     5.59   17.81
  57002.341    36.938     0.12   23.14
  57378.356    34.534    -6.39   24.43
  57754.391    26.900   -20.30   18.45
  58130.444    19.619   -19.36   11.53
  58506.516    15.625   -10.62    7.85
  58882.606    12.865    -7.34    1.70
  59258.715    13.033     0.45    1.41
  59634.843    14.414     3.67    2.40
  60010.990    15.558     3.04    4.02
  60387.156    16.346     2.10    4.29
  60763.340    17.210     2.30    4.37
  61139.543    16.994    -0.57    4.15
  61515.764    17.541     1.45    3.91
  61892.005    17.944     1.07    4.33
  62268.264    17.846    -0.26    4.82
  62644.542    16.566    -3.40    3.64
  63020.839    15.766    -2.13    1.41
  63397.154    15.642    -0.33    1.15
  63773.489    15.922     0.74    1.19
  64149.842    16.392     1.25    1.34
  64526.214    16.811     1.11    1.37
  64902.604    17.255     1.18    1.95
  65279.014    18.073     2.17    2.50
  65655.442    19.144     2.84    2.75
  66031.889    20.125     2.61    3.24
  66408.355    21.211     2.88    3.15
  66784.840    21.589     1.00    2.96
  67161.343    21.953     0.97    2.47
  67537.866    22.342     1.03    2.44
  67914.407    22.970     1.67    2.48
  68290.967    23.619     1.72    2.43
  68667.546    24.407     2.09    2.43
  69044.143    25.733     3.52    3.05
  69420.760    26.642     2.41    3.13
  69797.395    27.803     3.08    3.62
  70174.050    28.994     3.16    3.99
  70550.723    30.511     4.03    3.87
  70927.415    32.855     6.22    4.39
  71304.125    34.837     5.26    4.71
  71680.855    35.976     3.03    4.11
  72057.604    37.460     3.94    4.00
  72434.371    38.005     1.45    4.09
  72811.158    38.611     1.61    3.58
  73187.963    40.823     5.87    3.48
  73564.787    42.505     4.46    4.14
  73941.630    45.677     8.42    5.21
  74318.492    48.963     8.72    5.98
  74695.373    53.755    12.72    8.46
  75072.273    57.963    11.16    9.26
  75449.192    61.983    10.67   11.08
  75826.130    70.411    22.36   17.74
  76203.086    75.348    13.10   15.32
  76580.062    88.551    35.02   21.71
  76957.056   107.455    50.15   31.83
  77334.070   128.983    57.10   40.10
  77711.102   163.596    91.81   49.64
  78088.154   196.210    86.50   56.98
  78465.224   228.278    85.05   67.79
  78842.313   268.612   106.97   84.29
  79219.422   306.033    99.24   71.84
  79596.549   330.374    64.55   67.15
  79973.695   333.460     8.18   69.22
  80350.860   324.922   -22.64   82.17
  80728.045   324.011    -2.42   90.25
  81105.248   303.700   -53.85   81.36
  81482.470   299.327   -11.59   75.74
  81856.018   274.877   -65.46   73.48
  82229.513   253.348   -57.65   69.33
  82603.027   239.755   -36.40   60.69
  82976.559   217.346   -60.00   50.48
  83350.110   194.451   -61.30   48.10
  83723.679   187.642   -18.23   38.59
  84097.267   174.511   -35.15   33.33
  84470.874   188.611    37.74   42.10
  84844.499   191.767     8.45   45.44
  85218.143   180.277   -30.75   56.92
  85591.806   156.211   -64.41   58.22
  85965.487   127.755   -76.16   49.70
  86339.187   101.914   -69.15   34.63
  86712.906    86.983   -39.96   28.43
  87086.643    77.799   -24.57   20.23
  87460.399    75.604    -5.87   22.71
  87834.174    74.033    -4.20   22.52
  88207.967    68.528   -14.73   21.79
  88581.779    67.011    -4.06   20.28
  88955.610    70.455     9.21   25.84
  89329.459    80.437    26.70   31.18
  89703.327    83.055     7.00   27.02
  90077.214    79.005   -10.83   23.90
  90451.120    76.322    -7.18   22.89
  90825.044    73.733    -6.93   21.52
  91198.987    72.544    -3.18   22.42
  91572.949    73.619     2.87   20.73
  91946.929    71.005    -6.99   21.98
  92320.928    63.505   -20.06   24.12
  92694.946    50.164   -35.67   13.03
  93068.983    44.323   -15.62   12.72
  93443.038    38.366   -15.93    5.13
  93817.112    36.392    -5.28    2.75
  94191.205    36.566     0.47    3.19
  94565.317    37.164     1.60    3.48
  94939.447    36.877    -0.77    3.61
  95313.597    37.077     0.53    3.74
  95687.765    37.005    -0.19    3.91
  96061.952    35.255    -4.68    5.53
  96436.157    34.302    -2.55    6.28
  96810.381    31.538    -7.39    6.44
  97184.625    30.051    -3.97    6.30
  97558.887    29.077    -2.60    6.14
  97933.167    27.560    -4.06    5.72
  98307.467    26.733    -2.21    5.48
  98681.785    25.766    -2.58    5.44
  99056.123    23.488    -6.09    5.35
  99430.479    20.712    -7.42    5.17
  99804.854    18.186    -6.75    4.21
 100179.247    15.914    -6.07    2.16
 100553.660    14.820    -2.92    1.80
 100928.091    14.392    -1.15    1.82
 101302.542    14.914     1.40    2.21
 101677.011    15.446     1.42    2.34
 102051.499    15.473     0.07    2.11
 102426.006    15.279    -0.52    2.11
 102800.531    14.611    -1.78    1.73
 103175.076    14.460    -0.40    1.69
 103549.639    14.366    -0.25    1.73
 103924.222    14.460     0.25    1.89
 104298.823    14.684     0.60    1.77
 104673.443    14.323    -0.96    1.68
 105048.082    13.898    -1.14    1.39
 105422.740    13.811    -0.23    1.34
 105797.417    13.642    -0.45    1.38
 106172.112    13.801     0.42    1.39
 106546.827    13.528    -0.73    1.50
 106921.561    13.085    -1.18    1.75
 107296.313    12.846    -0.64    1.88
 107671.085    12.708    -0.37    1.93
 108045.875    12.655    -0.14    2.16
 108420.684    13.033     1.01    2.30
 108795.512    13.733     1.87    1.87
 109170.360    13.596    -0.36    1.83
 109545.226    12.889    -1.89    2.06
 109920.111    11.960    -2.48    1.84
 110295.015    11.922    -0.10    1.83
 110669.938    12.544     1.66    1.85
 111044.880    13.166     1.66    1.86
 111419.841    13.627     1.23    1.51
 111794.821    13.789     0.43    1.50
 112169.820    13.805     0.04    1.41
 112544.838    13.483    -0.86    1.65
 112919.875    12.372    -2.96    2.41
 113294.931    10.722    -4.40    2.75
 113670.006     9.346    -3.67    2.32
 114045.100     8.325    -2.72    1.26
 114420.213     8.277    -0.13    1.10
 114795.345     8.405     0.34    1.08
 115170.496     8.551     0.39    1.05
 115545.666     8.697     0.39    0.93
 115920.855     8.687    -0.03    0.93
 116296.063     8.833     0.39    1.14
 116671.290     9.232     1.06    1.50
 117046.536    11.168     5.16    3.13
 117421.802    13.565     6.39    4.21
 117797.086    15.833     6.04    4.80
 118172.389    17.573     4.64    4.57
 118547.712    19.342     4.71    4.68
 118923.053    19.755     1.10    4.28
 119298.414    20.906     3.07    3.82
 119673.794    21.560     1.74    3.94
 120049.193    23.541     5.28    4.50
 120424.610    25.500     5.22    4.98
 120800.047    27.573     5.52    4.87
 121175.503    28.744     3.12    4.61
 121550.979    29.611     2.31    4.31
 121926.473    29.187    -1.13    4.57
 122301.986    29.411     0.60    4.98
 122677.519    28.414    -2.65    5.24
 123053.071    28.166    -0.66    5.57
 123428.641    26.937    -3.27    5.25
 123804.231    25.811    -3.00    5.11
 124179.840    24.983    -2.21    4.90
 124555.469    24.778    -0.54    4.74
 124931.116    25.073     0.79    4.12
 125306.783    25.710     1.69    3.91
 125682.468    26.255     1.45    3.61
 126058.173    27.877     4.32    3.61
 126433.897    30.051     5.78    3.98
 126809.640    31.429     3.67    3.74
 127185.403    32.734     3.47    3.60
 127561.184    34.522     4.76    4.05
 127936.985    35.983     3.89    3.91
 128312.805    36.999     2.71    3.55
 128688.644    37.655     1.75    4.20
 129064.503    38.303     1.72    4.14
 129440.380    39.386     2.88    4.39
 129816.277    42.142     7.33    4.91
 130192.193    44.833     7.16    6.51
 130568.128    51.255    17.09    9.87
 130944.083    53.475     5.90    9.47
 131320.056    53.892     1.11    9.08
 131696.049    53.670    -0.59    9.09
 132072.061    52.011    -4.41    7.29
 132448.093    60.778    23.32   16.37
 132824.143    80.369    52.10   39.81
 133200.213   104.551    64.31   43.94
 133576.303   116.208    31.00   39.44
 133952.411   111.028   -13.77   36.06
 134328.539    93.541   -46.50   28.44
 134704.686    78.589   -39.76   19.56
 135080.852    77.255    -3.54   18.81
 135457.038    77.953     1.85   22.71
 135833.242    89.077    29.57   25.65
 136209.467    96.605    20.01   22.20
 136585.710    94.187    -6.43   22.46
 136961.973    83.677   -27.94   22.13
 137338.255    74.483   -24.44   14.52
 137714.556    68.500   -15.90   11.30
 138090.877    65.303    -8.50    8.31
 138467.217    64.212    -2.90    7.25
 138843.576    63.184    -2.73    7.41
 139219.955    63.100    -0.22    7.02
 139596.353    64.299     3.19    5.70
 139972.771    64.973     1.79    4.97
 140349.207    64.566    -1.08    4.18
 140725.663    64.255    -0.83    3.86
 141102.139    62.125    -5.66    4.39
 141478.634    60.697    -3.79    3.96
 141855.148    60.744     0.12    4.60
 142231.681    60.966     0.59    4.99
 142608.234    61.016     0.13    4.78
 142984.807    61.033     0.04    4.58
 143361.398    59.189    -4.90    4.39
 143738.010    57.322    -4.96    4.54
 144114.640    55.633    -4.48    3.68
 144491.290    54.960    -1.79    3.75
 144867.959    55.125     0.44    3.53
 145244.648    54.255    -2.31    4.14
 145621.356    52.877    -3.66    4.42
 145998.084    51.907    -2.58    4.63
 146374.831    50.677    -3.27    4.84
 146751.597    49.369    -3.47    4.86
 147128.383    49.065    -0.81    4.89
 147505.189    48.842    -0.59    4.11
 147882.013    47.596    -3.31    3.70
 148258.858    46.389    -3.20    4.42
 148635.721    43.733    -7.05    4.38
 149012.604    41.668    -5.48    3.92
 149389.507    38.505    -8.39    3.87
 149766.429    36.280    -5.90    3.66
 150143.371    33.855    -6.43    3.19
 150520.332    32.069    -4.74    1.98
 150897.312    31.322    -1.98    1.81
 151274.312    31.733     1.09    2.44
 151651.332    32.279     1.45    2.61
 152028.371    32.210    -0.18    2.53
 152405.430    32.041    -0.45    2.30
 152782.508    32.033    -0.02    2.42
 153159.605    31.846    -0.50    2.36
 153536.722    31.483    -0.96    2.42
 153913.859    30.477    -2.67    2.65
 154291.015    29.605    -2.31    2.17
 154668.191    28.937    -1.77    1.84
 155045.386    28.322    -1.63    1.40
 155422.601    27.914    -1.08    1.24
 155799.835    27.522    -1.04    1.23
 156177.089    27.187    -0.89    1.42
 156554.073    26.799    -1.03    1.63
 156927.487    26.517    -0.75    1.67
 157300.921    26.301    -0.58    1.67
 157674.373    26.073    -0.61    1.50
 158047.845    26.005    -0.18    1.35
 158421.336    25.566    -1.18    1.41
 158794.846    25.077    -1.31    1.28
 159168.375    24.734    -0.92    1.24
 159541.923    24.369    -0.98    1.24
 159915.491    24.055    -0.84    1.29
 160289.078    23.744    -0.83    1.50
 160662.684    23.551    -0.52    1.41
 161036.309    23.277    -0.73    1.25
 161409.953    22.973    -0.82    1.24
 161783.617    22.734    -0.64    1.22
 162157.300    22.755     0.06    1.68
 162531.002    22.799     0.12    1.79
 162904.723    22.392    -1.09    1.27
 163278.463    22.766     1.00    1.63
 163652.223    22.766     0.00    1.46
 164026.002    22.877     0.30    1.47
 164399.800    22.777    -0.27    1.13
 164773.617    22.733    -0.12    1.25
 165147.454    22.929     0.53    1.23
 165521.310    23.028     0.26    1.24
 165895.185    23.096     0.18    1.08
 166269.079    22.922    -0.47    1.24
