# NaN NaN NaN ;Mean Elev.(m), Avg Gradient(m/km), RMS Gradient(m/km) - SRTM1     
#   40.502   0.506   2.461 ;Mean Elev.(m), Avg Gradient(m/km), RMS Gradient(m/km) - ASTER GDEM
#   31.254   0.243   0.925 ;Mean Elev.(m), Avg Gradient(m/km), RMS Gradient(m/km) - GMTED2010 
  7    31.766 52473.59095118 22.74 112.284652  30.235831 19.355
  7    36.552 52473.59095182 18.42 112.283762  30.239121 19.355
  7    36.619 52473.59095247 17.09 112.282872  30.242401 19.355
  7    36.641 52473.59095311 17.41 112.281972  30.245691 19.355
  7    39.247 52473.59095376 15.36 112.281082  30.248971 19.355
  7    39.404 52473.59095440 15.26 112.280192  30.252261 19.355
  7    39.575 52473.59095505 15.28 112.279302  30.255550  9.023
  7    39.133 52473.59095569 17.27 112.278402  30.258840  9.023
  7    38.526 52473.59095634 16.70 112.277512  30.262120  9.023
  7    38.625 52473.59095698 16.85 112.276622  30.265410  9.023
  7    38.082 52473.59095763 16.53 112.275722  30.268700  9.023
  7    39.991 52473.59095827 16.30 112.274832  30.271980  9.023
  7    41.129 52473.59095891 16.07 112.273942  30.275270  9.023
  7    41.614 52473.59095956 16.38 112.273042  30.278550  9.023
  7    42.950 52473.59096020 16.96 112.272152  30.281840  9.023
  7    42.613 52473.59096085 19.39 112.271262  30.285130  9.023
  8    38.034 52508.59092210 28.16 112.287213  30.252842 15.201
  8    38.030 52508.59092274 24.38 112.286313  30.256132 15.201
  8    38.020 52508.59092339 23.96 112.285423  30.259422 15.201
  8    37.968 52508.59092403 24.87 112.284533  30.262702 15.201
  8    38.667 52508.59092468 23.94 112.283633  30.265992 15.201
  8    38.657 52508.59092532 24.65 112.282743  30.269272 15.201
  8    38.502 52508.59092597 27.67 112.281853  30.272562 15.201
  8    38.756 52508.59092661 29.55 112.280963  30.275852 15.201
  9    39.059 52543.59091139 23.38 112.288601  30.250930 26.999
  9    38.234 52543.59091203 23.96 112.287711  30.254220 26.999
  9    38.147 52543.59091268 24.99 112.286821  30.257500 26.999
  9    37.573 52543.59091332 24.88 112.285921  30.260790 26.999
  9    37.343 52543.59091397 25.47 112.285031  30.264075 17.291
  9    38.731 52543.59091461 20.73 112.284141  30.267365 17.291
  9    38.877 52543.59091526 21.71 112.283241  30.270645 17.291
  9    39.164 52543.59091590 21.71 112.282351  30.273935 17.291
 10    34.281 52578.59095485 21.98 112.284857  30.235908 15.829
 10    34.807 52578.59095549 21.82 112.283957  30.239188 15.829
 10    34.470 52578.59095614 20.19 112.283067  30.242478 15.829
 10    34.502 52578.59095678 21.51 112.282177  30.245768 15.829
 10    32.383 52578.59095742 24.76 112.281277  30.249048 15.829
 10    32.427 52578.59095807 28.01 112.280387  30.252338 15.829
 10    33.452 52578.59095871 26.90 112.279497  30.255618 15.829
 10    36.136 52578.59095936 23.92 112.278597  30.258908 15.829
 10    32.686 52578.59096000 28.65 112.277707  30.262198 15.829
 10    32.763 52578.59096065 27.09 112.276817  30.265478 15.829
 10    36.448 52578.59096129 23.62 112.275917  30.268768 15.829
 10    36.298 52578.59096194 23.08 112.275027  30.272058 15.829
 10    38.368 52578.59096258 20.72 112.274137  30.275338 15.829
 10    39.226 52578.59096323 21.71 112.273237  30.278628 15.829
 10    42.463 52578.59096387 21.22 112.272348  30.281914 14.507
 10    41.719 52578.59096452 24.26 112.271458  30.285204 14.507
 11    35.664 52613.59092129 21.97 112.287023  30.240431  9.257
 11    32.676 52613.59092194 22.04 112.286123  30.243721  9.257
 11    32.278 52613.59092258 23.52 112.285233  30.247001  9.257
 11    31.714 52613.59092323 25.04 112.284343  30.250291  9.257
 11    36.686 52613.59092387 23.58 112.283453  30.253581  9.257
 11    37.094 52613.59092452 23.02 112.282553  30.256861  9.257
 11    37.193 52613.59092516 22.29 112.281663  30.260151  9.257
 11    37.892 52613.59092581 21.21 112.280773  30.263441  9.257
 11    38.441 52613.59092645 22.01 112.279883  30.266721  9.257
 11    38.470 52613.59092709 22.18 112.278983  30.270011  9.257
 11    40.864 52613.59092774 22.37 112.278093  30.273301  9.257
 11    41.043 52613.59092838 22.57 112.277203  30.276581  9.257
 11    42.087 52613.59092903 21.98 112.276303  30.279871  9.257
 12    32.923 52648.59090350 23.94 112.288245  30.242643 15.452
 12    36.392 52648.59090414 23.61 112.287355  30.245933 15.452
 12    32.180 52648.59090479 23.24 112.286465  30.249213 15.452
 12    37.464 52648.59090543 22.52 112.285575  30.252503 15.452
 12    37.745 52648.59090608 21.86 112.284675  30.255783 15.452
 12    37.410 52648.59090672 24.02 112.283785  30.259073 15.452
 12    38.297 52648.59090736 21.93 112.282895  30.262363 15.452
 12    37.782 52648.59090801 23.17 112.281995  30.265643 15.452
 12    29.865 52648.59090865 26.01 112.281105  30.268933 15.452
 12    37.087 52648.59090930 26.44 112.280215  30.272223 15.452
 12    37.639 52648.59090994 25.05 112.279315  30.275503 15.452
 12    40.856 52648.59091059 24.88 112.278425  30.278793 15.452
 16    33.280 52788.59090634 35.80 112.284477  30.233193 24.179
 16    33.032 52788.59090698 31.74 112.283587  30.236473 24.179
 16    33.018 52788.59090763 33.20 112.282697  30.239763 24.179
 16    33.133 52788.59090827 36.98 112.281797  30.243043 24.179
 16    33.093 52788.59090892 37.88 112.280907  30.246333 24.179
 16    33.258 52788.59090956 46.29 112.280017  30.249623 24.179
 16    33.170 52788.59091021 51.59 112.279117  30.252903 24.179
 16    33.264 52788.59091085 48.10 112.278227  30.256193 24.179
 16    33.342 52788.59091150 45.27 112.277337  30.259483 24.179
 16    33.307 52788.59091214 43.78 112.276437  30.262763 24.179
 16    33.296 52788.59091279 37.16 112.275547  30.266053 24.179
 16    33.230 52788.59091343 36.90 112.274647  30.269333 24.179
 16    33.207 52788.59091408 33.09 112.273757  30.272623 24.179
 16    33.081 52788.59091472 31.70 112.272867  30.275913 24.179
 16    33.114 52788.59091537 30.67 112.271967  30.279193 24.179
 16    33.308 52788.59091601 27.62 112.271077  30.282483 24.179
 16    39.217 52788.59091665 28.59 112.270178  30.285769 18.270
 17    37.909 52823.59097830 24.21 112.286347  30.238222 27.091
 17    37.949 52823.59097895 20.82 112.285457  30.241512 27.091
 17    37.953 52823.59097959 19.60 112.284563  30.244800  9.285
 17    38.200 52823.59098024 19.34 112.283663  30.248090  9.285
 17    38.869 52823.59098088 19.79 112.282773  30.251370  9.285
 17    38.800 52823.59098153 19.72 112.281883  30.254660  9.285
 17    37.994 52823.59098217 20.07 112.280983  30.257950  9.285
 17    38.118 52823.59098282 21.10 112.280093  30.261230  9.285
 17    38.264 52823.59098346 21.01 112.279203  30.264520  9.285
 17    38.322 52823.59098410 20.81 112.278303  30.267800  9.285
 17    38.419 52823.59098475 21.10 112.277413  30.271090  9.285
 17    38.358 52823.59098539 22.72 112.276523  30.274380  9.285
 17    38.255 52823.59098604 24.85 112.275623  30.277660  9.285
 17    39.794 52823.59098668 24.64 112.274733  30.280950  9.285
 18    36.436 52858.59102544 21.82 112.288230  30.242124 11.627
 18    36.830 52858.59102608 19.18 112.287330  30.245414 11.627
 18    37.067 52858.59102673 20.23 112.286440  30.248694 11.627
 18    38.365 52858.59102737 20.44 112.285550  30.251984 11.627
 18    37.879 52858.59102801 21.50 112.284650  30.255274 11.627
 18    37.450 52858.59102866 23.38 112.283760  30.258554 11.627
 18    37.285 52858.59102930 23.95 112.282870  30.261844 11.627
 18    37.807 52858.59102995 24.34 112.281970  30.265134 11.627
 18    37.458 52858.59103059 24.65 112.281080  30.268414 11.627
 18    37.722 52858.59103124 23.88 112.280190  30.271704 11.627
 18    40.712 52858.59103188 22.96 112.279290  30.274984 11.627
 18    41.203 52858.59103253 22.74 112.278400  30.278274 11.627
 19    38.996 52893.59105583 25.17 112.285942  30.236201 10.922
 19    39.000 52893.59105648 22.02 112.285052  30.239481 10.922
 19    38.808 52893.59105712 20.81 112.284152  30.242771 10.922
 19    38.722 52893.59105776 21.42 112.283262  30.246051 10.922
 19    38.942 52893.59105841 21.59 112.282372  30.249341 10.922
 19    39.001 52893.59105905 21.08 112.281482  30.252631 10.922
 19    38.886 52893.59105970 23.25 112.280582  30.255911 10.922
 19    38.912 52893.59106034 22.53 112.279692  30.259201 10.922
 19    38.977 52893.59106099 22.89 112.278802  30.262491 10.922
 19    39.033 52893.59106163 23.84 112.277902  30.265771 10.922
 19    39.080 52893.59106228 22.65 112.277012  30.269061 10.922
 19    39.055 52893.59106292 23.60 112.276122  30.272341 10.922
 19    39.111 52893.59106357 23.12 112.275222  30.275631 10.922
 19    40.603 52893.59106421 21.97 112.274332  30.278921 10.922
 19    42.584 52893.59106486 24.26 112.273442  30.282201 10.922
 20    36.145 52928.59100755 21.19 112.288121  30.242887 31.581
 20    36.498 52928.59100819 21.36 112.287233  30.246177 11.546
 20    37.105 52928.59100884 20.55 112.286343  30.249467 11.546
 20    37.590 52928.59100948 23.94 112.285443  30.252747 11.546
 20    37.689 52928.59101013 22.71 112.284553  30.256037 11.546
 20    38.006 52928.59101077 22.38 112.283663  30.259317 11.546
 20    36.366 52928.59101142 26.87 112.282773  30.262607 11.546
 20    37.740 52928.59101206 22.46 112.281873  30.265897 11.546
 20    38.132 52928.59101270 18.84 112.280983  30.269177 11.546
 20    38.104 52928.59101335 19.88 112.280093  30.272467 11.546
 20    41.423 52928.59101399 19.24 112.279203  30.275757 11.546
 20    41.137 52928.59101464 23.93 112.278303  30.279037 11.546
 21    36.396 52963.59098879 23.87 112.288096  30.246323 11.179
 21    36.332 52963.59098944 24.94 112.287206  30.249613 11.179
 21    31.304 52963.59099008 25.83 112.286306  30.252903 11.179
 21    37.744 52963.59099073 23.85 112.285416  30.256183 11.179
 21    37.346 52963.59099137 25.01 112.284526  30.259473 11.179
 21    37.319 52963.59099202 23.96 112.283626  30.262763 11.179
 21    37.961 52963.59099266 22.79 112.282736  30.266043 11.179
 21    37.621 52963.59099331 23.11 112.281846  30.269333 11.179
 21    37.785 52963.59099395 24.79 112.280946  30.272613 11.179
 21    40.859 52963.59099459 24.14 112.280056  30.275903 11.179
 22    29.975 52998.59102437 29.22 112.284433  30.234866 23.558
 22    30.832 52998.59102501 27.53 112.283543  30.238156 23.558
 22    30.147 52998.59102566 31.70 112.282647  30.241443 15.741
 22    31.186 52998.59102630 30.56 112.281757  30.244733 15.741
 22    31.394 52998.59102695 29.10 112.280867  30.248013 15.741
 22    30.469 52998.59102759 27.40 112.279977  30.251303 15.741
 22    30.113 52998.59102823 27.47 112.279077  30.254593 15.741
 22    29.851 52998.59102888 28.56 112.278187  30.257873 15.741
 22    30.100 52998.59102952 27.75 112.277297  30.261163 15.741
 22    29.973 52998.59103017 28.68 112.276397  30.264443 15.741
 22    29.990 52998.59103081 30.54 112.275507  30.267733 15.741
 22    30.246 52998.59103146 31.19 112.274617  30.271023 15.741
 22    30.221 52998.59103210 31.46 112.273717  30.274303 15.741
 22    30.145 52998.59103275 32.05 112.272827  30.277593 15.741
 22    30.082 52998.59103339 29.63 112.271937  30.280883 15.741
 22    30.155 52998.59103404 30.73 112.271037  30.284163 15.741
 23    28.740 53033.59097976 32.38 112.288154  30.243166 18.126
 23    28.838 53033.59098041 31.72 112.287264  30.246446 18.126
 23    28.813 53033.59098105 31.38 112.286364  30.249736 18.126
 23    28.836 53033.59098170 34.34 112.285474  30.253026 18.126
 23    28.918 53033.59098234 37.73 112.284584  30.256316 18.126
 23    29.002 53033.59098299 34.67 112.283694  30.259596 18.126
 23    29.001 53033.59098363 30.03 112.282794  30.262886 18.126
 23    28.793 53033.59098427 29.60 112.281904  30.266166 18.126
 23    28.978 53033.59098492 28.16 112.281014  30.269456 18.126
 23    28.974 53033.59098556 29.61 112.280124  30.272746 18.126
 23    37.664 53033.59098621 28.69 112.279224  30.276026 18.126
 23    41.128 53033.59098685 28.20 112.278334  30.279316 18.126
 24    36.591 53068.59099379 22.93 112.288381  30.241726  9.960
 24    36.584 53068.59099443 19.64 112.287491  30.245016  9.960
 24    36.788 53068.59099508 19.76 112.286601  30.248296  9.960
 24    37.541 53068.59099572 20.66 112.285711  30.251586  9.960
 24    37.553 53068.59099636 20.86 112.284811  30.254876  9.960
 24    37.397 53068.59099701 20.99 112.283921  30.258156  9.960
 24    37.435 53068.59099765 21.24 112.283031  30.261446  9.960
 24    37.612 53068.59099830 21.90 112.282131  30.264726  9.960
 24    37.063 53068.59099894 21.62 112.281241  30.268016  9.960
 24    37.970 53068.59099959 21.79 112.280351  30.271306  9.960
 24    41.194 53068.59100023 20.60 112.279451  30.274586  9.960
 24    39.826 53068.59100088 21.73 112.278561  30.277876  9.960
 25    36.616 53103.59098196 22.43 112.287592  30.245080 23.591
 25    36.558 53103.59098260 22.79 112.286692  30.248370 23.591
 25    37.354 53103.59098325 20.64 112.285802  30.251660 23.591
 25    37.497 53103.59098389 21.63 112.284912  30.254940 23.591
 25    37.427 53103.59098454 20.62 112.284022  30.258230 23.591
 25    37.191 53103.59098518 21.26 112.283122  30.261510 23.591
 25    37.922 53103.59098583 20.36 112.282232  30.264800 23.591
 25    37.001 53103.59098647 21.62 112.281340  30.268088 13.675
 25    37.572 53103.59098711 23.01 112.280450  30.271378 13.675
 25    39.915 53103.59098776 22.79 112.279560  30.274658 13.675
 25    37.852 53103.59098840 26.59 112.278660  30.277948 13.675
 26    36.711 53138.59099909 29.74 112.287681  30.245251 25.414
 26    36.459 53138.59099973 25.07 112.286791  30.248541 25.414
 26    35.920 53138.59100038 25.73 112.285891  30.251831 25.414
 26    37.259 53138.59100102 23.65 112.285001  30.255111 25.414
 26    41.215 53138.59100167 22.19 112.284111  30.258401 25.414
 26    37.085 53138.59100231 22.83 112.283215  30.261688 13.024
 26    37.936 53138.59100296 20.98 112.282325  30.264978 13.024
 26    38.539 53138.59100360 19.90 112.281425  30.268258 13.024
 26    38.609 53138.59100425 20.24 112.280535  30.271548 13.024
 26    40.382 53138.59100489 19.62 112.279645  30.274838 13.024
 26    38.193 53138.59100553 24.55 112.278745  30.278118 13.024
 27    36.389 53173.59103881 28.19 112.286577  30.236248 19.615
 27    36.543 53173.59103945 27.31 112.285687  30.239538 19.615
 27    36.520 53173.59104010 27.19 112.284797  30.242818 19.615
 27    36.632 53173.59104074 28.56 112.283897  30.246108 19.615
 27    37.236 53173.59104139 24.08 112.283007  30.249388 19.615
 27    37.244 53173.59104203 23.91 112.282117  30.252678 19.615
 27    37.559 53173.59104268 23.57 112.281217  30.255968 19.615
 27    37.474 53173.59104332 23.31 112.280327  30.259248 19.615
 27    37.665 53173.59104397 23.08 112.279437  30.262538 19.615
 27    37.968 53173.59104461 21.87 112.278542  30.265826 12.504
 27    37.796 53173.59104526 23.67 112.277652  30.269116 12.504
 27    37.613 53173.59104590 23.47 112.276752  30.272396 12.504
 27    37.881 53173.59104655 22.66 112.275862  30.275686 12.504
 27    39.396 53173.59104719 22.75 112.274962  30.278976 12.504
 27    42.300 53173.59104784 22.05 112.274072  30.282256 12.504
 28    37.119 53208.59105554 22.59 112.286489  30.239997 25.046
 28    37.285 53208.59105618 23.31 112.285599  30.243277 25.046
 28    37.543 53208.59105683 20.90 112.284699  30.246567 25.046
 28    37.795 53208.59105747 21.15 112.283809  30.249847 25.046
 28    37.892 53208.59105812 21.99 112.282919  30.253137 25.046
 28    37.785 53208.59105876 24.52 112.282019  30.256427 25.046
 28    37.867 53208.59105941 23.95 112.281129  30.259717 25.046
 28    38.037 53208.59106005 24.21 112.280239  30.262997 25.046
 28    38.014 53208.59106070 25.02 112.279348  30.266285 15.633
 28    38.266 53208.59106134 24.66 112.278448  30.269575 15.633
 28    38.119 53208.59106199 25.42 112.277558  30.272855 15.633
 28    38.644 53208.59106263 23.81 112.276668  30.276145 15.633
 28    39.719 53208.59106327 24.94 112.275768  30.279435 15.633
 28    40.730 53208.59106392 25.90 112.274878  30.282715 15.633
 29    37.934 53243.59102563 25.36 112.288113  30.253705 19.779
 29    38.384 53243.59102627 26.23 112.287223  30.256995 19.779
 29    38.132 53243.59102692 25.97 112.286323  30.260275 19.779
 29    37.701 53243.59102756 25.66 112.285433  30.263565 19.779
 29    39.661 53243.59102821 23.05 112.284535  30.266853 16.768
 29    38.751 53243.59102885 23.93 112.283645  30.270143 16.768
 29    38.625 53243.59102949 24.51 112.282755  30.273423 16.768
 30    39.970 53278.59099920 24.29 112.285319  30.233224 18.633
 30    36.364 53278.59099985 23.44 112.284429  30.236514 18.633
 30    36.594 53278.59100049 21.72 112.283529  30.239794 18.633
 30    36.315 53278.59100114 26.08 112.282639  30.243084 18.633
 30    36.344 53278.59100178 22.75 112.281749  30.246364 18.633
 30    39.234 53278.59100242 20.22 112.280849  30.249654 18.633
 30    39.858 53278.59100307 18.77 112.279959  30.252944 18.633
 30    39.946 53278.59100371 18.91 112.279069  30.256224 18.633
 30    39.866 53278.59100436 19.81 112.278169  30.259514 18.633
 30    42.974 53278.59100500 19.47 112.277277  30.262800  5.657
 30    43.280 53278.59100565 18.85 112.276387  30.266090  5.657
 30    43.433 53278.59100629 18.79 112.275487  30.269370  5.657
 30    43.256 53278.59100694 19.42 112.274597  30.272660  5.657
 30    43.455 53278.59100758 19.50 112.273707  30.275950  5.657
 30    43.357 53278.59100823 20.56 112.272807  30.279230  5.657
 30    41.925 53278.59100887 21.37 112.271917  30.282520  5.657
 30    41.780 53278.59100952 24.36 112.271017  30.285800  5.657
 31    32.963 53313.59102722 37.20 112.286605  30.236576 23.097
 31    32.957 53313.59102786 32.70 112.285715  30.239866 23.097
 31    32.812 53313.59102851 30.28 112.284825  30.243156 23.097
 31    32.909 53313.59102915 29.84 112.283925  30.246436 23.097
 31    32.896 53313.59102980 38.67 112.283035  30.249726 23.097
 31    33.296 53313.59103044 32.77 112.282145  30.253006 23.097
 31    33.346 53313.59103109 37.60 112.281255  30.256296 23.097
 31    33.272 53313.59103173 46.31 112.280355  30.259586 23.097
 31    33.158 53313.59103238 39.16 112.279465  30.262866 23.097
 31    33.017 53313.59103302 28.19 112.278575  30.266156 23.097
 31    33.022 53313.59103367 27.44 112.277679  30.269443 13.396
 31    32.992 53313.59103431 26.80 112.276779  30.272733 13.396
 31    37.568 53313.59103496 25.05 112.275889  30.276013 13.396
 31    41.248 53313.59103560 24.14 112.274999  30.279303 13.396
 31    41.867 53313.59103624 25.60 112.274099  30.282583 13.396
 32    38.524 53348.59099548 25.17 112.288633  30.250557 20.517
 32    37.632 53348.59099612 26.42 112.287733  30.253847 20.517
 32    37.955 53348.59099677 25.42 112.286843  30.257127 20.517
 32    37.272 53348.59099741 26.81 112.285953  30.260417 20.517
 32    37.010 53348.59099806 28.14 112.285053  30.263707 20.517
 32    31.381 53348.59099870 29.02 112.284163  30.266987 20.517
 32    31.433 53348.59099935 29.79 112.283273  30.270277 20.517
 32    37.832 53348.59099999 30.31 112.282381  30.273565 21.373
 33    29.675 53383.59096357 27.52 112.286033  30.236834 24.310
 33    29.908 53383.59096421 27.45 112.285143  30.240124 24.310
 33    29.862 53383.59096486 31.79 112.284243  30.243404 24.310
 33    29.685 53383.59096550 41.60 112.283353  30.246694 24.310
 33    29.864 53383.59096615 41.55 112.282463  30.249974 24.310
 33    29.863 53383.59096679 25.29 112.281563  30.253264 24.310
 33    36.679 53383.59096744 22.70 112.280673  30.256554 24.310
 33    36.033 53383.59096808 25.69 112.279783  30.259834 24.310
 33    29.575 53383.59096873 27.78 112.278883  30.263124 24.310
 33    29.747 53383.59096937 30.13 112.277992  30.266410 15.485
 33    29.940 53383.59097002 30.37 112.277102  30.269700 15.485
 33    30.207 53383.59097066 31.16 112.276202  30.272980 15.485
 33    29.662 53383.59097131 29.35 112.275312  30.276270 15.485
 33    38.081 53383.59097195 25.98 112.274422  30.279560 15.485
 33    39.944 53383.59097259 24.78 112.273522  30.282840 15.485
 35    30.083 53453.59097730 29.65 112.286237  30.238872 21.145
 35    30.029 53453.59097795 29.63 112.285347  30.242162 21.145
 35    30.148 53453.59097859 32.08 112.284447  30.245442 21.145
 35    30.270 53453.59097924 44.01 112.283557  30.248732 21.145
 35    30.834 53453.59097988 33.91 112.282667  30.252012 21.145
 35    29.945 53453.59098053 25.46 112.281767  30.255302 21.145
 35    36.393 53453.59098117 25.67 112.280877  30.258592 21.145
 35    36.080 53453.59098181 27.31 112.279977  30.261872 21.145
 35    30.178 53453.59098246 28.70 112.279087  30.265162 21.145
 35    30.273 53453.59098310 29.69 112.278192  30.268447 14.939
 35    30.305 53453.59098375 27.23 112.277302  30.271737 14.939
 35    37.512 53453.59098439 26.25 112.276402  30.275017 14.939
 35    37.932 53453.59098504 24.85 112.275512  30.278307 14.939
 35    39.951 53453.59098568 24.41 112.274622  30.281597 14.939
 36    38.321 53488.59106100 22.50 112.282262  30.229717 26.149
 36    37.982 53488.59106165 23.70 112.281362  30.232997 26.149
 36    31.212 53488.59106229 31.14 112.280472  30.236287 26.149
 36    31.163 53488.59106294 38.02 112.279582  30.239577 26.149
 36    31.423 53488.59106358 35.76 112.278692  30.242857 26.149
 36    31.158 53488.59106423 26.67 112.277792  30.246147 26.149
 36    35.018 53488.59106487 20.15 112.276902  30.249427 26.149
 36    39.845 53488.59106552 18.29 112.276012  30.252717 26.149
 36    40.036 53488.59106616 21.77 112.275112  30.256007 26.149
 36    31.085 53488.59106680 26.94 112.274222  30.259287 26.149
 36    31.296 53488.59106745 33.93 112.273332  30.262577 26.149
 36    32.200 53488.59106809 31.39 112.272438  30.265864 13.221
 36    39.002 53488.59106874 24.04 112.271538  30.269154 13.221
 36    38.457 53488.59106938 21.09 112.270648  30.272434 13.221
 36    38.179 53488.59107003 21.24 112.269758  30.275724 13.221
 36    38.183 53488.59107067 20.40 112.268858  30.279014 13.221
 36    39.544 53488.59107132 20.39 112.267968  30.282294 13.221
 36    40.605 53488.59107196 19.68 112.267078  30.285584 13.221
 36    40.966 53488.59107261 20.61 112.266178  30.288864 13.221
 37    37.506 53523.59105271 22.11 112.288621  30.247900 21.064
 37    37.427 53523.59105336 24.20 112.287731  30.251190 21.064
 37    37.661 53523.59105400 22.75 112.286841  30.254470 21.064
 37    37.796 53523.59105465 24.15 112.285941  30.257760 21.064
 37    37.523 53523.59105529 24.88 112.285051  30.261040 21.064
 37    37.535 53523.59105594 23.55 112.284161  30.264330 21.064
 37    38.319 53523.59105658 22.82 112.283268  30.267619 15.736
 37    38.639 53523.59105723 21.98 112.282368  30.270909 15.736
 37    38.688 53523.59105787 21.23 112.281478  30.274189 15.736
 38    38.142 53558.59107579 27.40 112.283794  30.231458 18.329
 38    37.261 53558.59107643 21.78 112.282894  30.234738 18.329
 38    37.229 53558.59107708 20.33 112.282004  30.238028 18.329
 38    37.074 53558.59107772 19.89 112.281114  30.241318 18.329
 38    37.183 53558.59107837 19.26 112.280214  30.244598 18.329
 38    37.438 53558.59107901 18.78 112.279324  30.247888 18.329
 38    37.180 53558.59107966 16.30 112.278434  30.251168 18.329
 38    37.505 53558.59108030 17.27 112.277544  30.254458 18.329
 38    37.577 53558.59108094 17.15 112.276644  30.257748 18.329
 38    37.782 53558.59108159 17.63 112.275754  30.261028 18.329
 38    38.641 53558.59108223 17.36 112.274864  30.264318 18.329
 38    38.106 53558.59108288 18.92 112.273972  30.267607 15.536
 38    38.014 53558.59108352 19.57 112.273072  30.270897 15.536
 38    37.462 53558.59108417 21.54 112.272182  30.274177 15.536
 38    37.673 53558.59108481 22.16 112.271292  30.277467 15.536
 38    38.129 53558.59108546 23.30 112.270392  30.280757 15.536
 38    38.073 53558.59108610 25.32 112.269502  30.284037 15.536
 38    38.579 53558.59108675 26.25 112.268612  30.287327 15.536
 40    38.112 53628.59100389 17.92 112.280972  30.225946 17.609
 40    38.319 53628.59100453 24.36 112.280082  30.229236 17.609
 40    36.262 53628.59100518 21.35 112.279182  30.232516 17.609
 40    36.454 53628.59100582 21.37 112.278292  30.235806 17.609
 40    36.502 53628.59100647 27.37 112.277402  30.239086 17.609
 40    37.133 53628.59100711 23.31 112.276502  30.242376 17.609
 40    36.925 53628.59100776 17.02 112.275612  30.245666 17.609
 40    39.848 53628.59100840 15.87 112.274722  30.248946 17.609
 40    40.417 53628.59100904 15.68 112.273822  30.252236 17.609
 40    40.481 53628.59100969 19.40 112.272932  30.255526 17.609
 40    38.613 53628.59101033 22.11 112.272042  30.258806 17.609
 40    39.539 53628.59101098 21.97 112.271142  30.262096 17.609
 40    38.487 53628.59101162 25.95 112.270248  30.265382  9.502
 40    38.450 53628.59101227 27.07 112.269358  30.268672  9.502
 40    38.301 53628.59101291 27.14 112.268458  30.271952  9.502
 40    38.207 53628.59101356 24.99 112.267568  30.275242  9.502
 40    38.271 53628.59101420 19.53 112.266678  30.278522  9.502
 40    38.253 53628.59101485 21.04 112.265778  30.281812  9.502
 40    39.075 53628.59101549 21.00 112.264888  30.285102  9.502
 40    41.415 53628.59101614 18.61 112.263988  30.288382  9.502
 40    39.735 53628.59101678 26.13 112.263098  30.291672  9.502
 41    37.857 53663.59102998 23.07 112.285167  30.235798 20.868
 41    38.033 53663.59103062 20.90 112.284277  30.239088 20.868
 41    34.286 53663.59103127 23.01 112.283387  30.242378 20.868
 41    37.238 53663.59103191 20.56 112.282487  30.245658 20.868
 41    34.346 53663.59103256 22.83 112.281597  30.248948 20.868
 41    34.392 53663.59103320 24.36 112.280707  30.252238 20.868
 41    34.357 53663.59103385 29.51 112.279817  30.255518 20.868
 41    34.708 53663.59103449 31.88 112.278917  30.258808 20.868
 41    36.734 53663.59103514 22.47 112.278027  30.262098 20.868
 41    35.404 53663.59103578 21.77 112.277137  30.265378 20.868
 41    37.354 53663.59103642 21.14 112.276242  30.268666 12.812
 41    37.917 53663.59103707 20.18 112.275342  30.271956 12.812
 41    40.963 53663.59103771 19.61 112.274452  30.275236 12.812
 41    42.030 53663.59103836 18.95 112.273562  30.278526 12.812
 41    42.519 53663.59103900 19.67 112.272662  30.281816 12.812
 41    41.835 53663.59103965 23.42 112.271772  30.285096 12.812
 42    37.809 53698.59099276 21.80 112.288667  30.248110 24.768
 42    38.770 53698.59099341 22.51 112.287777  30.251400 24.768
 42    37.591 53698.59099405 22.33 112.286887  30.254680 24.768
 42    37.378 53698.59099470 24.54 112.285987  30.257970 24.768
 42    38.024 53698.59099534 21.53 112.285097  30.261250 24.768
 42    37.758 53698.59099599 22.61 112.284207  30.264540 24.768
 42    39.472 53698.59099663 22.04 112.283308  30.267828 18.235
 42    38.268 53698.59099728 24.52 112.282418  30.271118 18.235
 42    41.178 53698.59099792 22.02 112.281528  30.274398 18.235
 44    38.470 53768.59089796 27.90 112.288243  30.256691 14.925
 44    38.795 53768.59089860 25.67 112.287353  30.259981 14.925
 44    37.699 53768.59089925 24.12 112.286453  30.263271 14.925
 44    39.536 53768.59089989 24.84 112.285563  30.266551 14.925
 44    40.692 53768.59090054 23.61 112.284673  30.269841 14.925
 46    30.791 53838.59090842 27.69 112.284816  30.236175 21.070
 46    30.427 53838.59090906 26.45 112.283926  30.239465 21.070
 46    30.677 53838.59090971 25.58 112.283026  30.242745 21.070
 46    30.695 53838.59091035 26.69 112.282136  30.246035 21.070
 46    30.716 53838.59091100 27.85 112.281246  30.249315 21.070
 46    30.835 53838.59091164 27.42 112.280346  30.252605 21.070
 46    30.813 53838.59091229 29.21 112.279456  30.255895 21.070
 46    30.651 53838.59091293 31.06 112.278566  30.259175 21.070
 46    31.034 53838.59091357 29.78 112.277666  30.262465 21.070
 46    30.886 53838.59091422 30.04 112.276774  30.265752 13.903
 46    30.977 53838.59091486 31.27 112.275884  30.269042 13.903
 46    31.211 53838.59091551 29.43 112.274984  30.272322 13.903
 46    30.985 53838.59091615 29.09 112.274094  30.275612 13.903
 46    30.990 53838.59091680 27.34 112.273204  30.278892 13.903
 46    42.187 53838.59091744 25.68 112.272304  30.282182 13.903
 46    41.793 53838.59091809 27.62 112.271414  30.285472 13.903
 47    33.519 53873.59095791 29.08 112.287233  30.242605 25.351
 47    33.343 53873.59095855 29.45 112.286343  30.245885 25.351
 47    33.396 53873.59095920 27.63 112.285443  30.249175 25.351
 47    33.836 53873.59095984 26.02 112.284553  30.252455 25.351
 47    37.137 53873.59096049 24.41 112.283663  30.255745 25.351
 47    36.885 53873.59096113 24.49 112.282769  30.259033 10.834
 47    36.592 53873.59096177 25.29 112.281869  30.262323 10.834
 47    36.927 53873.59096242 23.33 112.280979  30.265603 10.834
 47    37.231 53873.59096306 21.57 112.280089  30.268893 10.834
 47    38.259 53873.59096371 20.71 112.279189  30.272183 10.834
 47    38.386 53873.59096435 22.05 112.278299  30.275463 10.834
 47    38.549 53873.59096500 22.93 112.277409  30.278753 10.834
 48    39.383 53908.59099962 20.14 112.283747  30.233567 19.602
 48    37.688 53908.59100027 18.56 112.282857  30.236857 19.602
 48    37.644 53908.59100091 18.82 112.281967  30.240147 19.602
 48    37.636 53908.59100156 17.95 112.281077  30.243427 19.602
 48    37.839 53908.59100220 17.38 112.280177  30.246717 19.602
 48    36.705 53908.59100285 18.91 112.279287  30.249997 19.602
 48    35.631 53908.59100349 23.51 112.278397  30.253287 19.602
 48    34.307 53908.59100414 27.17 112.277497  30.256577 19.602
 48    35.425 53908.59100478 26.94 112.276607  30.259857 19.602
 48    34.588 53908.59100543 26.96 112.275717  30.263147 19.602
 48    43.145 53908.59100607 22.10 112.274821  30.266435  9.646
 48    43.236 53908.59100672 21.53 112.273921  30.269725  9.646
 48    43.747 53908.59100736 20.89 112.273031  30.273005  9.646
 48    43.695 53908.59100801 20.75 112.272141  30.276295  9.646
 48    43.490 53908.59100865 21.14 112.271241  30.279585  9.646
 48    41.817 53908.59100929 21.96 112.270351  30.282865  9.646
 48    41.630 53908.59100994 25.23 112.269461  30.286155  9.646
 49    38.209 53943.59102274 23.94 112.282148  30.227971 13.630
 49    38.266 53943.59102338 20.57 112.281258  30.231261 13.630
 49    37.757 53943.59102403 20.25 112.280368  30.234551 13.630
 49    36.982 53943.59102467 20.17 112.279468  30.237831 13.630
 49    36.222 53943.59102532 23.51 112.278578  30.241121 13.630
 49    36.825 53943.59102596 24.63 112.277688  30.244411 13.630
 49    35.135 53943.59102661 28.58 112.276798  30.247691 13.630
 49    35.435 53943.59102725 25.78 112.275898  30.250981 13.630
 49    35.652 53943.59102789 24.31 112.275008  30.254261 13.630
 49    37.816 53943.59102854 20.32 112.274118  30.257551 13.630
 49    38.576 53943.59102918 22.40 112.273218  30.260841 13.630
 49    38.519 53943.59102983 21.48 112.272328  30.264121 13.630
 49    42.303 53943.59103047 19.50 112.271438  30.267411 13.630
 49    38.167 53943.59103112 22.45 112.270545  30.270700 13.327
 49    37.684 53943.59103176 24.09 112.269645  30.273990 13.327
 49    44.018 53943.59103241 19.58 112.268755  30.277270 13.327
 49    43.661 53943.59103305 19.12 112.267865  30.280560 13.327
 49    43.667 53943.59103370 19.49 112.266965  30.283850 13.327
 49    41.955 53943.59103434 21.40 112.266075  30.287130 13.327
 49    42.209 53943.59103499 21.78 112.265185  30.290420 13.327
 50    38.008 53978.59097576 20.47 112.288122  30.242829 16.295
 50    38.269 53978.59097640 18.40 112.287222  30.246109 16.295
 50    37.644 53978.59097705 19.20 112.286332  30.249399 16.295
 50    37.644 53978.59097769 20.06 112.285442  30.252689 16.295
 50    37.689 53978.59097834 20.86 112.284552  30.255969 16.295
 50    37.966 53978.59097898 21.15 112.283652  30.259259 16.295
 50    36.818 53978.59097963 22.43 112.282762  30.262549 16.295
 50    37.423 53978.59098027 21.40 112.281872  30.265829 16.295
 50    37.152 53978.59098092 21.28 112.280972  30.269119 16.295
 50    41.667 53978.59098156 18.41 112.280082  30.272399 16.295
 50    38.441 53978.59098221 20.43 112.279192  30.275689 16.295
 50    39.303 53978.59098285 21.97 112.278302  30.278978 16.348
 51    30.755 54013.59098647 35.71 112.285887  30.238502 25.926
 51    30.660 54013.59098712 31.83 112.284997  30.241792 25.926
 51    30.693 54013.59098776 32.32 112.284097  30.245072 25.926
 51    30.778 54013.59098841 31.59 112.283207  30.248362 25.926
 51    30.844 54013.59098905 27.31 112.282317  30.251642 25.926
 51    30.854 54013.59098970 26.20 112.281417  30.254932 25.926
 51    30.830 54013.59099034 25.94 112.280527  30.258222 25.926
 51    31.096 54013.59099099 29.55 112.279637  30.261502 25.926
 51    31.088 54013.59099163 38.13 112.278737  30.264792 25.926
 51    31.564 54013.59099228 34.81 112.277843  30.268079 16.826
 51    30.941 54013.59099292 31.09 112.276953  30.271369 16.826
 51    30.929 54013.59099357 30.31 112.276053  30.274649 16.826
 51    30.942 54013.59099421 30.57 112.275163  30.277939 16.826
 51    30.971 54013.59099486 31.34 112.274273  30.281229 16.826
 54    37.968 54118.59091927 32.26 112.288529  30.257099 21.107
 54    39.889 54118.59091991 27.91 112.287629  30.260389 21.107
 54    40.202 54118.59092056 25.42 112.286739  30.263679 21.107
 54    38.365 54118.59092120 22.84 112.285849  30.266959 21.107
 54    38.661 54118.59092184 25.18 112.284959  30.270249 21.107
 55    30.170 54153.59094121 22.72 112.287069  30.240129 17.985
 55    32.363 54153.59094186 22.83 112.286179  30.243419 17.985
 55    38.017 54153.59094250 21.06 112.285289  30.246709 17.985
 55    32.107 54153.59094315 20.99 112.284399  30.249989 17.985
 55    37.191 54153.59094379 21.74 112.283499  30.253279 17.985
 55    37.544 54153.59094443 21.33 112.282609  30.256559 17.985
 55    36.734 54153.59094508 23.15 112.281719  30.259849 17.985
 55    36.128 54153.59094572 25.74 112.280819  30.263139 17.985
 55    30.141 54153.59094637 25.87 112.279929  30.266419 17.985
 55    29.494 54153.59094701 26.55 112.279039  30.269709 17.985
 55    37.170 54153.59094766 24.36 112.278144  30.272998 13.907
 55    37.346 54153.59094830 24.33 112.277254  30.276288 13.907
 55    40.643 54153.59094895 24.29 112.276354  30.279568 13.907
 56    38.335 54188.59091331 23.16 112.288363  30.254243 17.732
 56    38.730 54188.59091395 24.44 112.287473  30.257533 17.732
 56    39.999 54188.59091460 23.44 112.286583  30.260823 17.732
 56    38.092 54188.59091524 23.96 112.285693  30.264103 17.732
 56    38.535 54188.59091589 21.82 112.284793  30.267393 17.732
 56    38.804 54188.59091653 26.10 112.283903  30.270683 17.732
 57    31.223 54223.59095081 24.93 112.286526  30.236935 20.821
 57    37.623 54223.59095145 23.17 112.285636  30.240215 20.821
 57    31.739 54223.59095210 22.47 112.284746  30.243505 20.821
 57    31.475 54223.59095274 25.52 112.283856  30.246791 12.433
 57    31.423 54223.59095338 26.42 112.282956  30.250081 12.433
 57    31.367 54223.59095403 27.19 112.282066  30.253361 12.433
 57    31.317 54223.59095467 28.66 112.281176  30.256651 12.433
 57    31.468 54223.59095532 29.21 112.280276  30.259941 12.433
 57    31.862 54223.59095596 31.50 112.279386  30.263221 12.433
 57    32.057 54223.59095661 30.38 112.278496  30.266511 12.433
 57    31.865 54223.59095725 25.53 112.277596  30.269801 12.433
 57    31.839 54223.59095790 24.30 112.276706  30.273081 12.433
 57    37.341 54223.59095854 22.98 112.275816  30.276371 12.433
 57    41.172 54223.59095919 20.76 112.274916  30.279651 12.433
 57    42.114 54223.59095983 23.93 112.274026  30.282941 12.433
 58    31.296 54258.59097366 29.34 112.287566  30.242710 34.610
 58    31.455 54258.59097430 30.12 112.286676  30.246000 34.610
 58    31.641 54258.59097495 30.14 112.285778  30.249290  9.577
 58    31.640 54258.59097559 30.68 112.284888  30.252580  9.577
 58    31.776 54258.59097624 29.00 112.283998  30.255860  9.577
 58    32.042 54258.59097688 28.72 112.283108  30.259150  9.577
 58    32.381 54258.59097753 29.04 112.282208  30.262430  9.577
 58    32.424 54258.59097817 27.42 112.281318  30.265720  9.577
 58    32.425 54258.59097882 26.50 112.280428  30.269010  9.577
 58    32.226 54258.59097946 25.92 112.279528  30.272290  9.577
 58    37.229 54258.59098011 26.18 112.278638  30.275580  9.577
 58    39.689 54258.59098075 25.02 112.277748  30.278870  9.577
 59    38.255 54293.59097672 22.18 112.287888  30.244895 30.239
 59    38.414 54293.59097736 22.58 112.286989  30.248184  9.478
 59    38.538 54293.59097801 22.84 112.286099  30.251474  9.478
 59    38.849 54293.59097865 23.60 112.285209  30.254754  9.478
 59    38.826 54293.59097930 24.09 112.284319  30.258044  9.478
 59    38.620 54293.59097994 24.41 112.283419  30.261334  9.478
 59    38.810 54293.59098059 24.70 112.282529  30.264614  9.478
 59    39.073 54293.59098123 24.64 112.281639  30.267904  9.478
 59    38.991 54293.59098188 27.07 112.280739  30.271184  9.478
 59    41.539 54293.59098252 25.10 112.279849  30.274474  9.478
 59    40.568 54293.59098316 26.32 112.278959  30.277764  9.478
 60    39.464 54328.59097264 20.80 112.288543  30.251589 11.661
 60    37.998 54328.59097329 24.47 112.287653  30.254869 11.661
 60    39.641 54328.59097393 23.39 112.286763  30.258159 11.661
 60    39.932 54328.59097458 21.57 112.285863  30.261449 11.661
 60    38.687 54328.59097522 23.13 112.284973  30.264729 11.661
 60    39.141 54328.59097587 21.57 112.284083  30.268019 11.661
 60    39.428 54328.59097651 24.52 112.283193  30.271309 11.661
 61    38.744 54363.59092089 32.30 112.288531  30.254986 17.148
 61    39.113 54363.59092154 29.03 112.287641  30.258266 17.148
 61    39.935 54363.59092218 26.57 112.286741  30.261556 17.148
 61    38.949 54363.59092283 27.59 112.285851  30.264846 17.148
 61    38.857 54363.59092347 31.30 112.284961  30.268126 17.148
 61    39.214 54363.59092412 31.68 112.284071  30.271416 17.148
 62    31.839 54398.59091138 29.02 112.288483  30.244403 26.157
 62    31.885 54398.59091202 27.70 112.287583  30.247693 26.157
 62    32.064 54398.59091267 27.99 112.286693  30.250983 26.157
 62    32.402 54398.59091331 27.20 112.285803  30.254263 26.157
 62    37.072 54398.59091396 25.73 112.284911  30.257551 12.630
 62    36.463 54398.59091460 26.01 112.284011  30.260841 12.630
 62    36.567 54398.59091524 25.90 112.283121  30.264121 12.630
 62    33.101 54398.59091589 26.94 112.282231  30.267411 12.630
 62    33.261 54398.59091653 25.89 112.281331  30.270701 12.630
 62    33.248 54398.59091718 25.99 112.280441  30.273981 12.630
 62    37.617 54398.59091782 25.23 112.279551  30.277271 12.630
 63    37.717 54433.59087140 27.80 112.288510  30.256022 28.361
 63    38.872 54433.59087204 28.96 112.287617  30.259310 16.293
 63    39.872 54433.59087269 24.70 112.286727  30.262600 16.293
 63    37.855 54433.59087333 24.02 112.285837  30.265880 16.293
 63    38.880 54433.59087398 22.13 112.284937  30.269170 16.293
 64    29.558 54468.59089373 24.33 112.288110  30.242712 27.843
 64    36.695 54468.59089438 22.06 112.287220  30.246002 27.843
 64    36.056 54468.59089502 22.93 112.286330  30.249282 27.843
 64    29.407 54468.59089567 27.34 112.285440  30.252572 27.843
 64    36.734 54468.59089631 25.04 112.284545  30.255860 13.067
 64    36.741 54468.59089695 26.74 112.283645  30.259150 13.067
 64    29.314 54468.59089760 29.22 112.282755  30.262430 13.067
 64    36.186 54468.59089824 27.04 112.281865  30.265720 13.067
 64    29.271 54468.59089889 28.01 112.280965  30.269010 13.067
 64    29.283 54468.59089953 28.58 112.280075  30.272290 13.067
 64    29.521 54468.59090018 27.96 112.279185  30.275580 13.067
 64    38.180 54468.59090082 27.37 112.278285  30.278860 13.067
 66    29.473 54538.59090992 30.30 112.288486  30.247181 23.605
 66    29.569 54538.59091056 28.75 112.287596  30.250471 23.605
 66    29.484 54538.59091121 29.74 112.286706  30.253761 23.605
 66    37.155 54538.59091185 27.17 112.285816  30.257041 23.605
 66    37.046 54538.59091250 26.30 112.284916  30.260331 23.605
 66    36.749 54538.59091314 26.82 112.284026  30.263611 23.605
 66    29.657 54538.59091379 27.82 112.283136  30.266901 23.605
 66    38.607 54538.59091443 26.49 112.282236  30.270191 23.605
 66    41.424 54538.59091508 27.33 112.281346  30.273471 23.605
 66    40.909 54538.59091572 26.53 112.280456  30.276761 23.605
 67    37.732 54573.59088785 26.98 112.288589  30.255009 18.576
 67    39.404 54573.59088849 26.39 112.287689  30.258289 18.576
 67    40.212 54573.59088914 23.52 112.286799  30.261579 18.576
 67    38.335 54573.59088978 23.58 112.285909  30.264869 18.576
 67    40.675 54573.59089043 21.77 112.285019  30.268149 18.576
 67    41.094 54573.59089107 30.22 112.284119  30.271439 18.576
 68    32.526 54608.59090230 33.54 112.287831  30.241773 17.070
 68    32.442 54608.59090294 25.06 112.286941  30.245063 17.070
 68    35.904 54608.59090359 21.34 112.286041  30.248343 17.070
 68    34.923 54608.59090423 21.96 112.285151  30.251633 17.070
 68    37.269 54608.59090488 20.34 112.284261  30.254923 17.070
 68    37.073 54608.59090552 21.29 112.283361  30.258203 17.070
 68    36.853 54608.59090617 21.74 112.282471  30.261493 17.070
 68    37.833 54608.59090681 20.85 112.281581  30.264783 17.070
 68    38.332 54608.59090746 19.24 112.280681  30.268063 17.070
 68    38.913 54608.59090810 18.02 112.279791  30.271353 17.070
 68    40.628 54608.59090874 18.78 112.278901  30.274633 17.070
 68    40.975 54608.59090939 20.27 112.278001  30.277923 17.070
 69    34.963 54643.59091075 28.35 112.287496  30.244411 16.407
 69    35.008 54643.59091139 28.18 112.286606  30.247701 16.407
 69    35.003 54643.59091204 29.17 112.285706  30.250981 16.407
 69    34.930 54643.59091268 29.39 112.284816  30.254271 16.407
 69    34.948 54643.59091333 32.65 112.283926  30.257561 16.407
 69    35.231 54643.59091397 29.45 112.283036  30.260841 16.407
 69    36.598 54643.59091462 26.19 112.282136  30.264131 16.407
 69    35.226 54643.59091526 25.68 112.281246  30.267411 16.407
 69    35.259 54643.59091591 25.52 112.280356  30.270701 16.407
 69    35.388 54643.59091655 24.62 112.279456  30.273991 16.407
 69    37.461 54643.59091719 24.79 112.278566  30.277271 16.407
 70    36.066 54678.59091208 23.31 112.287051  30.241935 13.575
 70    36.119 54678.59091272 25.19 112.286161  30.245225 13.575
 70    36.275 54678.59091337 23.49 112.285271  30.248515 13.575
 70    36.400 54678.59091401 23.64 112.284371  30.251795 13.575
 70    37.125 54678.59091466 23.75 112.283481  30.255085 13.575
 70    37.165 54678.59091530 23.32 112.282591  30.258375 13.575
 70    36.967 54678.59091595 24.03 112.281701  30.261655 13.575
 70    36.972 54678.59091659 25.10 112.280801  30.264945 13.575
 70    38.559 54678.59091724 23.04 112.279911  30.268225 13.575
 70    38.706 54678.59091788 23.16 112.279021  30.271515 13.575
 70    41.382 54678.59091852 22.87 112.278121  30.274805 13.575
 70    41.467 54678.59091917 21.74 112.277231  30.278085 13.575
 70    41.671 54678.59091981 22.23 112.276341  30.281375 13.575
 71    39.569 54713.59086798 30.06 112.288581  30.259414 18.399
 71    38.620 54713.59086862 27.22 112.287691  30.262704 18.399
 71    38.756 54713.59086927 27.63 112.286801  30.265994 18.399
 72    34.662 54748.59088074 30.23 112.287134  30.238210 21.085
 72    34.231 54748.59088139 30.80 112.286244  30.241490 21.085
 72    34.576 54748.59088203 29.75 112.285344  30.244780 21.085
 72    34.817 54748.59088268 28.06 112.284454  30.248060 21.085
 72    34.976 54748.59088332 26.62 112.283564  30.251350 21.085
 72    34.985 54748.59088397 26.82 112.282671  30.254639  7.467
 72    36.995 54748.59088461 22.86 112.281771  30.257929  7.467
 72    43.281 54748.59088525 22.20 112.280881  30.261209  7.467
 72    43.436 54748.59088590 21.96 112.279991  30.264499  7.467
 72    43.603 54748.59088654 22.17 112.279091  30.267779  7.467
 72    44.848 54748.59088719 22.47 112.278201  30.271069  7.467
 72    43.010 54748.59088783 22.04 112.277311  30.274359  7.467
 72    43.707 54748.59088848 22.25 112.276411  30.277639  7.467
 72    42.470 54748.59088912 22.19 112.275521  30.280929  7.467
 73    37.977 54783.59085312 23.56 112.288382  30.250459 15.427
 73    38.219 54783.59085376 22.77 112.287482  30.253739 15.427
 73    37.742 54783.59085441 23.33 112.286592  30.257029 15.427
 73    37.528 54783.59085505 23.30 112.285702  30.260319 15.427
 73    37.281 54783.59085569 23.61 112.284812  30.263599 15.427
 73    38.444 54783.59085634 20.45 112.283912  30.266889 15.427
 73    40.915 54783.59085698 21.72 112.283022  30.270169 15.427
 73    41.527 54783.59085763 23.31 112.282132  30.273459 15.427
 74    29.590 54818.59087354 43.46 112.287656  30.240111 27.441
 74    29.650 54818.59087419 43.01 112.286766  30.243401 27.441
 74    29.586 54818.59087483 35.39 112.285876  30.246691 27.441
 74    29.774 54818.59087548 33.01 112.284976  30.249971 27.441
 74    29.857 54818.59087612 33.15 112.284086  30.253261 27.441
 74    29.783 54818.59087677 31.60 112.283196  30.256551 27.441
 74    29.777 54818.59087741 38.62 112.282296  30.259831 27.441
 74    29.862 54818.59087806 40.00 112.281406  30.263121 27.441
 74    29.659 54818.59087870 37.20 112.280516  30.266401 27.441
 74    29.625 54818.59087935 33.50 112.279616  30.269691 27.441
 74    29.574 54818.59087999 33.01 112.278726  30.272981 27.441
 74    29.590 54818.59088064 30.30 112.277836  30.276261 27.441
 74    29.604 54818.59088128 30.35 112.276936  30.279551 27.441
 75    37.562 54853.59085026 22.36 112.288765  30.249042 17.473
 75    37.360 54853.59085091 24.98 112.287875  30.252332 17.473
 75    37.355 54853.59085155 27.24 112.286975  30.255612 17.473
 75    37.404 54853.59085220 25.50 112.286085  30.258902 17.473
 75    37.472 54853.59085284 23.43 112.285195  30.262192 17.473
 75    38.328 54853.59085349 21.99 112.284305  30.265472 17.473
 75    38.689 54853.59085413 21.44 112.283405  30.268762 17.473
 75    38.826 54853.59085478 23.91 112.282515  30.272052 17.473
 75    38.532 54853.59085542 24.69 112.281625  30.275332 17.473
 76    33.797 54888.59087836 21.27 112.286709  30.241629 12.922
 76    37.421 54888.59087901 21.32 112.285819  30.244919 12.922
 76    39.412 54888.59087965 20.05 112.284919  30.248199 12.922
 76    37.235 54888.59088030 21.01 112.284029  30.251489 12.922
 76    39.615 54888.59088094 21.15 112.283139  30.254779 12.922
 76    43.275 54888.59088159 21.49 112.282249  30.258059 12.922
 76    39.843 54888.59088223 22.13 112.281349  30.261349 12.922
 76    43.184 54888.59088287 21.29 112.280459  30.264629 12.922
 76    43.637 54888.59088352 21.60 112.279569  30.267919 12.922
 76    44.016 54888.59088416 22.40 112.278669  30.271209 12.922
 76    41.498 54888.59088481 23.19 112.277779  30.274489 12.922
 76    41.570 54888.59088545 23.75 112.276889  30.277779 12.922
 76    41.464 54888.59088610 27.05 112.275993  30.281066 11.128
 77    36.973 54923.59085032 24.38 112.288139  30.251100 17.353
 77    29.842 54923.59085097 28.61 112.287249  30.254390 17.353
 77    37.463 54923.59085161 25.41 112.286349  30.257670 17.353
 77    37.115 54923.59085226 25.55 112.285459  30.260960 17.353
 77    37.193 54923.59085290 26.07 112.284569  30.264250 17.353
 77    29.655 54923.59085355 27.64 112.283679  30.267530 17.353
 77    38.901 54923.59085419 26.85 112.282779  30.270820 17.353
 77    38.647 54923.59085483 27.10 112.281889  30.274100 17.353
 78    33.299 54958.59087544 29.57 112.286174  30.238540 13.088
 78    33.367 54958.59087609 30.25 112.285284  30.241830 13.088
 78    33.633 54958.59087673 28.43 112.284384  30.245110 13.088
 78    33.736 54958.59087738 32.93 112.283494  30.248400 13.088
 78    33.857 54958.59087802 27.96 112.282604  30.251690 13.088
 78    33.870 54958.59087867 25.38 112.281704  30.254970 13.088
 78    36.448 54958.59087931 24.74 112.280814  30.258260 13.088
 78    33.986 54958.59087996 25.22 112.279924  30.261540 13.088
 78    36.098 54958.59088060 22.50 112.279034  30.264830 13.088
 78    34.155 54958.59088125 22.64 112.278134  30.268120 13.088
 78    34.815 54958.59088189 21.64 112.277244  30.271400 13.088
 78    40.746 54958.59088254 21.42 112.276354  30.274690 13.088
 78    39.903 54958.59088318 20.59 112.275455  30.277978 15.232
 78    42.215 54958.59088383 20.25 112.274565  30.281268 15.232
 79    33.471 54993.59089737 30.42 112.286794  30.237034 13.616
 79    33.455 54993.59089801 32.62 112.285904  30.240324 13.616
 79    33.558 54993.59089866 32.73 112.285014  30.243614 13.616
 79    33.996 54993.59089930 32.31 112.284114  30.246894 13.616
 79    34.210 54993.59089995 31.38 112.283224  30.250184 13.616
 79    34.130 54993.59090059 28.03 112.282334  30.253474 13.616
 79    33.960 54993.59090124 25.95 112.281444  30.256754 13.616
 79    34.322 54993.59090188 25.00 112.280544  30.260044 13.616
 79    36.004 54993.59090253 23.52 112.279654  30.263334 13.616
 79    34.165 54993.59090317 24.29 112.278764  30.266614 13.616
 79    34.605 54993.59090382 23.38 112.277864  30.269904 13.616
 79    34.709 54993.59090446 23.93 112.276974  30.273184 13.616
 79    37.811 54993.59090510 22.96 112.276084  30.276474 13.616
 79    39.464 54993.59090575 22.62 112.275188  30.279763 15.169
 79    42.632 54993.59090639 23.45 112.274298  30.283043 15.169
 80    37.625 55028.59088897 19.31 112.287931  30.245963 17.074
 80    37.682 55028.59088961 19.65 112.287031  30.249243 17.074
 80    38.456 55028.59089026 18.22 112.286141  30.252533 17.074
 80    37.769 55028.59089090 22.58 112.285251  30.255823 17.074
 80    38.712 55028.59089155 20.81 112.284351  30.259103 17.074
 80    37.776 55028.59089219 21.40 112.283461  30.262393 17.074
 80    38.090 55028.59089284 21.04 112.282571  30.265673 17.074
 80    39.112 55028.59089348 19.71 112.281681  30.268963 17.074
 80    38.530 55028.59089413 20.12 112.280781  30.272253 17.074
 80    41.719 55028.59089477 18.82 112.279891  30.275533 17.074
 80    41.177 55028.59089542 19.67 112.279001  30.278823 17.074
 81    37.633 55063.59088106 22.72 112.288266  30.245657 16.468
 81    37.810 55063.59088171 23.77 112.287376  30.248947 16.468
 81    38.039 55063.59088235 23.20 112.286476  30.252227 16.468
 81    38.193 55063.59088300 25.30 112.285586  30.255517 16.468
 81    37.996 55063.59088364 25.75 112.284696  30.258807 16.468
 81    38.110 55063.59088429 25.15 112.283806  30.262087 16.468
 81    38.059 55063.59088493 24.97 112.282906  30.265377 16.468
 81    38.222 55063.59088558 25.22 112.282016  30.268657 16.468
 81    38.504 55063.59088622 24.39 112.281126  30.271947 16.468
 81    40.967 55063.59088687 23.74 112.280226  30.275237 16.468
 81    38.528 55063.59088751 31.41 112.279336  30.278517 16.468
 82    39.862 55098.59082774 22.79 112.288927  30.250941 15.460
 82    38.039 55098.59082839 23.61 112.288037  30.254231 15.460
 82    37.771 55098.59082903 24.00 112.287147  30.257521 15.460
 82    37.292 55098.59082968 23.15 112.286247  30.260801 15.460
 82    37.404 55098.59083032 23.47 112.285357  30.264091 15.460
 82    40.236 55098.59083097 20.56 112.284467  30.267381 15.460
 82    40.438 55098.59083161 21.76 112.283577  30.270661 15.460
 83    31.766 55133.59082350 27.09 112.287484  30.239383 16.455
 83    31.518 55133.59082415 24.64 112.286594  30.242673 16.455
 83    31.308 55133.59082479 25.38 112.285704  30.245963 16.455
 83    31.407 55133.59082544 26.35 112.284804  30.249243 16.455
 83    31.606 55133.59082608 26.17 112.283914  30.252533 16.455
 83    31.796 55133.59082673 25.98 112.283024  30.255823 16.455
 83    31.987 55133.59082737 26.56 112.282124  30.259103 16.455
 83    31.995 55133.59082801 26.57 112.281234  30.262393 16.455
 83    31.913 55133.59082866 26.62 112.280344  30.265673 16.455
 83    31.985 55133.59082930 24.85 112.279444  30.268963 16.455
 83    31.984 55133.59082995 24.31 112.278554  30.272253 16.455
 83    32.057 55133.59083059 24.51 112.277664  30.275533 16.455
 83    39.202 55133.59083124 23.44 112.276764  30.278823 16.455
 84    38.166 55168.59079108 25.47 112.288569  30.253559 15.629
 84    37.865 55168.59079172 26.05 112.287679  30.256849 15.629
 84    37.308 55168.59079237 25.09 112.286789  30.260129 15.629
 84    38.254 55168.59079301 23.74 112.285889  30.263419 15.629
 84    38.795 55168.59079366 22.08 112.284999  30.266699 15.629
 84    40.950 55168.59079430 22.95 112.284109  30.269989 15.629
 85    30.158 55203.59081640 24.32 112.287300  30.238903 17.130
 85    31.660 55203.59081704 21.18 112.286410  30.242193 17.130
 85    36.422 55203.59081769 18.04 112.285520  30.245483 17.130
 85    36.228 55203.59081833 18.56 112.284620  30.248763 17.130
 85    30.495 55203.59081898 24.36 112.283730  30.252053 17.130
 85    36.460 55203.59081962 23.54 112.282840  30.255343 17.130
 85    36.840 55203.59082027 22.79 112.281940  30.258623 17.130
 85    36.336 55203.59082091 24.44 112.281050  30.261913 17.130
 85    36.465 55203.59082156 24.03 112.280160  30.265193 17.130
 85    29.477 55203.59082220 27.96 112.279260  30.268483 17.130
 85    29.916 55203.59082285 26.45 112.278370  30.271773 17.130
 85    40.582 55203.59082349 24.14 112.277480  30.275053 17.130
 85    39.014 55203.59082414 22.71 112.276580  30.278343 17.130
 85    42.445 55203.59082478 22.43 112.275690  30.281630 17.102
 86    37.291 55238.59079715 21.19 112.288894  30.246872 13.393
 86    37.678 55238.59079779 20.43 112.288004  30.250162 13.393
 86    37.260 55238.59079844 23.38 112.287114  30.253452 13.393
 86    37.965 55238.59079908 22.13 112.286214  30.256732 13.393
 86    37.388 55238.59079973 23.56 112.285324  30.260022 13.393
 86    37.918 55238.59080037 21.60 112.284434  30.263312 13.393
 86    38.322 55238.59080101 21.48 112.283544  30.266592 13.393
 86    38.826 55238.59080166 19.90 112.282644  30.269882 13.393
 86    39.071 55238.59080230 21.24 112.281754  30.273162 13.393
 86    40.632 55238.59080295 20.81 112.280864  30.276452 13.393
 87    29.099 55273.59081074 30.69 112.288130  30.243355 24.176
 87    29.074 55273.59081139 27.25 112.287240  30.246645 24.176
 87    30.999 55273.59081203 26.49 112.286340  30.249925 24.176
 87    29.032 55273.59081267 29.73 112.285450  30.253215 24.176
 87    29.226 55273.59081332 35.95 112.284560  30.256505 24.176
 87    29.301 55273.59081396 40.13 112.283670  30.259785 24.176
 87    29.869 55273.59081461 35.33 112.282770  30.263075 24.176
 87    29.123 55273.59081525 30.96 112.281880  30.266355 24.176
 87    29.040 55273.59081590 30.89 112.280990  30.269645 24.176
 87    29.116 55273.59081654 31.22 112.280090  30.272935 24.176
 87    29.245 55273.59081719 30.77 112.279200  30.276215 24.176
 87    38.367 55273.59081783 30.37 112.278310  30.279505 24.176
 88    37.751 55308.59078248 29.68 112.288122  30.257353 16.836
 88    39.064 55308.59078313 26.03 112.287232  30.260643 16.836
 88    38.909 55308.59078377 26.14 112.286332  30.263923 16.836
 88    40.608 55308.59078442 25.43 112.285442  30.267213 16.836
 88    39.911 55308.59078506 30.16 112.284552  30.270503 16.836
 89    34.398 55343.59078025 24.11 112.288353  30.245244 13.336
 89    37.477 55343.59078089 23.16 112.287463  30.248534 13.336
 89    43.945 55343.59078154 22.53 112.286573  30.251824 13.336
 89    43.803 55343.59078218 22.11 112.285673  30.255104 13.336
 89    43.707 55343.59078283 22.39 112.284783  30.258394 13.336
 89    43.386 55343.59078347 22.83 112.283893  30.261684 13.336
 89    43.650 55343.59078412 22.03 112.282993  30.264964 13.336
 89    43.792 55343.59078476 21.76 112.282103  30.268254 13.336
 89    44.296 55343.59078541 22.16 112.281213  30.271544 13.336
 89    42.062 55343.59078605 24.75 112.280313  30.274824 13.336
 89    40.151 55343.59078669 30.01 112.279423  30.278114 13.336
 90    38.254 55378.59077487 17.11 112.288626  30.247523 14.160
 90    38.524 55378.59077551 19.47 112.287726  30.250803 14.160
 90    38.542 55378.59077616 20.60 112.286836  30.254093 14.160
 90    39.028 55378.59077680 21.51 112.285946  30.257383 14.160
 90    37.852 55378.59077745 21.53 112.285056  30.260663 14.160
 90    37.452 55378.59077809 21.87 112.284156  30.263953 14.160
 90    37.888 55378.59077873 21.31 112.283266  30.267233 14.160
 90    40.826 55378.59077938 18.53 112.282376  30.270523 14.160
 90    41.419 55378.59078002 17.39 112.281476  30.273813 14.160
 91    38.471 55413.59079830 23.24 112.287763  30.239645 15.798
 91    38.069 55413.59079894 24.27 112.286873  30.242935 15.798
 91    38.403 55413.59079959 22.17 112.285973  30.246215 15.798
 91    38.617 55413.59080023 22.51 112.285083  30.249505 15.798
 91    38.597 55413.59080088 21.93 112.284193  30.252795 15.798
 91    38.393 55413.59080152 24.90 112.283293  30.256075 15.798
 91    38.539 55413.59080217 23.86 112.282403  30.259365 15.798
 91    38.680 55413.59080281 23.87 112.281513  30.262645 15.798
 91    38.586 55413.59080346 24.06 112.280613  30.265935 15.798
 91    38.723 55413.59080410 25.34 112.279723  30.269225 15.798
 91    38.662 55413.59080475 26.02 112.278833  30.272505 15.798
 91    38.758 55413.59080539 27.28 112.277933  30.275795 15.798
 91    38.819 55413.59080604 30.06 112.277044  30.279082 15.881
 92    37.865 55448.59078862 18.59 112.288908  30.247747 16.017
 92    37.844 55448.59078927 21.02 112.288018  30.251037 16.017
 92    37.979 55448.59078991 22.96 112.287128  30.254327 16.017
 92    37.618 55448.59079056 23.95 112.286228  30.257607 16.017
 92    38.357 55448.59079120 22.91 112.285338  30.260897 16.017
 92    38.093 55448.59079185 23.48 112.284448  30.264187 16.017
 92    38.248 55448.59079249 22.97 112.283548  30.267467 16.017
 92    41.277 55448.59079314 21.96 112.282658  30.270757 16.017
 92    41.677 55448.59079378 23.50 112.281768  30.274037 16.017
