# NaN NaN NaN ;Mean Elev.(m), Avg Gradient(m/km), RMS Gradient(m/km) - SRTM1     
#   40.502   0.506   2.461 ;Mean Elev.(m), Avg Gradient(m/km), RMS Gradient(m/km) - ASTER GDEM
#   31.254   0.243   0.925 ;Mean Elev.(m), Avg Gradient(m/km), RMS Gradient(m/km) - GMTED2010 
  7 112.277958  30.260480    38.904    39.117 16 52473.59095601 17.606
  8 112.284085  30.264347    38.329    38.333  8 52508.59092436 26.423
  9 112.285477  30.262433    38.391    38.428  8 52543.59091365 23.657
 10 112.278154  30.260553    35.777    36.339 16 52578.59095968 24.555
 11 112.281664  30.260151    37.085    37.053 13 52613.59092516 22.710
 12 112.283337  30.260717    36.303    37.433 12 52648.59090704 24.126
 16 112.277332  30.259479    33.550    33.205 17 52788.59091150 43.054
 17 112.280540  30.259588    38.372    38.197 14 52823.59098249 21.843
 18 112.283314  30.260199    38.018    37.562 12 52858.59102898 22.733
 19 112.279691  30.259201    39.314    38.982 15 52893.59106034 22.847
 20 112.283215  30.260964    37.995    38.193 12 52928.59101109 22.546
 21 112.284076  30.261115    37.067    37.228 10 52963.59099169 24.318
 22 112.277739  30.259518    30.305    30.146 16 52998.59102920 29.874
 23 112.283244  30.261240    30.640    28.982 12 53033.59098331 32.442
 24 112.283473  30.259801    37.796    37.498 12 53068.59099733 21.235
 25 112.283125  30.261515    37.537    37.234 11 53103.59098518 22.543
 26 112.283215  30.261688    38.028    37.798 11 53138.59100231 24.258
 27 112.280327  30.259253    37.748    37.506 15 53173.59104332 24.986
 28 112.280683  30.261356    38.201    38.020 14 53208.59105973 23.982
 29 112.285433  30.263565    38.455    38.281  7 53243.59102756 25.087
 30 112.278171  30.259514    40.468    40.529 17 53278.59100436 21.722
 31 112.280356  30.259583    34.488    33.275 15 53313.59103173 37.148
 32 112.285503  30.262060    36.130    37.064  8 53348.59099774 28.021
 33 112.279779  30.259838    31.915    30.012 15 53383.59096808 34.020
 35 112.280428  30.260233    32.852    33.650 14 53453.59098149 34.048
 36 112.274222  30.259291    36.088    35.379 19 53488.59106680 29.738
 37 112.285051  30.261045    37.899    37.974  9 53523.59105529 23.222
 38 112.276200  30.259391    37.725    37.679 18 53558.59108127 21.883
 40 112.272036  30.258809    38.514    38.075 21 53628.59101033 23.274
 41 112.278471  30.260450    37.498    36.676 16 53663.59103481 24.570
 42 112.285097  30.261254    38.472    38.024  9 53698.59099534 22.793
 44 112.286458  30.263266    39.038    39.166  5 53768.59089925 25.510
 46 112.278115  30.260822    32.229    30.876 16 53838.59091325 28.606
 47 112.282320  30.260676    36.172    36.196 12 53873.59096145 25.641
 48 112.276607  30.259861    39.271    39.379 17 53908.59100478 22.945
 49 112.273667  30.259197    38.953    38.556 20 53943.59102886 22.955
 50 112.283209  30.260902    38.169    37.993 12 53978.59097931 20.675
 51 112.280079  30.259863    30.925    30.863 14 54013.59099067 32.524
 54 112.286740  30.263678    39.017    39.595  5 54118.59092056 28.022
 55 112.281716  30.259849    35.004    35.040 13 54153.59094508 23.843
 56 112.286134  30.262463    38.749    38.570  6 54188.59091492 24.020
 57 112.280278  30.259937    33.726    31.814 15 54223.59095532 26.859
 58 112.282657  30.260790    33.019    32.180 12 54258.59097721 28.529
 59 112.283422  30.261331    39.135    38.962 11 54293.59097994 24.566
 60 112.285867  30.261446    39.184    39.446  7 54328.59097458 22.992
 61 112.286300  30.263200    39.135    38.979  6 54363.59092251 30.244
 62 112.284014  30.260838    34.138    32.780 11 54398.59091460 26.842
 63 112.286724  30.262596    38.639    38.299  5 54433.59087269 26.233
 64 112.283201  30.260790    33.079    33.108 12 54468.59089728 26.863
 66 112.284472  30.261972    35.007    35.345 10 54538.59091282 27.947
 67 112.286354  30.263223    39.575    40.038  6 54573.59088946 26.351
 68 112.282917  30.259849    36.973    36.751 12 54608.59090584 24.909
 69 112.283032  30.260843    35.456    35.197 11 54643.59091397 28.332
 70 112.281697  30.261657    38.067    37.745 13 54678.59091595 23.553
 71 112.287691  30.262704    38.982    38.756  3 54713.59086862 28.493
 72 112.281328  30.259568    39.257    38.793 14 54748.59088493 26.414
 73 112.285255  30.261958    38.704    38.305  8 54783.59085537 22.869
 74 112.282299  30.259833    29.687    29.646 13 54818.59087741 37.895
 75 112.285194  30.262189    37.948    38.086  9 54853.59085284 24.313
 76 112.281352  30.261347    40.459    39.843 13 54888.59088223 22.547
 77 112.285014  30.262603    35.724    37.303  8 54923.59085258 26.638
 78 112.280369  30.259902    35.723    35.482 14 54958.59087963 27.047
 79 112.280547  30.260042    35.366    35.188 15 54993.59090188 28.568
 80 112.283463  30.262391    38.786    38.636 11 55028.59089219 20.290
 81 112.283802  30.262089    38.369    38.111 11 55063.59088429 25.837
 82 112.286251  30.260804    38.720    38.995  7 55098.59082968 22.896
 83 112.282127  30.259105    32.348    31.809 13 55133.59082737 25.704
 84 112.286339  30.261774    38.556    38.330  6 55168.59079269 24.454
 85 112.281496  30.260268    35.178    35.944 14 55203.59082059 23.910
 86 112.284879  30.261664    38.235    38.278 10 55238.59080005 21.721
 87 112.283219  30.261430    30.124    29.179 12 55273.59081429 33.493
 88 112.286336  30.263927    39.248    38.972  5 55308.59078377 27.962
 89 112.283889  30.261681    41.879    43.677 11 55343.59078347 24.279
 90 112.285052  30.260665    38.865    39.285  9 55378.59077745 20.252
 91 112.282403  30.259363    38.563    38.561 13 55413.59080217 25.214
 92 112.285338  30.260897    38.773    38.158  9 55448.59079120 22.612
