-251824.263   938.222     0.00   97.68
-251447.310   902.351   -95.14  109.05
-251070.341   860.042  -112.21   92.38
-250693.355   809.805  -133.23   73.36
-250316.354   757.968  -137.47   65.76
-249939.335   720.608   -99.07   69.94
-249564.122   708.647   -31.87   80.04
-249190.326   707.973    -1.80   84.34
-248816.515   702.991   -13.33   86.81
-248442.687   690.921   -32.28   78.27
-248068.842   681.518   -25.15   66.11
-247694.982   665.488   -42.87   53.14
-247321.106   636.390   -77.81   49.70
-246947.213   594.329  -112.47   68.14
-246573.305   548.805  -121.73   67.36
-246199.380   506.177  -113.98   60.38
-245825.439   477.619   -76.35   41.61
-245451.482   494.193    44.31   55.79
-245077.509   539.124   120.12   86.94
-244703.520   620.159   216.63  123.26
-244329.514   726.875   285.27  150.39
-243955.492   850.442   330.31  157.81
-243581.455   990.526   374.44  170.28
-243207.401  1107.101   311.59  154.99
-242833.330  1176.877   186.49  118.23
-242459.244  1194.306    46.58   86.86
-242085.141  1138.701  -148.60  143.45
-241711.023  1025.526  -302.45  195.11
-241336.888   886.556  -371.37  199.54
-240962.737   767.566  -317.96  157.95
-240588.569   661.215  -284.17   95.45
-240214.386   603.299  -154.75   64.52
-239840.186   572.579   -82.08   46.83
-239465.970   554.549   -48.17   41.90
-239091.738   545.761   -23.48   42.34
-238717.490   538.828   -18.52   44.78
-238343.225   529.751   -24.25   53.82
-237968.945   507.329   -59.90   51.93
-237594.648   490.351   -45.35   45.00
-237220.334   480.329   -26.77   42.96
-236846.005   470.107   -27.30   45.15
-236471.659   493.224    61.74   63.66
-236097.297   548.921   148.75   84.29
-235722.919   596.364   126.70   64.94
-235348.524   625.283    77.23   59.23
-234974.114   639.501    37.97   67.55
-234599.687   644.256    12.70   70.67
-234225.244   665.692    57.24   67.95
-233850.784   687.875    59.23   68.91
-233476.308   716.988    77.73   74.81
-233101.816   736.351    51.70   69.38
-232727.308   739.783     9.16   56.15
-232352.783   716.947   -60.96   61.01
-231978.242   681.851   -93.68   70.32
-231603.685   623.232  -156.47   77.81
-231229.112   559.583  -169.89   89.08
-230854.522   522.965   -97.74   73.87
-230479.916   504.730   -48.67   81.73
-230105.293   515.224    28.01   84.63
-229730.655   542.224    72.06   81.95
-229355.999   567.758    68.14   75.62
-228981.328   570.304     6.79   63.66
-228606.640   562.399   -21.09   69.23
-228231.936   531.968   -81.20   67.76
-227857.216   510.681   -56.80   54.67
-227482.479   512.991     6.16   67.11
-227107.726   519.806    18.18   84.29
-226732.957   517.923    -5.02  104.83
-226358.171   531.758    36.91  146.91
-225983.369   504.107   -73.76  143.26
-225608.551   489.107   -40.01  131.93
-225233.716   476.804   -32.82  116.12
-224858.865   495.665    50.31  122.44
-224483.997   514.038    49.00  130.65
-224109.113   506.386   -20.41  120.26
-223734.213   493.503   -34.36  105.48
-223359.297   457.232   -96.72   87.59
-222984.364   415.215  -112.04   59.01
-222609.414   393.596   -57.65   37.06
-222234.448   393.038    -1.49   36.74
-221859.466   418.238    67.19   61.67
-221484.467   461.410   115.10   93.68
-221109.452   536.090   199.10  128.82
-220734.421   619.637   222.73  141.27
-220359.373   701.399   217.96  132.82
-219984.309   778.696   206.05  117.81
-219609.228   827.131   129.11   86.97
-219234.131   852.306    67.10   75.83
-218859.018   848.596    -9.89   88.60
-218483.888   833.898   -39.17  112.74
-218108.741   794.351  -105.40  140.10
-217733.579   733.875  -161.17  142.14
-217358.399   681.061  -140.74  134.23
-216983.204   634.306  -124.59   88.65
-216607.991   612.147   -59.05   57.70
-216232.763   619.038    18.36   64.51
-215857.518   638.732    52.48   87.89
-215482.256   691.224   139.85  140.35
-215106.978   737.782   124.04  155.87
-214731.684   787.200   131.66  156.40
-214356.373   833.991   124.65  141.03
-213981.045   882.735   129.85  112.73
-213605.701   918.828    96.14   81.18
-213230.341   943.828    66.59   47.62
-212854.964   960.061    43.24   48.34
-212479.570   964.238    11.13   44.32
-212104.160   964.897     1.76   37.27
-211728.734   958.945   -15.85   35.61
-211353.291   959.805     2.29   33.34
-210977.832   974.061    37.96   39.57
-210602.356  1000.304    69.88   39.19
-210226.863  1015.107    39.42   32.66
-209851.354   999.124   -42.56   54.21
-209475.829   956.224  -114.22   95.48
-209100.287   883.963  -192.38  122.62
-208724.728   792.778  -242.75  125.11
-208349.153   706.971  -228.43   92.28
-207973.561   644.488  -166.33   54.93
-207597.953   606.670  -100.67   46.73
-207222.328   571.556   -93.46   55.37
-206846.687   533.689  -100.79   56.49
-206471.029   497.945   -95.13   50.30
-206095.354   473.433   -65.24   41.86
-205719.663   456.572   -44.87   37.62
-205343.956   450.442   -16.31   44.85
-204968.231   443.921   -17.35   49.47
-204592.490   436.985   -18.46   52.12
-204216.733   436.518    -1.24   52.46
-203840.959   427.566   -23.82   50.28
-203465.169   416.518   -29.39   43.98
-203089.361   400.851   -41.68   40.11
-202713.538   388.511   -32.83   37.97
-202337.697   368.689   -52.73   29.17
-201961.840   362.642   -16.08   28.60
-201585.967   346.898   -41.88   33.83
-201210.076   343.177    -9.90   36.76
-200834.170   346.511     8.87   38.47
-200458.246   342.061   -11.83   39.80
-200082.306   359.920    47.50   44.20
-199706.349   375.945    42.62   50.54
-199330.376   396.066    53.51   51.71
-198954.386   399.185     8.29   48.99
-198578.379   380.503   -49.68   56.77
-198202.356   345.410   -93.31   64.43
-197826.316   293.215  -138.78   75.34
-197450.259   256.215   -98.37   62.43
-197074.186   247.526   -23.10   61.77
-196698.096   284.433    98.12   97.72
-196321.989   338.101   142.67  102.85
-195945.866   368.875    81.80   97.67
-195569.726   387.329    49.05   89.60
-195193.569   390.479     8.37   77.51
-194817.396   389.756    -1.92   65.46
-194441.206   379.542   -27.15   56.49
-194064.999   376.363    -8.45   57.55
-193688.775   368.619   -20.58   54.98
-193312.535   363.386   -13.91   55.55
-192936.278   364.374     2.63   62.50
-192560.005   370.805    17.09   61.41
-192183.714   369.782    -2.72   55.40
-191807.407   366.261    -9.36   52.26
-191431.084   376.670    27.66   57.62
-191054.743   395.874    51.02   68.16
-190678.386   434.968   103.86   64.33
-190302.012   464.804    79.26   72.85
-189925.621   463.526    -3.39   82.97
-189549.214   471.782    21.93   86.88
-189172.790   476.200    11.74   89.96
-188796.349   481.945    15.26   82.37
-188419.891   508.014    69.24   70.22
-188043.416   516.042    21.32   66.20
-187666.925   527.200    29.63   60.55
-187290.417   538.533    30.10   51.61
-186913.892   539.215     1.81   37.26
-186537.351   541.293     5.52   27.69
-186160.792   537.399   -10.34   25.25
-185784.217   544.270    18.24   31.57
-185407.625   557.410    34.89   33.34
-185031.016   565.945    22.66   29.18
-184654.391   561.689   -11.30   34.85
-184277.749   561.503    -0.49   46.91
-183901.089   570.177    23.03   54.05
-183524.413   584.154    37.10   48.65
-183147.721   589.283    13.62   52.37
-182771.011   570.761   -49.16   61.98
-182394.285   533.079  -100.01   74.05
-182017.541   515.479   -46.71   91.51
-181640.781   511.113   -11.59   90.61
-181264.004   540.340    77.56  108.74
-180887.211   598.758   155.02   96.81
-180510.400   661.340   166.06   99.79
-180133.572   733.061   190.30   97.20
-179756.728   777.566   118.08   82.95
-179379.867   759.113   -48.96  131.22
-179002.989   612.479  -389.02  260.47
-178626.094   456.420  -414.00  237.12
-178249.182   381.442  -198.89  172.89
-177872.253   371.317   -26.86  163.90
-177495.308   440.137   182.55  176.46
-177118.346   567.306   337.30  186.11
-176741.366   686.601   316.40  183.50
-176364.370   733.968   125.62  173.71
-175987.357   759.829    68.58  152.08
-175610.327   739.061   -55.07  133.40
-175233.280   686.084  -140.48  118.70
-174856.216   654.018   -85.03  116.50
-174481.436   648.038   -15.96   95.92
-174107.699   663.828    42.24   88.91
-173733.945   689.991    69.99   89.70
-173360.174   720.386    81.31   74.19
-172986.387   715.613   -12.77   73.13
-172612.583   685.011   -81.86   70.52
-172238.763   659.735   -67.60   54.90
-171864.926   660.712     2.61   48.17
-171491.072   664.397     9.86   44.71
-171117.202   661.215    -8.51   50.92
-170743.315   629.147   -85.76   69.14
-170369.411   586.256  -114.69   74.39
-169995.491   546.590  -106.07   66.99
-169621.554   520.061   -70.93   48.85
-169247.600   518.154    -5.10   44.15
-168873.630   538.014    53.10   50.74
-168499.643   561.875    63.79   46.27
-168125.640   560.433    -3.85   51.73
-167751.620   530.101   -81.08   76.18
-167377.583   482.534  -127.15   92.74
-167003.529   445.805   -98.18   85.32
-166629.459   412.456   -89.14   75.72
-166255.372   378.215   -91.52   79.83
-165881.269   342.084   -96.57   88.57
-165507.148   307.647   -92.04   89.91
-165133.011   247.851  -159.80   74.12
-164758.858   210.665   -99.37   74.13
-164384.687   201.804   -23.68   67.18
-164010.500   214.920    35.05   70.03
-163636.296   257.079   112.65   98.83
-163262.076   307.033   133.47  102.71
-162887.839   378.317   190.45   98.21
-162513.585   427.363   131.03   75.64
-162139.314   428.874     4.04   74.25
-161765.027   385.084  -116.98   99.77
-161390.722   324.783  -161.08  102.62
-161016.402   272.224  -140.39   77.58
-160642.064   252.689   -52.18   68.02
-160267.710   210.363  -113.05   69.58
-159893.338   195.351   -40.09   64.69
-159518.950   189.363   -15.99   56.56
-159144.546   192.689     8.88   59.75
-158770.124   222.783    80.37   65.24
-158395.686   259.851    98.98   66.22
-158021.231   276.215    43.69   68.32
-157646.759   295.549    51.62   70.28
-157272.271   311.399    42.32   97.44
-156897.766   342.963    84.27  128.08
-156523.243   404.107   163.24  137.03
-156148.705   447.947   117.03  148.17
-155774.149   512.386   172.02  144.28
-155399.576   534.363    58.66  140.20
-155024.987   579.851   121.42  114.15
-154650.381   579.461    -1.04  116.88
-154275.758   562.579   -45.06  116.49
-153901.118   473.177  -238.60  160.15
-153526.462   404.518  -183.23  164.74
-153151.788   362.991  -110.82  151.38
-152777.098   369.280    16.78  170.35
-152402.391   374.851    14.87  188.00
-152027.667   424.328   132.02  199.80
-151652.926   442.154    47.56  183.16
-151278.168   476.447    91.49  174.96
-150903.394   510.921    91.98  167.22
-150528.603   540.192    78.09  137.18
-150153.794   551.412    29.93  132.58
-149778.969   541.056   -27.63  136.69
-149404.128   565.780    65.95  129.95
-149029.269   543.177   -60.29  142.79
-148654.393   558.805    41.68  133.86
-148279.500   555.465    -8.91  146.97
-147904.591   593.304   100.91  139.55
-147529.665   665.301   192.01  139.39
-147154.721   732.033   177.96  156.30
-146779.761   821.120   237.56  128.14
-146404.784   856.828    95.21  114.86
-146029.790   878.014    56.49   96.37
-145654.780   858.526   -51.96  107.05
-145279.752   809.511  -130.68  123.75
-144904.707   737.401  -192.24  145.09
-144529.645   632.647  -279.26  183.69
-144154.567   467.925  -439.11  228.57
-143779.471   352.304  -308.21  203.82
-143404.359   289.572  -167.21  150.65
-143029.230   274.256   -40.82  161.71
-142654.083   325.306   136.06  189.53
-142278.920   344.120    50.14  177.69
-141903.740   358.874    39.32  175.12
-141528.543   353.947   -13.13  157.61
-141153.329   332.351   -57.55  162.56
-140778.098   302.256   -80.19  148.13
-140402.850   279.526   -60.57  141.75
-140027.585   243.988   -94.69  133.32
-139652.303   191.266  -140.47   91.61
-139277.004   172.613   -49.69   57.98
-138901.688   170.526    -5.56   70.17
-138526.355   179.410    23.67   78.65
-138151.005   203.074    63.04   93.44
-137775.638   201.751    -3.52   83.99
-137400.254   219.011    45.97   85.75
-137024.853   223.242    11.27   67.27
-136649.435   214.875   -22.28   79.74
-136274.000   215.456     1.55   88.70
-135898.548   196.971   -49.23   80.50
-135523.079   183.011   -37.18   62.01
-135147.593   179.339    -9.78   52.53
-134772.090   196.968    46.94   69.12
-134396.570   237.566   108.10   86.18
-134021.033   268.874    83.36   85.76
-133645.478   274.709    15.53   84.72
-133269.907   265.901   -23.45   80.32
-132894.319   270.192    11.42   78.45
-132518.713   273.022     7.53   81.00
-132143.091   284.899    31.62   85.14
-131767.452   280.014   -13.00   83.48
-131391.795   267.200   -34.11   79.06
-131016.121   248.629   -49.43   64.14
-130640.431   251.388     7.34   58.73
-130264.723   269.238    47.50   67.64
-129888.998   309.804   107.96   80.96
-129513.256   350.665   108.74   76.22
-129137.497   402.420   137.72   63.09
-128761.721   444.266   111.35   69.34
-128385.927   477.351    88.03   75.40
-128010.117   512.224    92.78   71.82
-127634.290   521.200    23.88   70.77
-127258.445   523.014     4.83   49.40
-126882.583   509.488   -35.98   50.55
-126506.704   468.306  -109.55   65.50
-126130.808   414.973  -141.87   68.99
-125754.895   370.624  -117.96   71.72
-125378.965   338.665   -85.00   57.64
-125003.018   335.280    -9.00   55.69
-124627.053   328.942   -16.86   55.68
-124251.071   323.280   -15.06   57.88
-123875.073   286.874   -96.81   82.68
-123499.057   223.066  -169.68   85.39
-123123.023   179.061  -117.01   65.60
-122746.973   146.590   -86.34   45.53
-122370.905   143.696    -7.69   51.05
-121994.821   128.154   -41.32   45.25
-121618.719   129.590     3.82   44.70
-121242.600   161.118    83.82   78.34
-120866.464   250.735   238.23  162.03
-120490.310   372.066   322.52  199.82
-120114.140   512.921   374.41  185.46
-119737.952   591.715   209.43  127.16
-119361.747   574.374   -46.09  113.37
-118985.524   504.542  -185.60  116.93
-118609.285   431.761  -193.42  110.33
-118233.028   349.433  -218.78   99.28
-117856.754   295.429  -143.51   88.45
-117480.463   249.806  -121.23   57.65
-117104.155   221.209   -75.99   35.01
-116727.829   211.689   -25.29   15.99
-116351.486   224.224    33.30   27.01
-115975.126   246.761    59.88   41.81
-115598.749   286.420   105.36   60.56
-115222.354   341.056   145.14   84.00
-114845.943   386.465   120.62   92.20
-114469.513   452.131   174.43  114.09
-114093.067   508.965   150.96  139.16
-113716.603   581.420   192.44  154.30
-113340.123   650.124   182.47  168.33
-112963.624   726.479   202.78  146.85
-112587.109   805.898   210.91  141.90
-112210.576   888.942   220.53  120.84
-111834.026   943.131   143.89  101.38
-111457.459   984.851   110.78   78.75
-111080.874  1012.177    72.55   63.38
-110704.272  1022.945    28.59   62.73
-110327.653  1036.304    35.47   84.34
-109951.016  1008.283   -74.39  147.03
-109574.362   981.624   -70.77  179.76
-109197.691   910.261  -189.44  208.60
-108821.003   839.503  -187.82  217.68
-108444.297   754.991  -224.32  177.07
-108067.574   663.647  -242.45  170.98
-107690.833   575.874  -232.96  146.89
-107314.075   551.851   -63.76  121.47
-106937.300   536.689   -40.24   90.42
-106560.507   556.549    52.70   84.14
-106183.697   609.447   140.37   76.22
-105806.870   654.192   118.73   75.56
-105430.026   680.051    68.61   61.35
-105053.164   671.200   -23.48   71.61
-104676.284   656.029   -40.25   84.37
-104299.387   652.154   -10.28  101.20
-103922.473   684.942    86.98  144.13
-103545.542   710.224    67.06  178.13
-103168.593   714.596    11.60  195.64
-102791.626   655.447  -156.89  231.70
-102414.643   617.619  -100.33  227.25
-102037.642   540.496  -204.55  214.70
-101660.623   490.042  -133.81  207.91
-101283.587   402.147  -233.10  205.37
-100906.534   293.897  -287.07  178.86
-100529.463   228.709  -172.87  128.85
-100152.375   192.898   -94.96   81.87
 -99775.269   206.851    37.00   98.72
 -99400.923   240.397    89.60   91.19
 -99027.244   246.899    17.40   89.42
 -98653.548   221.329   -68.42   85.22
 -98279.834   187.709   -89.95   61.00
 -97906.104   173.619   -37.70   44.67
 -97532.357   184.192    28.29   51.02
 -97158.592   194.066    26.41   47.05
 -96784.811   217.170    61.81   42.80
 -96411.012   233.921    44.81   41.50
 -96037.196   260.147    70.15   58.11
 -95663.363   321.042   162.88  110.67
 -95289.513   359.921   103.99  120.61
 -94915.646   379.897    53.43  120.95
 -94541.761   380.994     2.93  110.32
 -94167.859   385.420    11.83   97.02
 -93793.941   393.651    22.01   92.53
 -93420.005   430.317    98.04  112.72
 -93046.052   479.806   132.33   96.18
 -92672.081   507.738    74.68   80.78
 -92298.094   501.238   -17.38   81.93
 -91924.089   467.071   -91.35   71.10
 -91550.068   436.238   -82.43   67.75
 -91176.029   422.718   -36.14   75.41
 -90801.972   417.875   -12.95   71.88
 -90427.899   414.874    -8.02   83.93
 -90053.808   434.247    51.78   94.88
 -89679.701   475.572   110.46  108.99
 -89305.576   549.637   197.95  129.81
 -88931.433   654.968   281.50  155.83
 -88557.274   746.330   244.16  157.44
 -88183.097   800.920   145.88  128.83
 -87808.903   830.629    79.39   89.28
 -87434.692   842.433    31.54   73.61
 -87060.464   789.758  -140.74   77.43
 -86686.218   735.137  -145.94   73.15
 -86311.956   685.056  -133.80   84.48
 -85937.676   656.763   -75.59   82.99
 -85563.378   650.828   -15.85   96.84
 -85189.064   687.651    98.37  122.38
 -84814.732   741.572   144.04  121.48
 -84440.383   816.209   199.36   90.33
 -84066.016   868.780   140.42   83.11
 -83691.633   888.991    53.98   73.99
 -83317.232   888.647    -0.92   62.88
 -82942.814   897.306    23.13   52.49
 -82568.378   881.829   -41.33   56.50
 -82193.925   877.572   -11.37   51.36
 -81819.455   864.851   -33.97   50.20
 -81444.968   845.942   -50.49   49.92
 -81070.463   839.084   -18.31   38.93
 -80695.941   835.238   -10.27   37.83
 -80321.402   847.874    33.74   40.43
 -79946.845   854.124    16.69   43.05
 -79572.272   852.968    -3.09   43.01
 -79197.680   847.874   -13.60   44.23
 -78823.072   852.715    12.92   43.35
 -78448.446   873.465    55.38   54.79
 -78073.803   900.851    73.09   76.96
 -77699.142   925.965    67.03   85.97
 -77324.464   945.806    52.95   82.56
 -76949.769   947.613     4.82   80.48
 -76575.056   944.397    -8.58   65.53
 -76200.326   955.721    30.22   57.88
 -75825.579   995.829   107.02   75.18
 -75450.814  1059.965   171.13   81.48
 -75076.032  1117.782   154.26   69.36
 -74701.233  1163.735   122.60   47.98
 -74326.416  1188.709    66.62   40.52
 -73951.582  1153.014   -95.22   90.55
 -73576.730  1072.207  -215.56  138.48
 -73201.861   988.340  -223.71  136.98
 -72826.974   901.696  -231.11   86.64
 -72452.071   846.712  -146.65   56.95
 -72077.149   830.107   -44.29   52.29
 -71702.211   822.066   -21.45   57.23
 -71327.255   841.061    50.66   81.57
 -70952.281   889.692   129.69  111.80
 -70577.291   909.033    51.57  117.06
 -70202.282   871.474  -100.15  128.42
 -69827.256   840.014   -83.88  121.18
 -69452.213   862.829    60.83  123.77
 -69077.153   918.712   148.99  158.95
 -68702.075  1055.945   365.86  165.43
 -68326.979  1177.170   323.17  109.39
 -67951.866  1201.011    63.55   83.31
 -67576.736  1171.829   -77.79  107.92
 -67201.588  1135.756   -96.15  104.94
 -66826.423  1128.079   -20.46   90.05
 -66451.240  1169.274   109.79  106.92
 -66076.040  1238.601   184.76   95.02
 -65700.822  1303.579   173.16   94.05
 -65325.587  1365.177   164.15   65.58
 -64950.334  1414.715   132.00   49.93
 -64575.064  1449.042    91.47   49.53
 -64199.776  1484.503    94.48   63.34
 -63824.471  1523.407   103.65   54.05
 -63449.148  1546.572    61.72   39.55
 -63073.808  1554.488    21.09   31.08
 -62698.450  1551.224    -8.70   28.13
 -62323.075  1551.851     1.67   30.25
 -61947.682  1553.828     5.26   31.54
 -61572.272  1544.488   -24.88   34.45
 -61196.844  1536.642   -20.90   41.81
 -60821.398  1533.549    -8.24   44.92
 -60445.935  1510.374   -61.72   70.55
 -60070.455  1472.137  -101.83  106.46
 -59694.957  1414.624  -153.16  126.35
 -59319.441  1350.624  -170.42  139.42
 -58943.908  1308.033  -113.41  119.47
 -58568.358  1295.494   -33.39  102.94
 -58192.789  1294.851    -1.71  105.31
 -57817.204  1307.585    33.90  111.09
 -57441.600  1317.851    27.33  121.40
 -57065.979  1310.761   -18.88  125.59
 -56690.341  1297.147   -36.24  120.12
 -56314.685  1288.991   -21.71  100.98
 -55939.011  1307.363    48.90   81.42
 -55563.320  1344.137    97.88   98.05
 -55187.611  1384.897   108.48   99.08
 -54811.884  1445.412   161.05  107.56
 -54436.140  1511.215   175.12  115.57
 -54060.378  1574.238   167.71   93.40
 -53684.599  1623.185   130.25   84.47
 -53308.802  1648.511    67.39   73.09
 -52932.987  1648.071    -1.17   56.07
 -52557.155  1656.283    21.85   53.39
 -52181.305  1641.061   -40.50   47.58
 -51805.438  1622.084   -50.49   61.52
 -51429.552  1589.875   -85.68   96.67
 -51053.650  1505.001  -225.78  123.24
 -50677.729  1395.920  -290.16  133.95
 -50301.791  1301.576  -250.94  128.76
 -49925.835  1204.629  -257.86  119.18
 -49549.862  1133.033  -190.42  101.23
 -49173.871  1070.084  -167.41   92.15
 -48797.862  1009.601  -160.85   74.15
 -48421.835   978.951   -81.51   49.39
 -48045.791   988.851    26.33   62.82
 -47669.729  1030.780   111.49   80.40
 -47293.650  1048.942    48.29   87.57
 -46917.553  1047.056    -5.02   98.69
 -46541.438  1040.758   -16.74   90.93
 -46165.305  1077.351    97.28  105.46
 -45789.155  1137.226   159.17   92.26
 -45412.987  1163.374    69.51   61.79
 -45036.801  1169.410    16.04   57.90
 -44660.597  1148.533   -55.49   56.76
 -44284.376  1120.761   -73.82   61.73
 -43908.137  1086.651   -90.65   64.52
 -43531.880  1039.329  -125.77   80.47
 -43155.606   981.876  -152.68   80.67
 -42779.314   908.988  -193.69   83.50
 -42403.004   860.647  -128.46   56.79
 -42026.676   849.410   -29.86   45.36
 -41650.331   876.488    71.95   56.43
 -41273.967   905.694    77.60   35.94
 -40897.586   911.329    14.97   27.81
 -40521.188   896.131   -40.38   39.83
 -40144.771   874.251   -58.12   50.20
 -39768.337   855.556   -49.66   52.97
 -39391.885   837.375   -48.29   54.23
 -39015.415   818.056   -51.32   64.70
 -38638.927   787.005   -82.47   74.44
 -38262.422   744.829  -112.02   79.26
 -37885.898   695.579  -130.80   77.11
 -37509.357   661.758   -89.82   86.60
 -37132.798   620.029  -110.81   92.86
 -36756.222   593.476   -70.51   85.69
 -36379.627   560.283   -88.14   83.28
 -36003.015   525.159   -93.26   74.68
 -35626.384   511.137   -37.23   68.08
 -35249.736   490.351   -55.18   59.26
 -34873.071   477.256   -34.77   52.69
 -34496.387   471.283   -15.86   52.10
 -34119.685   492.632    56.67   81.03
 -33742.966   538.238   121.06   94.62
 -33366.229   579.572   109.71   70.40
 -32989.473   592.215    33.56   48.24
 -32612.700   549.642  -112.99   60.87
 -32235.910   499.113  -134.10   56.25
 -31859.101   459.607  -104.84   50.43
 -31482.274   439.596   -53.10   32.74
 -31105.430   436.542    -8.10   35.40
 -30728.567   451.386    39.39   44.26
 -30351.687   465.897    38.50   46.07
 -29974.789   487.511    57.34   53.28
 -29597.873   519.637    85.23   67.58
 -29220.939   548.033    75.33   86.32
 -28843.987   587.874   105.69  107.00
 -28467.017   618.007    79.93  103.40
 -28090.029   635.783    47.15   95.44
 -27713.024   640.828    13.38   81.68
 -27336.000   639.511    -3.49   66.65
 -26958.959   633.665   -15.50   68.72
 -26581.899   625.624   -21.33   67.49
 -26204.822   618.351   -19.29   65.69
 -25827.727   621.533     8.44   70.76
 -25450.613   658.670    98.47   75.38
 -25073.482   678.829    53.45   73.62
 -24696.333   680.124     3.43   71.04
 -24322.413   650.851   -78.28   74.80
 -23948.789   655.579    12.65   78.30
 -23575.147   675.920    54.44  105.09
 -23201.488   710.965    93.79  110.22
 -22827.810   757.670   124.98  105.22
 -22454.116   795.511   101.26   86.14
 -22080.403   818.874    62.52   65.21
 -21706.673   813.261   -15.02   73.28
 -21332.926   817.851    12.28   79.34
 -20959.160   832.351    38.79   68.52
 -20585.377   852.533    53.99   77.61
 -20211.577   900.829   129.20  101.61
 -19837.758   967.488   178.32  109.74
 -19463.922  1032.442   173.75  107.20
 -19090.069  1089.601   152.89   94.93
 -18716.197  1112.329    60.79   65.19
 -18342.308  1106.488   -15.62   64.96
 -17968.402  1082.215   -64.92   81.89
 -17594.477  1065.670   -44.25   88.86
 -17220.535  1019.329  -123.92   94.92
 -16846.576   970.056  -131.76   89.16
 -16472.598   919.874  -134.18   91.88
 -16098.603   871.101  -130.41   87.29
 -15724.590   812.761  -155.98   83.08
 -15350.560   769.920  -114.54   72.48
 -14976.512   734.056   -95.88   61.89
 -14602.446   690.897  -115.38   73.69
 -14228.362   630.056  -162.64  102.11
 -13854.260   570.374  -159.53  103.03
 -13480.141   527.329  -115.06   87.00
 -13106.004   506.692   -55.16   83.18
 -12731.850   485.079   -57.77  104.88
 -12357.677   471.601   -36.02   98.72
 -11983.487   469.147    -6.56   88.73
 -11609.280   452.647   -44.09   68.50
 -11235.054   440.715   -31.88   58.59
 -10860.811   426.442   -38.14   60.92
 -10486.549   428.374     5.16   72.54
 -10112.270   439.874    30.73   86.76
  -9737.974   441.942     5.53   83.08
  -9363.659   430.215   -31.33   82.77
  -8989.327   381.920  -129.02   74.80
  -8614.977   330.647  -136.96   49.98
  -8240.609   294.474   -96.62   38.53
  -7866.223   265.317   -77.88   42.48
  -7491.820   232.715   -87.08   42.02
  -7117.399   218.920   -36.84   40.83
  -6742.960   216.920    -5.34   47.45
  -6368.503   221.533    12.32   45.92
  -5994.028   233.874    32.96   45.28
  -5619.536   228.101   -15.41   51.52
  -5245.025   221.897   -16.57   54.38
  -4870.497   217.306   -12.26   58.43
  -4495.951   219.670     6.31   49.43
  -4121.387   211.033   -23.06   40.00
  -3746.806   204.921   -16.32   39.50
  -3372.206   186.806   -48.36   43.52
  -2997.589   163.363   -62.58   43.68
  -2622.953   138.200   -67.17   42.23
  -2248.300   111.221   -72.01   40.11
  -1873.629    83.442   -74.14   33.48
  -1498.940    55.029   -75.83   39.85
  -1124.234    27.433   -73.65   36.71
   -749.509     7.107   -54.24   25.17
   -374.767    -5.381   -33.33   13.89
     -0.006     5.442    28.88   35.95
    374.772    40.656    93.96   68.34
    749.568    95.549   146.46   95.55
   1124.382   166.807   190.12   95.31
   1499.215   217.386   134.94   85.64
   1874.064   242.563    67.16   71.33
   2248.932   257.542    39.96   59.37
   2623.818   255.124    -6.45   53.63
   2998.722   219.051   -96.22   70.62
   3373.643   179.154  -106.42   86.93
   3748.583   139.074  -106.90   72.81
   4123.540   115.689   -62.37   44.83
   4498.516   113.243    -6.52   38.84
   4873.509   110.828    -6.44   40.46
   5248.521   104.011   -18.18   49.06
   5623.550    99.920   -10.91   54.66
   5998.597    94.215   -15.21   48.50
   6373.662   112.351    48.36   47.78
   6748.745   128.185    42.21   43.98
   7123.847   150.612    59.79   52.42
   7498.966   186.420    95.46   64.91
   7874.103   246.533   160.25   95.99
   8249.258   340.137   249.51  122.39
   8624.431   419.670   211.99  139.64
   8999.622   526.118   283.72  116.51
   9374.831   581.730   148.22   71.64
   9750.058   591.808    26.86   41.05
  10125.304   564.579   -72.56   51.41
  10500.567   538.829   -68.62   57.70
  10875.848   513.732   -66.87   50.72
  11251.147   520.945    19.22   62.96
  11626.464   553.465    86.65   76.22
  12001.800   580.095    70.95   69.66
  12377.153   565.084   -39.99   79.46
  12752.524   516.397  -129.71   79.92
  13127.914   464.665  -137.81   63.96
  13503.321   437.215   -73.12   46.41
  13878.747   432.534   -12.47   44.36
  14254.190   457.488    66.46   70.43
  14629.652   480.732    61.91   71.74
  15005.131   497.306    44.14   60.09
  15380.629   493.397   -10.41   61.68
  15756.145   479.410   -37.25   56.46
  16131.679   431.283  -128.16   64.55
  16507.231   389.047  -112.47   65.99
  16882.801   333.033  -149.14   64.39
  17258.389   288.131  -119.55   58.52
  17633.995   242.420  -121.70   70.05
  18009.620   205.651   -97.89   64.81
  18385.262   188.851   -44.72   51.38
  18760.923   211.261    59.65   71.68
  19136.602   270.126   156.69   75.15
  19512.299   326.601   150.32   74.49
  19888.014   367.107   107.81   54.00
  20263.747   382.056    39.79   42.21
  20639.498   388.101    16.09   30.18
  21015.267   396.778    23.09   37.69
  21391.055   437.624   108.70   61.59
  21766.861   471.900    91.21   60.56
  22142.684   486.118    37.83   46.23
  22518.526   486.351     0.62   44.61
  22894.387   480.898   -14.51   45.49
  23270.265   470.540   -27.56   40.07
  23646.161   451.751   -49.99   35.78
  24022.076   444.988   -17.99   30.90
  24398.009   432.751   -32.55   24.35
  24773.960   429.715    -8.08   25.75
  25149.929   430.942     3.26   19.76
  25525.917   427.038   -10.39   17.78
  25901.922   420.829   -16.51   20.02
  26277.946   419.601    -3.26   16.08
  26653.988   414.920   -12.45   15.19
  27030.049   414.038    -2.35   11.58
  27406.127   416.692     7.06    6.56
  27782.224   417.170     1.27    7.66
  28158.339   417.018    -0.40    8.26
  28534.472   416.397    -1.65   14.50
  28910.624   415.681    -1.90   12.71
  29286.793   410.238   -14.47   28.14
  29662.981   411.715     3.93   43.65
  30039.187   420.806    24.17   33.21
  30415.412   430.963    27.00   19.12
  30791.654   435.022    10.79   21.41
  31167.915   430.474   -12.09   23.28
  31544.195   417.511   -34.45   44.33
  31920.492   382.410   -93.28   79.67
  32296.808   310.420  -191.31  109.51
  32673.142   257.601  -140.35   88.23
  33049.494   233.938   -62.88   66.42
  33425.865   247.851    36.97   72.57
  33802.254   275.074    72.33   76.39
  34178.661   311.715    97.35   89.26
  34555.086   360.251   128.94   85.86
  34931.530   399.851   105.20   75.65
  35307.992   433.079    88.26   61.60
  35684.473   457.407    64.62   42.53
  36060.972   468.642    29.84   37.22
  36437.489   473.229    12.18   30.69
  36814.024   474.897     4.43   29.75
  37190.578   464.051   -28.80   37.91
  37567.150   461.829    -5.90   38.57
  37943.741   460.807    -2.71   37.15
  38320.350   468.101    19.37   31.08
  38696.977   465.029    -8.16   33.08
  39073.622   460.572   -11.83   32.80
  39450.286   454.147   -17.06   38.84
  39826.968   445.056   -24.14   44.21
  40203.669   429.807   -40.48   46.03
  40580.388   433.124     8.81   41.62
  40957.126   425.601   -19.97   39.08
  41333.881   424.738    -2.29   36.06
  41710.656   425.232     1.31   32.38
  42087.448   426.229     2.65   26.63
  42464.259   422.985    -8.61   22.29
  42841.089   420.647    -6.20   21.02
  43217.936   415.899   -12.60   24.53
  43594.803   413.154    -7.28   26.16
  43971.687   409.918    -8.59   27.77
  44348.590   405.510   -11.70   35.84
  44725.512   394.601   -28.94   54.82
  45102.452   367.329   -72.36   78.28
  45479.410   320.014  -125.52   88.71
  45856.387   283.306   -97.38   80.08
  46233.382   261.071   -58.98   61.68
  46610.396   264.556     9.24   56.54
  46987.428   282.945    48.77   54.48
  47364.479   301.942    50.39   62.85
  47741.548   339.374    99.27   82.50
  48118.636   397.291   153.60   87.90
  48495.742   470.670   194.59  116.47
  48872.866   539.339   182.10  106.15
  49250.009   589.318   132.53   95.32
  49627.171   634.170   118.92   47.71
  50004.351   643.898    25.79   36.45
  50381.484   645.896     5.30   24.03
  50755.031   664.426    49.61   28.68
  51128.596   676.851    33.26   26.91
  51502.179   694.047    46.03   30.42
  51875.781   725.761    84.89   51.80
  52249.400   752.533    71.66   55.40
  52623.038   759.828    19.52   63.43
  52996.694   731.874   -74.82   93.42
  53370.368   669.776  -166.19  108.17
  53744.060   630.056  -106.30   98.79
  54117.770   583.151  -125.52   85.50
  54491.498   536.851  -123.89   95.76
  54865.245   480.397  -151.06  108.96
  55239.010   416.131  -171.95   81.87
  55612.793   372.096  -117.81   42.51
  55986.594   348.266   -63.75   24.49
  56360.413   346.011    -6.03   26.90
  56734.251   344.426    -4.24   34.40
  57108.107   330.124   -38.26   33.16
  57481.980   314.670   -41.34   31.63
  57855.873   295.991   -49.96   28.36
  58229.783   283.340   -33.84   24.14
  58603.712   273.510   -26.29   19.75
  58977.658   271.397    -5.65   19.69
  59351.623   269.210    -5.85   18.05
  59725.607   270.965     4.69   22.13
  60099.608   272.647     4.50   22.58
  60473.628   273.624     2.61   24.02
  60847.666   278.851    13.98   30.43
  61221.722   276.776    -5.55   27.55
  61595.797   274.988    -4.78   30.27
  61969.889   278.926    10.53   34.50
  62344.000   289.920    29.39   35.39
  62718.130   308.192    48.84   47.84
  63092.277   348.670   108.19   50.01
  63466.443   399.624   136.19   80.97
  63840.627   477.242   207.44   92.83
  64214.829   542.511   174.43   77.09
  64589.050   586.754   118.23   50.54
  64963.289   614.261    73.50   41.06
  65337.546   637.647    62.49   53.35
  65711.822   663.124    68.07   60.95
  66086.116   695.806    87.32   63.39
  66460.428   703.266    19.93   75.74
  66834.759   719.124    42.37   74.53
  67209.107   714.705   -11.81   61.27
  67583.475   687.647   -72.28   68.97
  67957.860   628.306  -158.51   95.28
  68332.264   558.238  -187.16   89.00
  68706.686   494.612  -169.94   74.36
  69081.127   453.566  -109.63   50.73
  69455.585   425.829   -74.08   35.71
  69830.063   409.758   -42.92   26.12
  70204.558   410.386     1.68   27.21
  70579.072   400.079   -27.52   26.97
  70953.605   390.624   -25.25   33.59
  71328.155   367.940   -60.57   34.45
  71702.724   349.851   -48.30   29.58
  72077.312   337.674   -32.51   17.08
  72451.918   333.270   -11.76   13.22
  72826.542   331.177    -5.59   13.20
  73201.184   335.051    10.34   20.20
  73575.845   339.696    12.40   22.02
  73950.525   338.118    -4.21   23.20
  74325.223   340.137     5.39   23.97
  74699.939   341.629     3.98   23.80
  75074.674   344.038     6.43   23.37
  75449.427   350.465    17.15   21.91
  75824.198   354.601    11.04   22.46
  76198.988   354.786     0.49   19.93
  76573.797   359.511    12.61   20.70
  76948.624   363.898    11.71   24.10
  77323.469   365.985     5.57   30.54
  77698.333   361.056   -13.15   35.47
  78073.215   357.011   -10.79   35.34
  78448.115   353.533    -9.28   35.93
  78823.034   345.056   -22.61   34.29
  79197.972   336.647   -22.43   30.75
  79572.928   327.192   -25.22   26.19
  79947.903   318.051   -24.38   12.13
  80322.896   313.761   -11.44    8.75
  80697.907   311.011    -7.33    4.88
  81072.937   310.147    -2.30    3.93
  81447.986   310.306     0.42    4.47
  81823.053   311.624     3.51    5.17
  82198.138   314.274     7.06    6.73
  82573.242   316.761     6.63    8.30
  82948.365   317.807     2.79    8.82
  83323.506   319.874     5.51    9.97
  83698.665   320.579     1.88   10.37
  84073.844   321.874     3.45   11.95
  84449.040   322.474     1.60   15.15
  84824.255   333.579    29.60   38.74
  85199.489   363.738    80.38   72.61
  85574.741   418.674   146.41  100.93
  85950.012   457.270   102.86   96.36
  86325.302   463.229    15.88   92.02
  86700.610   439.079   -64.35   95.47
  87075.936   407.674   -83.68   88.10
  87451.281   387.351   -54.15   89.74
  87826.645   388.851     4.00   88.80
  88202.027   410.988    58.97   91.37
  88577.428   402.851   -21.68   88.89
  88952.847   394.438   -22.41   80.67
  89328.285   378.763   -41.76   80.42
  89703.742   345.238   -89.30   70.54
  90079.217   318.042   -72.44   58.96
  90454.711   301.874   -43.06   37.94
  90830.224   291.651   -27.23   21.51
  91205.755   302.608    29.18   26.11
  91581.304   320.178    46.79   35.45
  91956.873   329.101    23.76   33.55
  92332.460   324.740   -11.61   35.29
  92708.065   310.131   -38.90   39.92
  93083.689   289.949   -53.73   26.71
  93459.332   276.851   -34.87   13.82
  93834.994   274.925    -5.13    7.77
  94210.674   279.851    13.12    9.39
  94586.373   287.238    19.66   15.71
  94962.090   300.261    34.66   29.40
  95337.826   340.124   106.10   66.48
  95713.581   399.351   157.64  101.96
  96089.355   475.556   202.81  102.07
  96465.147   527.161   137.34   66.57
  96840.958   541.696    38.68   69.90
  97216.788   526.607   -40.15   84.69
  97592.636   519.317   -19.40   99.52
  97968.503   474.397  -119.52  106.22
  98344.389   419.351  -146.46   77.77
  98720.293   385.851   -89.13   63.45
  99096.216   348.875   -98.37   52.83
  99472.158   314.340   -91.87   42.58
  99848.119   298.251   -42.80   42.34
 100224.098   289.732   -22.66   47.55
 100600.096   309.601    52.85   60.43
 100976.113   333.754    64.24   65.11
 101352.148   347.851    37.49   63.73
 101728.202   352.624    12.69   59.03
 102104.276   341.147   -30.52   51.26
 102480.367   334.140   -18.63   34.90
 102856.478   339.169    13.37   35.12
 103232.607   340.056     2.36   31.28
 103608.755   336.923    -8.33   23.16
 103984.922   330.735   -16.45   15.23
 104361.108   324.585   -16.35   12.81
 104737.312   325.251     1.77   14.81
 105113.536   328.229     7.92   18.81
 105489.778   331.994    10.01   20.16
 105866.038   338.318    16.81   19.11
 106242.318   346.147    20.81   19.40
 106618.616   357.170    29.30   35.30
 106994.934   388.518    83.31   65.47
 107371.270   440.511   138.17   94.47
 107747.625   492.897   139.21  108.31
 108123.999   573.011   212.88  114.99
 108500.391   635.385   165.73  120.14
 108876.803   697.715   165.61  106.37
 109253.233   713.942    43.11   85.89
 109629.682   710.033   -10.39   81.85
 110006.150   670.329  -105.48   89.87
 110382.637   610.738  -158.30  114.52
 110759.142   533.011  -206.46  120.63
 111135.667   464.829  -181.10  113.54
 111512.210   379.318  -227.12   95.97
 111888.773   329.147  -133.25   90.04
 112265.354   276.806  -139.00   58.08
 112641.954   253.656   -61.48   29.83
 113018.573   244.740   -23.67   18.52
 113395.211   246.101     3.61   18.34
 113771.868   247.805     4.52   19.10
 114148.543   242.074   -15.22   12.68
 114525.238   240.851    -3.24   11.35
 114901.951   256.207    40.77   31.36
 115278.684   288.942    86.90   61.48
 115655.435   340.540   136.97  101.14
 116032.205   428.761   234.17  124.86
 116408.995   491.242   165.84  106.08
 116785.803   533.306   111.65   61.09
 117162.630   533.280    -0.07   46.05
 117539.476   503.170   -79.91   48.72
 117916.341   476.185   -71.61   45.72
 118293.225   456.735   -51.61   58.30
 118670.128   451.942   -12.72   70.72
 119047.050   439.301   -33.54   78.31
 119423.990   410.051   -77.61   85.91
 119800.950   400.177   -26.20   78.67
 120177.929   403.761     9.51   76.72
 120554.927   396.585   -19.04   80.28
 120931.944   395.388    -3.17   74.25
 121308.980   373.101   -59.12   75.71
 121686.034   356.120   -45.04   73.58
 122063.108   354.261    -4.93   79.00
 122440.201   343.442   -28.69   79.78
 122817.313   303.670  -105.48   89.16
 123194.444   280.874   -60.45   80.60
 123571.594   271.976   -23.59   68.20
 123948.762   274.783     7.44   70.35
 124325.950   290.991    42.97   81.27
 124703.157   307.511    43.80   86.96
 125080.383   314.785    19.29   99.23
 125457.190   316.479     4.50   98.09
 125830.677   303.938   -33.58   88.53
 126204.183   289.304   -39.19   86.12
 126577.707   302.556    35.48   83.07
 126951.250   326.920    65.23   96.72
 127324.812   377.156   134.49  110.44
 127698.392   442.647   175.33  109.93
 128071.991   502.215   159.46   99.85
 128445.609   552.025   133.33   86.12
 128819.246   577.113    67.15   70.70
 129192.901   517.340  -159.99  130.73
 129566.575   412.397  -280.88  162.56
 129940.267   314.556  -261.85  128.87
 130313.978   240.363  -198.55   52.66
 130687.708   221.011   -51.79   21.10
 131061.457   232.607    31.03   36.26
 131435.224   250.875    48.88   41.18
 131809.011   248.029    -7.61   39.02
 132182.815   240.533   -20.06   35.11
 132556.639   235.920   -12.34   30.38
 132930.481   237.511     4.26   27.66
 133304.342   242.283    12.77   24.68
 133678.222   252.261    26.69   35.71
 134052.121   299.556   126.51   82.45
 134426.038   356.029   151.05  103.46
 134799.974   428.011   192.52   85.69
 135173.929   473.420   121.44   58.52
 135547.903   515.563   112.70   49.14
 135921.895   549.647    91.15   58.34
 136295.906   567.025    46.47   48.58
 136669.936   564.874    -5.75   46.76
 137043.985   542.474   -59.89   43.63
 137418.053   518.988   -62.79   32.47
 137792.139   512.851   -16.41   39.76
 138166.244   514.874     5.41   44.94
 138540.368   540.229    67.78   66.31
 138914.511   541.740     4.04   68.11
 139288.673   544.178     6.51   67.37
 139662.853   527.207   -45.36   51.47
 140037.052   516.670   -28.16   33.55
 140411.271   508.107   -22.88   40.48
 140785.508   495.363   -34.06   45.92
 141159.763   475.715   -52.50   50.94
 141534.038   449.306   -70.57   59.91
 141908.331   419.112   -80.68   59.97
 142282.644   393.074   -69.57   45.90
 142656.975   367.056   -69.51   17.53
 143031.325   363.124   -10.50   10.21
 143405.694   364.318     3.19   24.63
 143780.082   363.137    -3.15   33.15
 144154.489   352.330   -28.87   33.70
 144528.914   342.960   -25.03   36.37
 144903.359   321.785   -56.56   33.75
 145277.822   306.363   -41.19   35.34
 145652.304   294.647   -31.29   32.04
 146026.806   278.451   -43.25   25.82
 146401.326   272.876   -14.89   26.10
 146775.865   266.525   -16.96   19.82
 147150.423   261.540   -13.31   14.56
 147524.999   259.274    -6.05    9.46
 147899.595   263.456    11.17   15.34
 148274.210   279.511    42.86   36.78
 148648.844   322.488   114.73   73.86
 149023.496   373.851   137.12   95.31
 149398.168   424.518   135.25   98.55
 149772.858   460.147    95.10  100.26
 150147.568   490.283    80.44  109.68
 150522.296   492.101     4.85  120.69
 150897.044   497.973    15.67  127.82
 151271.810   533.124    93.81  120.53
 151646.595   562.101    77.33  111.70
 152021.400   608.029   122.55   78.23
 152396.223   637.642    79.02   63.35
 152771.065   648.465    28.88   57.86
 153145.926   637.207   -30.04   50.02
 153520.807   630.375   -18.23   50.55
 153895.706   620.851   -25.41   60.85
 154270.624   620.176    -1.80   76.43
 154645.562   637.385    45.90   91.06
 155020.518   619.293   -48.26   93.42
 155395.493   579.207  -106.92   91.71
 155770.488   529.896  -131.52   71.44
 156145.501   492.994   -98.41   30.82
 156520.534   488.851   -11.05   30.70
 156895.585   487.542    -3.49   26.73
 157270.656   490.829     8.76   31.18
 157645.745   501.670    28.91   49.40
 158020.854   515.465    36.78   63.69
 158395.982   551.229    95.35   88.76
 158771.129   603.947   140.55  121.55
 159146.294   724.851   322.32  182.52
 159521.479   869.730   386.21  152.18
 159896.683   941.988   192.61   94.74
 160271.906   967.417    67.78   57.11
 160647.149   956.579   -28.89   52.09
 161022.410   938.482   -48.23   58.02
 161397.690   918.447   -53.40   70.49
 161772.990   905.451   -34.63   74.02
 162148.309   886.270   -51.11   68.83
 162523.646   874.761   -30.67   56.21
 162899.003   873.429    -3.55   50.99
 163274.379   863.199   -27.26   45.17
 163649.774   840.607   -60.19   50.82
 164025.188   816.947   -63.03   52.66
 164400.622   794.985   -58.51   51.97
 164776.074   790.758   -11.26   59.68
 165151.546   779.363   -30.36   66.01
 165527.037   765.963   -35.69   70.53
 165902.547   735.178   -81.99   93.06
 166278.076   673.373  -164.60  110.38
 166653.624   590.118  -221.72  110.44
 167029.192   535.451  -145.58   91.68
 167404.779   526.274   -24.44   84.22
 167780.384   534.170    21.03   95.24
 168156.009   561.851    73.71  109.55
 168531.654   605.783   116.97  109.70
 168907.317   644.629   103.42  101.26
 169283.000   703.525   156.80  118.36
 169658.702   759.940   150.18  115.11
 170034.423   817.940   154.39   88.97
 170410.163   833.224    40.68   62.00
 170785.923   795.743   -99.76   72.30
 171161.701   774.991   -55.23   77.02
 171537.499   776.563     4.18   78.50
 171913.316   766.830   -25.90   82.32
 172289.153   740.118   -71.08   91.83
 172665.009   691.429  -129.56   96.34
 173040.883   653.590  -100.69   68.30
 173416.778   643.308   -27.36   57.49
 173792.691   672.661    78.10   46.21
 174168.624   692.612    53.08   39.17
 174544.576   713.056    54.39   40.23
 174920.547   720.118    18.79   43.26
 175296.538   722.624     6.67   47.37
 175672.547   716.626   -15.95   51.22
 176048.577   707.647   -23.88   55.59
 176424.625   702.084   -14.80   55.44
 176800.693   660.851  -109.66   84.40
 177176.780   567.985  -246.97  156.54
 177552.886   462.363  -280.88  162.45
 177929.012   373.647  -235.91  102.34
 178305.157   346.280   -72.77   69.78
 178681.321   382.238    95.61   89.21
 179057.505   438.442   149.43   84.36
 179433.708   468.763    80.61   77.14
 179809.930   499.674    82.18   76.17
 180186.172   544.137   118.20   95.46
 180562.433   591.011   124.60  107.19
 180938.713   658.510   179.42  124.20
 181315.013   728.261   185.39  147.79
 181691.332   825.496   258.43  156.36
 182067.670   903.715   207.88  116.01
 182444.028   954.591   135.20   96.90
 182820.405   999.137   118.38   83.74
 183196.802  1010.585    30.42   77.55
 183573.218  1004.991   -14.86   72.50
 183949.653   975.897   -77.30   74.76
 184326.108   946.985   -76.81   80.22
 184702.582   916.156   -81.90   91.57
 185079.075   911.601   -12.10  108.00
 185455.588   916.465    12.92  124.21
 185832.121   944.607    74.75  114.56
 186208.673   957.229    33.53  102.10
 186585.244   974.511    45.90   77.56
 186961.835   969.763   -12.61   68.48
 187338.445   964.011   -15.28   68.77
 187715.074   935.229   -76.43   80.78
 188091.723   896.985  -101.56   77.84
 188468.392   861.624   -93.89   69.56
 188845.080   826.451   -93.39   80.39
 189221.787   790.137   -96.42   78.98
 189598.514   761.134   -77.00   75.36
 189975.260   749.496   -30.90   72.26
 190352.026   771.318    57.93   99.20
 190728.811   799.715    75.38  115.68
 191105.616   833.556    89.83  104.08
 191482.440   856.496    60.89   71.17
 191859.284   844.998   -30.52   70.99
 192236.147   804.678  -107.01   87.32
 192613.030   737.874  -177.28   90.19
 192989.932   694.442  -115.25   88.97
 193366.854   625.251  -183.60  100.53
 193743.795   569.572  -147.74   94.09
 194120.756   535.283   -90.98   84.66
 194497.736   514.280   -55.72   76.50
 194874.736   498.670   -41.41   74.68
 195251.756   487.674   -29.17   73.70
 195628.795   453.945   -89.47   80.95
 196005.853   418.007   -95.33   83.22
 196382.931   405.126   -34.17   70.79
 196760.029   413.624    22.54   72.31
 197137.146   468.385   145.23  119.94
 197514.283   513.306   119.13  149.93
 197891.439   557.163   116.30  155.41
 198268.615   582.232    66.48  148.53
 198645.811   563.221   -50.41  138.75
 199023.026   556.804   -17.02  110.32
 199400.261   574.988    48.21  108.67
 199777.515   632.765   153.18  123.16
 200154.789   703.351   187.13  118.76
 200531.276   772.420   183.49   89.31
 200904.701   802.283    79.99   77.27
 201278.145   798.612    -9.83   82.52
 201651.609   795.619    -8.02   78.50
 202025.091   788.385   -19.37   67.35
 202398.593   789.647     3.38   44.04
 202772.114   779.851   -26.23   60.96
 203145.654   759.118   -55.52   74.80
 203519.213   728.420   -82.19   86.02
 203892.792   691.778   -98.10   84.32
 204266.390   668.923   -61.19   68.93
