-136418.599   205.262     0.00    9.18
-136042.320   204.845    -1.11    9.10
-135666.060   204.608    -0.63    8.88
-135289.819   202.563    -5.44    8.76
-134913.596   200.926    -4.35   10.85
-134537.392   197.858    -8.15   15.27
-134161.207   192.008   -15.55   17.31
-133785.040   184.564   -19.79   17.63
-133408.892   177.427   -18.98   10.40
-133032.763   176.748    -1.80    9.38
-132656.652   192.942    43.06   32.84
-132280.560   210.433    46.51   38.26
-131904.487   222.245    31.41   39.04
-131528.432   226.934    12.47   34.62
-131152.396   222.934   -10.64   32.29
-130776.378   220.764    -5.77   32.54
-130400.380   219.562    -3.20   29.34
-130024.399   220.369     2.15   25.71
-129648.438   215.704   -12.41   25.37
-129272.495   206.008   -25.79   26.59
-128896.571   190.422   -41.47   25.14
-128520.665   182.927   -19.94   20.54
-128144.778   187.631    12.52   24.09
-127768.909   195.608    21.23   27.93
-127393.059   215.152    52.00   28.65
-127017.228   222.004    18.23   29.58
-126641.415   217.097   -13.06   31.43
-126265.621   203.358   -36.56   30.55
-125889.845   190.282   -34.80   21.09
-125514.088   184.381   -15.71   11.91
-125138.349   183.818    -1.50    8.43
-124762.629   188.586    12.69   10.26
-124386.928   192.678    10.89   10.89
-124011.245   195.786     8.27    9.21
-123635.581   197.897     5.62    8.09
-123259.935   196.630    -3.37    7.51
-122884.308   200.427    10.11   11.61
-122508.699   209.063    23.00   14.75
-122133.109   215.904    18.22   13.55
-121757.537   215.831    -0.20   10.34
-121381.984   213.336    -6.64    8.69
-121006.449   206.764   -17.50    8.47
-120630.933   202.654   -10.95    7.23
-120255.436   202.831     0.47    6.83
-119879.957   208.431    14.92   10.58
-119504.496   214.722    16.76   11.19
-119129.054   217.853     8.34    8.15
-118753.630   217.957     0.28    6.27
-118378.225   218.297     0.91    6.09
-118002.838   219.836     4.10    7.81
-117627.470   223.518     9.81   13.52
-117252.120   225.764     5.99   13.74
-116876.789   228.813     8.12   13.41
-116501.476   229.108     0.79   11.48
-116126.182   231.989     7.68   11.10
-115750.906   238.000    16.02   13.40
-115375.648   246.399    22.39   21.15
-115000.409   255.472    24.18   22.47
-114625.188   264.018    22.78   20.18
-114249.986   270.768    17.99   15.42
-113874.802   270.808     0.11    9.69
-113499.637   269.870    -2.50    9.45
-113124.490   267.782    -5.57    9.20
-112749.361   264.008   -10.06    6.20
-112374.251   263.858    -0.40    6.35
-111999.159   263.489    -0.98    7.13
-111624.086   262.745    -1.99    6.75
-111249.031   261.404    -3.58    5.80
-110873.994   260.683    -1.92    5.14
-110498.976   259.964    -1.92    4.08
-110123.976   261.063     2.93    4.62
-109748.995   260.608    -1.21    4.65
-109374.032   259.818    -2.11    4.41
-108999.087   262.408     6.91    6.52
-108624.161   262.858     1.20    7.70
-108249.253   265.358     6.67    7.54
-107874.363   264.497    -2.30    6.89
-107499.492   263.654    -2.25    6.67
-107124.639   263.540    -0.30    6.30
-106749.804   262.858    -1.82    6.16
-106374.988   261.783    -2.87    6.24
-106000.190   261.108    -1.80    6.24
-105625.410   261.508     1.07    6.91
-105250.649   261.875     0.98    6.90
-104875.906   262.358     1.29    6.48
-104501.181   263.040     1.82    7.55
-104126.475   261.631    -3.76   12.02
-103751.787   255.983   -15.07   14.21
-103377.117   250.018   -15.92   19.80
-103002.465   244.243   -15.42   25.87
-102627.832   238.290   -15.89   23.01
-102253.217   237.399    -2.38   25.24
-101878.620   235.927    -3.93   22.90
-101504.042   240.131    11.23   26.75
-101129.482   244.316    11.17   32.33
-100754.940   248.881    12.19   35.55
-100380.416   251.121     5.98   36.75
-100005.911   258.495    19.69   47.23
 -99631.424   279.177    55.23   64.07
 -99256.955   292.748    36.24   67.48
 -98882.504   307.654    39.81   58.59
 -98508.072   297.083   -28.23   49.28
 -98133.658   278.949   -48.44   45.06
 -97759.262   265.511   -35.90   36.48
 -97384.884   261.427   -10.91   34.06
 -97010.524   268.313    18.40   33.61
 -96636.183   273.004    12.53   34.93
 -96261.860   282.154    24.45   42.77
 -95887.555   287.333    13.84   39.07
 -95513.268   305.904    49.62   48.98
 -95139.000   326.706    55.59   61.51
 -94764.750   362.404    95.39   84.57
 -94390.518   423.404   163.01   98.29
 -94016.304   446.841    62.64   90.00
 -93642.108   457.653    28.90   79.33
 -93267.930   447.108   -28.18   87.07
 -92893.771   449.722     6.99   98.90
 -92519.630   469.508    52.89  111.46
 -92145.507   514.768   120.98  111.67
 -91771.402   553.677   104.01  100.19
 -91397.315   573.027    51.73   87.74
 -91023.246   600.164    72.55   71.95
 -90649.196   623.008    61.08   60.68
 -90275.163   648.336    67.72   46.44
 -89901.149   657.283    23.93   36.72
 -89527.153   635.858   -57.29   49.19
 -89153.175   616.063   -52.94   48.72
 -88779.215   621.585    14.77   57.16
 -88405.273   633.475    31.80   65.95
 -88031.350   635.233     4.70   74.45
 -87657.444   654.358    51.15   92.98
 -87283.557   680.958    71.15  104.76
 -86909.687   706.381    68.00   97.74
 -86535.836   734.995    76.54   90.88
 -86162.003   767.841    87.87   64.61
 -85788.188   795.142    73.04   55.14
 -85414.391   812.608    46.73   48.60
 -85040.612   796.108   -44.15   61.18
 -84666.851   766.942   -78.04   62.21
 -84293.108   731.957   -93.61   60.21
 -83919.383   696.222   -95.63   84.45
 -83545.677   659.981   -96.99  115.35
 -83171.988   601.031  -157.76  144.48
 -82798.318   549.308  -138.43  147.18
 -82424.665   484.927  -172.32  142.24
 -82051.030   438.558  -124.11  124.88
 -81677.414   380.864  -154.43  113.36
 -81303.816   322.222  -156.98   92.24
 -80928.716   297.745   -65.26   71.97
 -80551.502   270.031   -73.48   61.96
 -80174.306   256.483   -35.92   57.14
 -79797.128   238.086   -48.78   37.45
 -79419.969   225.469   -33.45   17.42
 -79042.828   221.995    -9.21    7.97
 -78665.706   222.040     0.12    7.54
 -78288.602   220.466    -4.18    7.38
 -77911.516   218.942    -4.04    6.72
 -77534.448   217.446    -3.97   10.83
 -77157.399   217.086    -0.95   11.57
 -76780.369   214.586    -6.63   13.26
 -76403.356   212.565    -5.36   17.47
 -76026.362   210.358    -5.85   18.16
 -75649.387   207.013    -8.87   18.06
 -75272.429   201.608   -14.34   18.85
 -74895.490   196.063   -14.71   18.96
 -74518.570   194.108    -5.19   17.40
 -74141.667   189.086   -13.33   14.90
 -73764.783   189.086     0.00   14.83
 -73387.918   189.313     0.60   15.52
 -73011.070   187.540    -4.70   13.81
 -72634.241   185.222    -6.15   12.61
 -72257.430   182.154    -8.14   11.01
 -71880.638   180.564    -4.22    9.57
 -71503.864   180.995     1.14   10.66
 -71127.108   186.995    15.93   14.99
 -70750.370   192.813    15.44   16.38
 -70373.650   194.358     4.10   15.75
 -69996.949   193.562    -2.11   15.70
 -69620.266   195.768     5.86   18.61
 -69243.602   207.466    31.06   28.46
 -68866.955   211.245    10.03   25.64
 -68490.327   214.630     8.99   24.21
 -68113.717   218.515    10.32   24.06
 -67737.126   219.768     3.33   26.17
 -67360.552   236.466    44.34   28.63
 -66983.997   251.022    38.66   29.65
 -66607.460   267.236    43.07   24.18
 -66230.941   279.972    33.83   19.59
 -65854.441   293.585    36.16   20.53
 -65477.959   295.376     4.76   23.26
 -65101.494   297.449     5.51   30.88
 -64725.049   290.283   -19.04   33.75
 -64348.621   261.653   -76.06   45.28
 -63972.211   226.699   -92.87   42.92
 -63595.820   206.632   -53.32   35.73
 -63219.447   184.518   -58.76   21.60
 -62843.092   178.308   -16.50   14.45
 -62466.755   175.018    -8.75   11.52
 -62090.437   173.228    -4.76    7.35
 -61714.136   175.720     6.62    9.31
 -61337.854   182.427    17.83   13.79
 -60961.590   206.086    62.88   40.78
 -60585.344   244.154   101.18   67.88
 -60209.116   267.783    62.81   74.04
 -59832.906   282.631    39.47   78.74
 -59456.715   273.236   -24.97   87.87
 -59080.542   261.699   -30.67   83.45
 -58704.386   245.564   -42.90   79.26
 -58328.249   226.487   -50.72   69.51
 -57952.130   199.927   -70.62   48.97
 -57576.029   182.858   -45.38   24.21
 -57199.947   183.040     0.48   25.33
 -56823.882   183.336     0.79   29.56
 -56447.835   190.725    19.65   41.74
 -56071.807   194.964    11.27   47.71
 -55695.797   196.133     3.11   47.93
 -55319.804   189.836   -16.75   43.68
 -54943.830   185.258   -12.18   38.94
 -54567.874   181.427   -10.19   36.44
 -54191.936   174.586   -18.20   29.90
 -53816.016   166.701   -20.97   17.44
 -53440.114   162.222   -11.92    8.00
 -53064.230   161.483    -1.97    8.96
 -52688.364   161.722     0.63   10.44
 -52312.517   162.167     1.18   10.72
 -51936.687   164.268     5.59   14.10
 -51560.876   170.927    17.72   20.95
 -51185.082   175.942    13.35   22.33
 -50809.306   179.904    10.54   25.68
 -50433.549   181.194     3.43   23.80
 -50057.809   187.449    16.65   33.76
 -49682.088   204.771    46.11   44.97
 -49306.385   220.495    41.85   56.38
 -48930.699   243.632    61.59   71.71
 -48555.032   258.243    38.89   73.45
 -48179.382   251.858   -17.00   70.53
 -47803.751   235.306   -44.07   57.93
 -47428.137   221.204   -37.55   41.93
 -47052.542   210.745   -27.85   34.66
 -46676.965   223.540    34.07   38.63
 -46301.405   254.408    82.20   54.56
 -45925.864   284.194    79.32   61.20
 -45550.340   296.520    32.82   60.19
 -45174.835   292.177   -11.57   59.63
 -44799.347   293.251     2.86   58.48
 -44423.877   319.018    68.63   71.89
 -44048.426   357.563   102.67   75.10
 -43672.992   398.565   109.22   69.88
 -43297.576   398.347    -0.58   80.85
 -42922.179   395.768    -6.87   83.98
 -42546.799   398.836     8.17   79.89
 -42171.437   424.453    68.25   87.08
 -41796.093   475.222   135.27   87.20
 -41420.767   529.966   145.86   69.18
 -41045.458   558.208    75.26   63.43
 -40670.168   584.097    68.98   53.82
 -40294.896   603.142    50.75   52.09
 -39919.641   619.771    44.32   54.71
 -39544.405   622.720     7.86   57.52
 -39169.186   636.836    37.62   59.18
 -38793.985   656.037    51.18   62.73
 -38418.803   666.422    27.68   70.17
 -38043.638   671.981    14.82   66.71
 -37668.491   672.563     1.55   64.47
 -37293.361   657.154   -41.08   46.63
 -36918.250   648.435   -23.25   42.81
 -36543.157   646.518    -5.11   40.64
 -36168.081   645.904    -1.64   39.02
 -35793.023   639.722   -16.48   50.48
 -35417.983   619.449   -54.06   60.09
 -35042.961   584.904   -92.12   67.46
 -34667.957   549.881   -93.40   56.76
 -34292.971   528.949   -55.82   35.72
 -33918.002   528.446    -1.34   30.70
 -33543.051   528.563     0.31   28.60
 -33168.119   528.881     0.85   26.13
 -32793.203   524.245   -12.37   27.77
 -32418.306   516.381   -20.98   28.18
 -32043.427   515.699    -1.82   29.59
 -31668.565   505.563   -27.04   42.40
 -31293.721   483.449   -59.00   62.22
 -30918.895   451.904   -84.16   80.79
 -30544.087   421.131   -82.10   87.71
 -30169.297   391.177   -79.93   89.87
 -29794.524   351.654  -105.46   88.01
 -29419.769   326.472   -67.20   87.20
 -29045.032   294.563   -85.15   83.16
 -28670.313   264.995   -78.91   73.76
 -28295.611   243.768   -56.65   56.43
 -27920.928   227.518   -43.37   41.37
 -27546.262   219.040   -22.63   31.46
 -27171.613   216.108    -7.83   33.36
 -26796.983   210.701   -14.43   31.03
 -26422.370   201.768   -23.85   18.94
 -26047.775   197.154   -12.32   11.96
 -25673.198   197.813     1.76   11.38
 -25298.638   198.677     2.31   10.13
 -24924.096   198.631    -0.12    8.07
 -24549.572   196.472    -5.77    6.79
 -24175.066   192.972    -9.35    6.87
 -23800.577   190.086    -7.71    7.30
 -23426.106   186.540    -9.47    6.39
 -23051.653   184.336    -5.89    5.59
 -22677.218   182.236    -5.61    6.01
 -22302.800   179.768    -6.59    5.84
 -21928.400   178.562    -3.22    5.38
 -21554.017   178.563     0.00    4.64
 -21179.653   177.761    -2.14    4.73
 -20805.305   178.472     1.90    4.98
 -20430.976   176.904    -4.19    4.54
 -20056.664   175.585    -3.52    4.54
 -19682.370   175.131    -1.21    4.75
 -19308.094   174.120    -2.70    4.22
 -18933.835   173.949    -0.46    4.65
 -18559.594   174.653     1.88    4.96
 -18185.371   175.120     1.25    5.11
 -17811.165   175.186     0.18    5.75
 -17436.977   175.515     0.88    6.07
 -17062.806   174.911    -1.62    6.03
 -16688.653   175.120     0.56    6.26
 -16314.518   175.858     1.97    7.46
 -15940.401   176.475     1.65    7.50
 -15566.301   176.167    -0.82    6.73
 -15192.218   176.897     1.95    6.27
 -14818.153   178.027     3.02    6.48
 -14444.106   178.608     1.55    6.66
 -14070.077   177.539    -2.86    7.19
 -13696.065   176.722    -2.18    7.26
 -13322.070   178.008     3.44   10.18
 -12948.094   179.904     5.07   11.91
 -12574.134   184.564    12.46   15.98
 -12200.193   188.422    10.32   17.56
 -11826.269   185.678    -7.34   15.70
 -11452.362   183.858    -4.87   13.24
 -11078.473   180.376    -9.31   10.46
 -10704.602   178.320    -5.50    9.54
 -10330.748   175.608    -7.25    7.99
  -9956.912   173.075    -6.78    8.23
  -9583.093   171.841    -3.30    7.62
  -9209.292   169.836    -5.36    6.92
  -8835.509   170.040     0.55    6.21
  -8461.743   170.213     0.46    5.68
  -8087.994   174.108    10.42   11.48
  -7714.263   181.404    19.52   19.67
  -7340.550   184.290     7.72   35.44
  -6966.854   181.957    -6.24   43.63
  -6593.175   167.540   -38.58   43.98
  -6219.515   143.177   -65.20   36.56
  -5843.971   125.631   -46.72   32.73
  -5466.809   113.472   -32.24   34.69
  -5089.666   107.222   -16.57   35.50
  -4712.540   104.540    -7.11   35.20
  -4335.432    96.442   -21.48   33.68
  -3958.342    89.245   -19.09   33.09
  -3581.270    82.826   -17.02   32.48
  -3204.216    70.495   -32.70   32.07
  -2827.179    60.972   -25.26   29.69
  -2450.161    48.934   -31.93   18.11
  -2073.160    44.520   -11.71   16.82
  -1696.177    41.989    -6.71   20.26
  -1319.212    34.358   -20.24   27.19
   -942.264    22.818   -30.62   26.64
   -565.335    14.422   -22.27   23.82
   -188.423    10.995    -9.09   24.55
    188.471     8.585    -6.39   20.63
    565.347    13.804    13.85   26.30
    942.206    19.654    15.52   28.12
   1319.047    23.518    10.25   32.80
   1695.870    29.942    17.05   37.00
   2072.675    40.783    28.77   37.41
   2449.462    47.881    18.84   35.14
   2826.232    60.218    32.74   31.31
   3202.984    64.358    10.99   28.76
   3579.718    76.881    33.24   39.53
   3956.434    88.446    30.70   34.66
   4333.133    94.177    15.21   33.42
   4709.814    94.658     1.28   26.42
   5086.477    89.540   -13.59   31.69
   5463.122    95.050    14.63   48.49
   5839.750    92.404    -7.03   48.31
   6216.360    90.864    -4.09   41.42
   6592.952    83.532   -19.47   26.48
   6969.527    89.904    16.92   23.42
   7346.084   110.877    55.70   38.97
   7722.623   157.495   123.81   89.23
   8099.144   216.748   157.37  107.26
   8475.648   262.540   121.62   95.81
   8852.134   324.608   164.86   75.80
   9228.602   373.793   130.65   80.88
   9605.053   413.358   105.10   79.79
   9981.486   452.283   103.40   58.66
  10357.901   454.653     6.30   56.86
  10734.299   428.275   -70.08   56.12
  11110.679   406.132   -58.83   50.91
  11487.042   387.177   -50.36   52.65
  11863.386   369.942   -45.79   49.70
  12239.713   358.540   -30.30   54.36
  12616.023   344.472   -37.38   61.22
  12992.315   352.283    20.76   73.76
  13368.589   359.986    20.47   68.48
  13744.845   376.608    44.18   56.51
  14121.084   380.699    10.87   45.20
  14497.305   377.583    -8.28   39.80
  14873.509   366.018   -30.74   43.62
  15249.695   338.631   -72.80   50.56
  15625.863   325.353   -35.30   50.79
  16002.014   310.586   -39.26   45.12
  16378.148   319.008    22.39   52.46
  16754.263   325.336    16.82   44.99
  17130.361   338.515    35.04   45.14
  17506.442   361.268    60.50   44.23
  17882.504   372.957    31.08   43.45
  18258.550   384.535    30.79   41.34
  18634.577   375.018   -25.31   51.41
  19010.588   361.883   -34.93   39.12
  19386.580   339.841   -58.62   38.45
  19762.555   321.422   -48.99   40.09
  20138.513   310.864   -28.08   46.75
  20514.452   298.275   -33.49   54.57
  20890.375   292.358   -15.74   56.53
  21266.280   283.040   -24.79   50.96
  21642.167   268.974   -37.42   51.93
  22018.037   266.466    -6.67   52.45
  22393.889   265.562    -2.40   46.26
  22769.723   276.156    28.19   46.41
  23145.541   301.154    66.51   54.32
  23521.340   327.291    69.55   53.91
  23897.122   348.290    55.88   42.52
  24272.887   358.678    27.64   33.60
  24648.634   359.336     1.75   30.54
  25024.364   356.981    -6.27   30.03
  25400.076   361.466    11.94   31.93
  25775.770   356.995   -11.90   26.82
  26151.447   350.306   -17.80   21.62
  26527.107   344.942   -14.28   22.83
  26902.749   335.981   -23.86   19.57
  27278.374   337.742     4.69   19.71
  27653.981   343.131    14.35   19.05
  28029.571   350.442    19.46   19.40
  28405.143   356.075    15.00   22.27
  28780.698   358.701     6.99   24.03
  29156.235   365.037    16.87   22.16
  29531.755   368.404     8.97   19.35
  29907.258   372.608    11.20   24.45
  30282.743   385.053    33.14   28.28
  30658.210   397.394    32.87   31.91
  31033.660   413.858    43.85   31.18
  31409.093   423.748    26.34   25.52
  31784.508   420.063    -9.82   23.64
  32159.906   411.313   -23.31   24.91
  32535.287   399.394   -31.75   22.72
  32910.650   388.253   -29.68   20.94
  33285.995   382.422   -15.53   25.56
  33661.324   382.027    -1.05   23.12
  34036.635   381.562    -1.24   23.89
  34411.928   392.720    29.73   25.50
  34787.204   411.586    50.27   27.91
  35162.463   425.438    36.91   30.27
  35537.704   431.677    16.63   30.48
  35912.928   436.631    13.20   34.45
  36288.135   426.063   -28.17   35.18
  36663.324   412.283   -36.73   32.33
  37038.496   410.957    -3.53   34.06
  37413.650   405.290   -15.11   33.74
  37788.787   404.251    -2.77   33.88
  38163.907   400.086   -11.10   29.71
  38539.009   391.678   -22.41   27.92
  38914.095   388.086    -9.58   28.33
  39289.162   383.469   -12.31   23.41
  39664.213   383.728     0.69   19.88
  40039.246   387.268     9.44   21.63
  40414.262   394.446    19.14   23.97
  40789.260   408.697    38.00   30.27
  41164.241   417.283    22.90   41.19
  41539.205   428.186    29.08   53.12
  41914.151   436.376    21.84   58.76
  42289.081   445.585    24.56   67.96
  42663.993   459.190    36.29   65.07
  43038.887   469.469    27.42   64.96
  43413.764   474.904    14.50   64.24
  43788.624   476.177     3.40   67.62
  44163.467   471.897   -11.42   69.78
  44538.293   474.336     6.51   63.27
  44913.101   477.918     9.56   60.07
  45287.892   490.399    33.30   61.33
  45662.666   499.290    23.72   66.12
  46037.422   500.836     4.12   68.97
  46412.161   503.888     8.14   71.92
  46786.883   484.981   -50.45   71.66
  47161.588   477.040   -21.19   69.07
  47536.275   466.989   -26.82   63.71
  47910.945   459.927   -18.85   57.58
  48285.598   455.427   -12.01   57.10
  48660.234   451.177   -11.34   54.21
  49034.852   448.097    -8.22   53.52
  49409.454   440.942   -19.10   55.42
  49784.038   428.268   -33.83   52.00
  50158.604   425.911    -6.29   51.31
  50533.154   425.075    -2.23   48.84
  50907.686   425.329     0.68   49.33
  51282.202   428.520     8.52   53.12
  51656.700   431.495     7.94   47.18
  52031.181   430.347    -3.07   43.43
  52405.644   426.677    -9.80   43.60
  52780.091   404.608   -58.93   47.25
  53154.520   392.586   -32.11   58.29
  53528.932   374.586   -48.07   69.41
  53903.327   366.008   -22.91   74.83
  54277.705   363.841    -5.79   67.35
  54652.065   355.942   -21.10   69.83
  55026.409   352.518    -9.15   71.96
  55400.735   332.841   -52.56   74.27
  55775.044   331.446    -3.73   75.99
  56149.336   339.027    20.25   73.69
  56523.611   345.520    17.35   68.84
  56897.869   364.768    51.43   55.15
  57272.109   374.730    26.62   39.15
  57646.333   387.563    34.29   26.05
  58020.539   398.745    29.88   22.53
  58394.728   407.918    24.51   19.39
  58768.900   414.539    17.69   11.74
  59143.055   418.697    11.11   12.75
  59517.193   421.108     6.44   13.43
  59891.314   424.132     8.08   14.15
  60265.418   422.790    -3.59   14.64
  60639.504   420.748    -5.46   11.83
  61013.574   423.537     7.46   15.90
  61387.626   434.108    28.26   27.68
  61761.661   449.981    42.43   39.49
  62135.679   471.630    57.88   59.98
  62509.681   508.704    99.12   86.35
  62883.665   527.154    49.33   90.02
  63257.632   574.108   125.55   88.34
  63631.582   604.013    79.97   81.44
  64005.515   669.699   175.65   82.67
  64379.430   718.489   130.48   67.74
  64753.329   760.927   113.49   52.31
  65127.211   792.291    83.88   43.59
  65501.076   802.813    28.14   47.19
  65874.923   801.560    -3.35   63.12
  66248.754   796.290   -14.09   79.15
  66622.568   798.841     6.82   67.12
  66996.364   794.394   -11.90   59.96
  67370.144   772.131   -59.56   77.54
  67743.906   725.608  -124.46   63.00
  68117.652   692.131   -89.57   53.14
  68491.380   660.847   -83.70   54.86
  68865.092   645.131   -42.05   51.36
  69241.066   626.655   -49.14   42.10
  69618.184   612.833   -36.65   37.42
  69995.286   596.222   -44.05   36.06
  70372.370   579.633   -43.99   33.47
  70749.437   571.823   -20.71   29.71
  71126.486   565.795   -15.99   35.09
  71503.518   570.074    11.35   40.59
  71880.533   577.540    19.80   45.06
  72257.531   596.085    49.19   42.21
  72634.511   609.422    35.38   46.96
  73011.474   621.966    33.27   42.52
  73388.420   648.586    70.62   44.59
  73765.348   667.585    50.40   42.87
  74142.259   688.085    54.38   29.89
  74519.153   688.031    -0.14   29.83
  74896.030   685.236    -7.41   26.48
  75272.889   672.728   -33.19   33.62
  75649.731   646.888   -68.57   46.14
  76026.556   611.745   -93.25   63.33
  76403.363   563.108  -129.07   84.05
  76780.154   506.608  -149.94   87.71
  77156.927   482.745   -63.33   73.78
  77533.683   467.050   -41.65   66.04
  77910.421   474.631    20.12   65.70
  78287.143   474.748     0.31   43.07
  78663.847   470.180   -12.13   38.19
  79040.534   479.399    24.47   39.02
  79417.203   491.678    32.60   40.55
  79793.856   500.040    22.20   43.10
  80170.491   500.074     0.09   38.09
  80547.109   508.154    21.45   37.39
  80923.710   511.446     8.74   39.27
  81300.294   516.306    12.91   39.26
  81676.860   514.290    -5.35   47.34
  82053.409   506.655   -20.28   66.21
  82429.941   484.231   -59.55   85.61
  82806.456   465.446   -49.89   95.96
  83182.954   427.515  -100.74  111.78
  83559.435   377.376  -133.17  111.45
  83935.898   329.818  -126.32   93.73
  84312.344   298.911   -82.10   65.01
  84688.773   291.836   -18.79   58.50
  85065.185   310.699    50.11   70.11
  85441.580   334.199    62.43   73.45
  85817.958   343.841    25.62   62.22
  86194.318   359.108    40.56   46.70
  86570.662   350.745   -22.22   50.28
  86946.988   330.027   -55.05   46.95
  87323.297   320.446   -25.46   48.69
  87699.589   316.404   -10.74   49.60
  88075.864   309.631   -18.00   50.82
  88452.122   303.608   -16.01   51.81
  88828.362   294.004   -25.53   52.54
  89204.586   288.911   -13.54   56.14
  89580.792   271.156   -47.19   59.49
  89956.981   248.120   -61.23   51.69
  90333.154   226.949   -56.27   35.55
  90709.309   213.495   -35.77   16.99
  91085.447   208.040   -14.50   13.76
  91461.568   212.608    12.14   24.02
  91837.672   211.981    -1.67   26.86
  92213.759   220.449    22.52   36.03
  92589.828   237.949    46.53   55.05
  92965.881   286.813   129.93  100.27
  93341.917   349.329   166.24  129.26
  93717.935   432.190   220.34  115.98
  94093.937   479.204   125.03   90.48
  94469.921   503.283    64.04   70.73
  94845.888   500.542    -7.29   58.04
  95221.839   500.655     0.30   45.79
  95597.772   480.920   -52.49   52.87
  95973.689   439.981  -108.90   78.18
  96349.588   392.677  -125.83   82.71
  96725.470   342.799  -132.68   74.09
  97101.335   289.422  -142.00   77.00
  97477.184   236.518  -140.75   85.03
  97853.015   195.063  -110.29   73.32
  98228.829   164.539   -81.21   52.31
  98604.626   160.918    -9.63   48.54
  98980.406   182.245    56.75   59.03
  99356.170   208.342    69.44   69.39
  99731.916   225.131    44.68   59.97
 100107.645   224.653    -1.27   55.57
 100483.357   215.678   -23.89   57.71
 100859.053   190.492   -67.03   48.19
 101234.731   192.299     4.81   45.96
 101610.392   212.539    53.87   50.00
 101986.037   238.492    69.08   52.27
 102361.664   258.492    53.24   41.21
 102737.274   265.449    18.52   30.19
 103112.868   257.561   -21.00   34.12
 103488.445   246.268   -30.07   30.84
 103864.004   245.446    -2.19   31.52
 104239.547   264.725    51.33   38.39
 104615.073   290.699    69.16   42.65
 104990.581   319.701    77.23   46.78
 105366.073   336.236    44.03   46.95
 105741.548   348.847    33.58   46.70
 106117.006   356.306    19.87   41.97
 106492.447   385.313    77.25   58.03
 106867.872   416.957    84.28   63.47
 107243.279   440.427    62.51   55.15
 107618.669   442.329     5.07   52.38
 107994.043   427.446   -39.65   53.91
 108369.400   401.275   -69.72   42.42
 108744.739   385.748   -41.36   29.88
 109120.062   375.120   -28.31   24.17
 109495.368   371.422    -9.85   19.67
 109870.657   370.631    -2.11   19.09
 110245.929   369.228    -3.74   17.89
 110621.185   366.881    -6.25   19.73
 110996.423   362.222   -12.42   17.20
 111371.645   364.701     6.61   21.91
 111746.850   375.540    28.88   34.24
 112122.038   402.050    70.65   49.34
 112497.209   419.306    45.99   51.68
 112872.363   429.442    27.01   48.05
 113247.500   430.097     1.75   44.93
 113622.621   425.222   -12.99   44.10
 113997.724   422.678    -6.78   40.56
 114372.811   419.408    -8.72   40.46
 114747.881   419.074    -0.89   39.30
 115122.935   426.704    20.34   42.17
 115497.971   451.751    66.78   46.84
 115872.991   494.911   115.07   60.81
 116247.994   535.836   109.12   51.96
 116622.980   546.888    29.47   39.18
 116997.949   537.927   -23.90   50.46
 117372.901   506.818   -82.96   70.32
 117747.837   451.722  -146.93   89.31
 118122.756   394.167  -153.50  105.87
 118497.658   320.399  -196.74  116.93
 118872.543   280.177  -107.28   91.48
 119247.412   277.245    -7.82   91.81
 119622.263   295.074    47.56   98.45
 119997.098   321.823    71.36   96.99
 120371.917   320.632    -3.18   90.34
 120746.718   332.964    32.90   96.16
 121121.503   368.050    93.61  100.17
 121496.271   423.836   148.84   80.87
 121871.022   447.446    63.00   65.34
 122245.756   426.632   -55.54   83.75
 122620.474   357.823  -183.61  115.45
 122995.175   286.795  -189.54  102.21
 123369.859   265.631   -56.48   76.63
 123744.527   281.427    42.15   85.86
 124119.178   338.858   153.28   97.83
 124493.812   400.422   164.31   84.37
 124868.429   455.469   146.92   82.18
 125243.030   482.108    71.11   95.38
 125617.614   478.836    -8.74  107.63
 125992.181   433.725  -120.42  128.90
 126366.732   373.881  -159.76  108.74
 126741.266   320.927  -141.37   71.62
 127115.783   295.927   -66.75   47.70
 127490.284   313.795    47.71   63.26
 127864.768   361.539   127.48   82.96
 128239.235   436.562   200.32  106.46
 128613.685   514.260   207.47   88.33
 128988.119   554.515   107.50   67.50
 129362.536   553.795    -1.93   62.12
 129736.937   536.875   -45.19   68.70
 130111.321   513.228   -63.16   61.79
 130485.688   488.050   -67.25   47.12
 130860.039   479.177   -23.70   48.14
 131234.373   491.336    32.48   49.96
 131608.690   511.449    53.73   57.00
 131982.991   533.422    58.70   49.80
 132357.275   547.306    37.09   38.97
 132731.542   544.881    -6.48   41.58
 133105.793   540.442   -11.86   39.87
 133480.027   542.353     5.11   35.16
 133854.245   536.167   -16.53   39.79
 134228.446   534.911    -3.36   41.69
 134602.630   527.004   -21.13   47.77
 134976.798   526.251    -2.01   46.09
 135350.949   545.004    50.11   42.42
 135725.083   562.469    46.68   37.47
 136099.201   565.190     7.27   43.58
 136473.303   574.061    23.71   41.64
 136847.388   562.562   -30.74   50.03
 137221.456   567.313    12.70   45.29
 137595.507   549.180   -48.47   57.40
 137969.543   512.858   -97.10   82.56
 138343.561   481.353   -84.23   85.34
 138717.563   454.632   -71.44   78.39
 139091.548   449.678   -13.24   78.55
 139465.517   469.472    52.92   83.53
 139839.470   478.894    25.19   78.24
 140213.405   496.783    47.83   74.80
 140587.325   500.131     8.95   76.50
 140961.227   505.047    13.15   77.11
 141335.113   514.942    26.46   79.28
 141708.983   539.966    66.92   97.70
 142082.836   570.004    80.34  101.63
 142456.673   614.745   119.67   89.65
 142830.493   642.533    74.33   81.21
 143204.296   638.268   -11.41   92.34
 143578.083   632.660   -15.00   98.39
 143951.854   619.370   -35.55  100.86
 144328.263   617.981    -3.69  101.47
 144705.340   621.539     9.43  103.82
 145082.400   614.836   -17.77  102.88
 145459.443   601.808   -34.55   96.56
 145836.469   607.836    15.98  101.66
 146213.479   620.466    33.50  110.97
 146590.472   643.771    61.81  117.34
 146967.448   683.632   105.72  112.72
 147344.407   728.133   118.04  103.18
 147721.350   794.768   176.75  106.21
 148098.275   881.194   229.26   87.26
 148475.184   932.799   136.90   63.34
 148852.076   965.213    85.99   56.96
 149228.952   990.989    68.39   61.92
 149605.810   999.608    22.87   55.24
 149982.652   987.926   -31.00   62.33
 150359.478   979.422   -22.56   62.27
 150736.286   976.347    -8.16   50.47
 151113.078   993.818    46.36   71.21
 151489.853  1031.632   100.35  105.09
 151866.611  1066.208    91.76  117.20
 152243.352  1106.836   107.82  121.92
 152620.077  1146.389   104.98  131.27
 152996.785  1163.823    46.27  141.47
 153373.476  1209.353   120.85  134.98
 153750.151  1247.828   102.13  114.21
 154126.809  1265.972    48.16   75.52
 154503.450  1234.725   -82.95   77.78
 154880.075  1190.489  -117.44   75.74
 155256.682  1168.888   -57.35   80.92
 155633.274  1154.399   -38.47   83.59
 156009.848  1156.585     5.80   75.73
 156386.406  1153.489    -8.22   45.96
 156762.947  1148.167   -14.13   49.79
 157139.471  1138.799   -24.88   60.31
 157515.979  1132.870   -15.74   62.29
 157892.470  1148.608    41.80   59.31
 158268.944  1161.918    35.35   60.77
 158645.402  1167.515    14.87   60.34
 159021.843  1162.655   -12.91   57.73
 159398.268  1158.942    -9.86   55.95
 159774.675  1157.934    -2.68   62.23
 160151.067  1165.764    20.80   72.61
 160527.441  1194.063    75.18   76.74
 160903.799  1202.228    21.69   90.04
 161280.140  1204.585     6.26   95.28
 161656.465  1210.704    16.26  101.56
 162032.773  1202.299   -22.33  105.66
 162409.064  1212.768    27.82   91.44
 162785.339  1215.823     8.12   81.38
 163161.597  1212.472    -8.90   65.56
 163537.839  1224.306    31.45   62.69
 163914.064  1213.513   -28.68   64.62
 164290.272  1239.515    69.11   82.27
 164666.464  1245.808    16.73   92.54
 165042.639  1238.018   -20.71   92.70
 165418.798  1219.918   -48.11   97.42
 165794.940  1172.469  -126.13  102.73
 166171.065  1108.027  -171.31  113.58
 166547.174  1045.228  -166.95  121.16
 166923.266   986.154  -157.05  117.51
 167299.342   962.656   -62.47  113.66
 167675.401   950.154   -33.24   95.28
 168051.444   923.725   -70.27   90.11
 168427.470   859.894  -169.73  116.55
 168803.479   759.213  -267.72  137.59
 169179.472   687.564  -190.53  119.27
 169555.449   643.495  -117.20  101.17
 169931.409   611.204   -85.88   87.71
 170307.352   615.027    10.17   87.80
 170683.279   619.562    12.06   95.91
 171059.189   655.370    95.24  121.73
 171435.083   706.818   136.85  137.84
 171810.960   783.942   205.15  153.09
 172186.821   867.563   222.45  160.45
 172562.665   924.120   150.46  150.31
 172938.493   959.422    93.92  126.65
 173314.304   940.376   -50.67  118.46
 173690.099   896.268  -117.36  125.73
 174065.877   867.290   -77.10   98.96
 174441.639   879.340    32.06   94.05
 174817.384   936.306   151.59  106.95
 175193.113  1007.097   188.38   87.98
 175568.826  1043.442    96.72   88.94
 175944.522  1060.608    45.69   86.79
 176320.201  1053.560   -18.76   98.43
 176695.864   999.422  -144.09  106.97
 177071.510   919.894  -211.68  115.75
 177447.140   833.911  -228.87  116.69
 177822.754   770.085  -169.90   91.63
 178198.351   756.222   -36.90   78.60
 178573.932   806.323   133.37  101.07
 178949.496   895.308   236.90   93.18
 179325.044   962.040   177.66   91.79
 179700.575  1033.847   191.18   94.67
 180076.090  1076.608   113.86   84.24
 180451.589  1121.394   119.25   65.79
 180827.071  1151.061    79.00   57.21
 181202.537  1186.132    93.39   58.59
 181577.986  1220.852    92.46   54.49
 181953.419  1245.818    66.49   50.46
 182328.836  1260.487    39.07   42.12
 182704.236  1264.283    10.11   40.25
 183079.619  1264.418     0.36   39.71
 183454.987  1267.708     8.76   44.30
 183830.338  1273.518    15.47   51.61
 184205.672  1260.483   -34.72   58.37
 184580.990  1252.085   -22.37   52.09
 184956.292  1252.513     1.14   52.54
 185331.578  1253.213     1.86   58.94
 185706.847  1242.864   -27.57   57.20
 186082.100  1219.108   -63.30   63.22
 186457.336  1198.245   -55.59   63.43
 186832.556  1180.047   -48.49   70.57
 187207.760  1166.656   -35.69   80.82
 187582.947  1163.888    -7.38   78.11
 187958.118  1145.823   -48.14   80.24
 188333.272  1121.631   -64.47   84.98
 188708.411  1084.019  -100.25   81.04
 189083.533  1052.722   -83.42   80.24
 189458.638  1014.989  -100.58   68.40
 189833.728  1002.260   -33.93   61.55
 190208.801   983.120   -51.02   55.37
 190583.857   967.058   -42.82   42.86
 190958.898   955.199   -31.62   45.13
 191333.922   952.198    -8.00   46.04
 191708.930   961.748    25.46   47.50
 192083.921   971.841    26.91   47.33
 192458.896   986.701    39.62   40.59
 192833.855   980.768   -15.82   46.27
 193208.798   971.898   -23.65   47.54
 193583.724   955.881   -42.71   46.77
 193958.634   938.682   -45.87   35.91
 194333.528   917.446   -56.64   43.27
 194708.405   899.864   -46.89   42.29
 195083.267   888.901   -29.24   43.41
 195458.112   876.699   -32.55   40.32
 195832.940   876.993     0.78   34.77
 196207.753   873.245   -10.00   35.58
 196582.549   862.313   -29.16   36.32
 196957.329   865.074     7.36   37.39
 197332.093   885.222    53.75   56.39
 197706.840   914.872    79.11   64.79
 198081.572   945.108    80.68   51.06
 198456.287   962.891    47.45   38.00
 198830.985   947.655   -40.65   42.06
 199205.668   908.199  -105.29   64.89
 199580.334   871.942   -96.76   77.61
 199954.984   826.540  -121.16   70.94
 200329.618   790.082   -97.30   55.09
 200704.236   757.608   -86.67   75.22
 201078.838   690.120  -180.13  122.63
 201453.423   612.722  -206.59  154.74
 201827.992   522.888  -239.79  125.76
 202202.545   503.044   -52.97  123.74
 202577.082   546.154   115.08  159.71
 202951.602   622.451   203.68  169.84
 203326.107   721.313   263.94  146.18
 203700.595   798.725   206.68   81.17
 204075.067   806.469    20.68  102.08
 204449.523   774.449   -85.49  144.26
 204823.963   711.121  -169.10  156.62
 205198.386   647.381  -170.21  153.47
 205572.794   606.633  -108.82  155.91
 205947.185   583.701   -61.24  133.89
 206321.560   560.949   -60.76  131.68
 206695.919   531.950   -77.45  105.41
 207070.262   540.927    23.98   96.34
 207444.589   574.783    90.43  122.36
 207818.899   671.858   259.30  122.50
 208193.194   748.513   204.76   95.02
 208567.472   786.167   100.58   82.77
 208941.734   817.728    84.31   81.81
 209315.980   862.755   120.29   84.28
 209690.210   912.631   133.25   95.08
 210064.424   964.383   138.27   88.50
 210438.622   998.841    92.07   75.95
 210812.804  1042.074   115.52   61.40
 211186.969  1082.492   108.00   69.41
 211561.119  1141.204   156.89   64.24
 211935.252  1172.085    82.53   48.83
 212309.369  1193.236    56.53   39.12
 212683.471  1179.370   -37.06   63.32
 213057.556  1133.981  -121.31   87.93
 213431.625  1082.586  -137.37   99.34
 213805.678  1023.585  -157.71   91.00
 214179.715   970.949  -140.70   61.86
 214553.736   942.190   -76.88   42.69
 214927.740   922.370   -52.98   44.99
 215301.729   910.347   -32.14   55.25
 215675.702   872.027  -102.45   77.75
 216049.659   854.108   -47.91   70.65
 216423.599   858.562    11.91   69.91
 216797.524   889.404    82.47   82.08
 217171.432   927.446   101.72   78.26
 217545.325   961.180    90.21   64.94
 217919.202   975.199    37.49   63.61
 218293.062   978.949    10.03   72.53
 218666.907   988.957    26.77   73.33
 219040.735  1023.381    92.07   78.36
 219417.573  1058.795    93.96   98.51
 219794.603  1105.320   123.38  103.23
 220171.618  1170.974   174.11  114.45
 220548.616  1234.492   168.45   97.29
 220925.597  1273.097   102.39   89.61
 221302.563  1313.540   107.27   74.03
 221679.512  1341.236    73.46   65.98
 222056.445  1355.864    38.80   56.78
 222433.362  1347.204   -22.97   65.27
 222810.262  1342.190   -13.30   61.71
 223187.146  1321.236   -55.59   57.51
 223564.014  1289.469   -84.28   72.69
 223940.866  1248.190  -109.52   96.65
 224317.701  1196.841  -136.24   93.79
 224694.520  1149.704  -125.07   91.76
 225071.323  1151.585     4.99   93.19
 225448.110  1184.904    88.41   81.37
 225824.880  1219.771    92.52   84.37
 226201.634  1270.446   134.48   75.23
 226578.372  1314.704   117.45   57.28
 226955.094  1337.942    61.67   45.95
 227331.799  1326.539   -30.26   49.70
 227708.488  1284.449  -111.71   86.80
 228085.161  1230.213  -143.96  108.29
 228461.818  1142.655  -232.42  120.77
 228838.459  1052.745  -238.67   90.88
 229215.083  1035.236   -46.48   79.17
 229591.691  1069.515    91.00  113.55
 229968.283  1142.131   192.79  127.10
 230344.859  1216.329   197.00   97.98
 230721.419  1262.858   123.54   77.43
 231097.962  1306.511   115.91   66.09
 231474.490  1320.492    37.12   63.88
 231851.001  1340.934    54.28   68.10
 232227.496  1336.858   -10.82   78.57
 232603.975  1321.399   -41.05   88.42
 232980.437  1301.864   -51.88   84.83
 233356.884  1274.004   -73.99   73.68
 233733.314  1238.981   -93.02   70.31
 234109.728  1215.004   -63.69   66.89
 234486.126  1182.074   -87.47   63.97
 234862.508  1163.376   -49.67   61.99
 235238.874  1145.167   -48.37   67.60
 235615.223  1093.037  -138.49   85.77
 235991.557  1016.911  -202.24  106.85
 236367.874   971.018  -121.93  103.82
 236744.175   957.177   -36.77   96.02
 237120.461   980.888    63.00  114.16
 237496.730  1035.306   144.60  113.56
 237872.982  1091.704   149.86   86.36
 238249.219  1123.489    84.47   65.11
 238625.440  1135.050    30.72   46.53
 239001.644  1135.236     0.49   38.27
 239377.833  1137.632     6.37   33.93
 239754.005  1136.799    -2.21   32.40
 240130.162  1150.347    36.01   28.85
 240506.302  1154.213    10.28   25.67
 240882.426  1151.086    -8.31   26.80
 241258.534  1153.050     5.22   25.06
 241634.626  1146.336   -17.85   26.60
 242010.702  1129.422   -44.96   29.87
 242386.762  1119.989   -25.08   33.14
 242762.806  1113.085   -18.36   37.67
 243138.833  1103.446   -25.63   36.69
 243514.845  1093.841   -25.54   34.74
 243890.841  1087.074   -18.00   31.24
 244266.820  1075.027   -32.03   26.13
 244642.784  1067.177   -20.88   22.84
 245018.732  1059.795   -19.63   23.74
 245394.663  1053.957   -15.52   28.18
 245770.579  1042.097   -31.54   32.12
 246146.478  1036.701   -14.35   31.23
 246522.362  1033.539    -8.41   30.18
 246898.229  1030.585    -7.86   28.47
 247274.080  1048.347    47.25   41.34
 247649.916  1078.771    80.94   57.22
 248025.735  1107.489    76.40   52.45
 248401.539  1102.515   -13.23   58.46
 248777.326  1080.097   -59.65   75.14
 249153.097  1044.358   -95.09   68.96
 249528.853  1017.704   -70.92   62.56
 249904.592  1029.989    32.69   63.13
 250280.316  1064.775    92.56   65.32
 250656.023  1095.204    80.97   68.17
 251031.715  1103.037    20.85   60.33
 251407.390  1088.061   -39.86   75.75
 251783.050  1056.678   -83.52   78.47
 252158.694  1008.966  -126.99   42.74
 252534.321   988.013   -55.77   36.34
 252909.933   976.050   -31.84   56.23
 253285.529   951.167   -66.24   70.66
 253661.109   898.204  -140.99   77.22
 254036.672   856.413  -111.25   65.46
 254412.220   818.492  -100.95   42.21
 254787.752   805.267   -35.21   25.66
 255163.269   811.966    17.83   34.76
 255538.769   827.299    40.83   37.34
 255914.253   847.852    54.73   24.88
 256289.721   843.677   -11.12   24.40
 256665.174   841.308    -6.31   28.52
 257040.610   855.156    36.88   44.14
 257416.031   870.918    41.98   45.22
 257791.435   877.818    18.38   46.52
 258166.824   851.418   -70.31   57.18
 258542.197   807.233  -117.68   52.21
 258917.554   777.904   -78.12   53.38
 259292.895   768.682   -24.57   43.31
 259668.221   766.799    -5.02   41.93
 260043.530   763.074    -9.92   42.92
 260418.823   769.926    18.25   44.72
 260794.101   758.858   -29.48   45.70
 261169.363   743.275   -41.52   43.30
 261544.609   740.540    -7.29   42.47
 261919.839   733.213   -19.52   31.41
 262295.053   737.888    12.46   39.97
 262670.251   754.608    44.56   43.11
 263045.434   778.608    63.95   41.04
 263420.600   789.108    27.98   35.41
 263795.751   795.283    16.46   35.20
 264170.886   816.370    56.20   43.31
 264546.005   835.404    50.73   53.32
 264921.108   859.877    65.23   53.82
 265296.196   859.586    -0.78   56.09
 265671.268   858.019    -4.18   62.71
 266046.323   846.177   -31.57   78.88
 266421.363   810.841   -94.20   70.70
 266796.388   791.353   -51.95   64.89
 267171.396   764.492   -71.61   42.98
 267546.389   753.326   -29.77   32.12
 267921.365   746.177   -19.06   21.84
 268296.326   750.275    10.93   24.74
 268671.272   761.004    28.61   33.45
 269046.201   770.858    26.28   35.35
 269421.115   778.013    19.08   32.92
 269796.013   787.972    26.56   27.61
 270170.895   795.451    19.94   20.96
 270545.761   801.427    15.94   22.56
 270920.612   805.957    12.08   28.80
 271295.446   808.097     5.71   33.39
 271670.265   811.818     9.93   31.33
 272045.069   819.147    19.55   31.19
 272419.856   833.154    37.36   34.29
 272794.628   840.883    20.62   27.93
 273169.384   848.283    19.74   23.69
 273544.124   844.771    -9.37   25.20
 273918.849   834.799   -26.61   30.80
 274293.558   825.836   -23.91   29.31
 274668.251   822.224    -9.64   28.86
 275042.928   844.154    58.52   49.81
 275417.590   874.061    79.81   55.64
 275792.236   908.608    92.19   49.60
 276166.866   942.728    91.05   49.53
 276541.481   968.243    68.09   51.37
 276916.080   985.654    46.47   59.48
 277290.663  1006.683    56.13   55.71
 277665.230  1018.446    31.39   50.48
 278039.782  1035.306    45.00   36.60
 278414.318  1042.299    18.67   28.75
 278788.838  1041.728    -1.53   26.02
 279163.343  1040.989    -1.97   20.55
 279537.832  1044.399     9.10   20.60
 279912.305  1048.108     9.90   24.36
 280286.763  1065.847    47.36   37.58
 280661.205  1089.841    64.07   39.63
 281035.631  1106.632    44.83   41.87
 281410.042  1129.585    61.29   42.74
 281784.437  1138.539    23.91   45.96
 282158.816  1157.489    50.61   53.14
 282533.180  1184.989    73.44   48.55
 282907.528  1200.539    41.53   44.97
 283281.860  1212.748    32.61   37.72
 283656.177  1223.836    29.61   36.63
 284030.478  1236.748    34.49   32.82
 284404.764  1243.632    18.39   27.29
 284779.034  1245.291     4.43   21.60
 285153.288  1247.823     6.76   20.38
 285527.527  1251.236     9.12   28.16
 285901.750  1256.050    12.86   31.03
 286275.957  1255.074    -2.61   37.76
 286650.149  1247.037   -21.47   42.94
 287024.325  1245.442    -4.26   45.69
 287398.486  1252.283    18.28   58.98
 287772.631  1261.751    25.30   65.43
 288146.760  1271.446    25.91   61.78
 288520.874  1298.725    72.90   66.65
 288894.973  1310.537    31.57   60.61
 289269.055  1314.585    10.82   51.71
 289643.122  1300.942   -36.46   62.79
 290017.174  1270.561   -81.20   54.45
 290391.210  1254.194   -43.75   37.58
 290765.230  1255.748     4.15   35.26
 291139.235  1265.657    26.49   37.38
 291513.225  1267.701     5.46   41.41
 291887.198  1267.275    -1.14   40.68
 292261.157  1265.608    -4.46   39.97
 292635.099  1266.677     2.86   43.38
 293009.026  1278.814    32.45   48.42
 293382.938  1274.085   -12.64   49.37
 293756.834  1264.061   -26.80   54.48
 294130.966  1259.818   -11.34   60.66
 294507.971  1242.469   -46.01   67.05
 294884.959  1230.582   -31.52   68.01
 295261.932  1216.790   -36.58   72.75
 295638.889  1187.121   -78.69   76.21
 296015.830  1172.655   -38.37   72.70
 296392.755  1167.180   -14.52   80.33
 296769.665  1181.008    36.68  100.54
 297146.559  1202.631    57.36  101.83
 297523.437  1219.249    44.08   85.83
 297900.299  1221.275     5.37   78.60
 298277.145  1210.097   -29.66   64.91
 298653.976  1208.442    -4.39   63.96
 299030.791  1195.518   -34.29   62.14
 299407.590  1178.275   -45.75   54.25
 299784.374  1169.358   -23.66   47.98
 300161.142  1146.725   -60.06   62.29
 300537.894  1111.306   -93.99   79.68
 300914.630  1040.097  -188.97  123.81
 301291.350   948.135  -244.05  138.99
 301668.055   896.995  -135.72  128.82
 302044.744   889.145   -20.83  129.42
 302421.417   936.004   124.37  133.51
 302798.075  1017.608   216.60   86.96
 303174.717  1072.858   146.65   45.73
 303551.343  1100.495    73.36   41.95
 303927.953  1116.557    42.64   39.28
 304304.548  1136.329    52.49   35.24
 304681.127  1149.934    36.12   34.98
 305057.691  1153.771    10.19   33.31
 305434.238  1155.040     3.37   35.49
 305810.770  1152.135    -7.71   27.35
 306187.287  1151.268    -2.30   25.94
 306563.787  1145.074   -16.45   24.12
 306940.272  1137.190   -20.93   26.37
 307316.741  1126.323   -28.86   33.07
 307693.195  1110.793   -41.24   31.74
 308069.633  1107.972    -7.49   31.16
 308446.055  1104.019   -10.50   25.34
 308822.462  1116.167    32.27   31.57
 309198.853  1137.539    56.77   40.59
 309575.228  1160.378    60.67   35.73
 309951.588  1179.381    50.48   32.25
 310327.932  1199.198    52.64   26.55
 310704.260  1212.376    35.01   26.75
 311080.573  1228.404    42.58   26.51
 311456.870  1232.656    11.30   28.59
 311833.151  1211.836   -55.32   52.46
 312209.417  1183.951   -74.09   66.95
 312585.668  1142.699  -109.61   75.72
 312961.902  1095.061  -126.59   54.59
 313338.121  1078.245   -44.69   38.72
 313714.325  1068.418   -26.11   30.39
 314090.512  1078.506    26.81   29.44
 314466.685  1086.404    20.99   35.51
 314842.841  1100.506    37.48   32.37
 315218.982  1111.489    29.19   33.25
 315595.108  1113.283     4.77   29.95
 315971.217  1106.983   -16.74   31.19
 316347.312  1095.131   -31.51   32.40
 316723.390  1086.924   -21.82   27.35
 317099.454  1089.177     5.99   29.65
 317475.501  1096.260    18.83   28.91
 317851.533  1098.120     4.95   25.66
 318227.549  1107.818    25.78   24.91
 318603.550  1108.044     0.60   22.60
 318979.536  1105.722    -6.17   20.96
 319355.505  1102.980    -7.29   18.88
