-150514.557    53.060     0.00    5.21
-150140.144    53.548     1.31    4.05
-149765.750    51.971    -4.21    4.38
-149391.376    49.533    -6.51    4.15
-149017.020    48.266    -3.38    3.51
-148642.684    46.733    -4.10    4.18
-148268.368    44.377    -6.29    4.49
-147894.070    42.562    -4.85    4.29
-147519.792    42.955     1.05    5.00
-147145.534    46.789    10.25    7.35
-146771.294    49.630     7.59    6.64
-146397.074    52.244     6.99    5.81
-146022.873    53.948     4.56    6.70
-145648.691    55.657     4.57    7.09
-145274.529    58.039     6.37    8.68
-144900.386    60.977     7.85    9.39
-144526.262    63.809     7.57   10.54
-144152.157    66.244     6.51    9.63
-143778.072    68.999     7.37   10.22
-143404.005    72.029     8.10    9.53
-143029.959    75.635     9.64    9.56
-142655.931    78.081     6.54    9.17
-142281.922    80.399     6.20    7.38
-141907.933    79.200    -3.21    7.56
-141533.963    75.918    -8.78    8.04
-141160.012    72.948    -7.94    9.20
-140786.081    72.601    -0.93    9.57
-140412.168    74.466     4.99    9.35
-140038.275    75.196     1.95    7.65
-139664.401    77.374     5.83    6.12
-139290.546    77.926     1.48    5.51
-138916.710    77.787    -0.37    4.88
-138542.894    81.062     8.76    7.12
-138169.097    82.506     3.86    7.50
-137795.318    84.062     4.16    7.94
-137421.559    84.317     0.68    8.04
-137047.820    79.244   -13.58   10.57
-136674.099    73.312   -15.87   10.83
-136300.397    67.539   -15.45    8.45
-135926.715    65.698    -4.93    8.62
-135553.052    65.506    -0.52    9.97
-135179.408    64.335    -3.13   11.55
-134805.783    67.094     7.39   15.83
-134432.177    71.044    10.57   17.21
-134058.590    71.337     0.78   15.87
-133685.023    71.199    -0.37   14.60
-133311.474    63.866   -19.63   11.46
-132937.945    58.872   -13.37    6.25
-132564.434    58.176    -1.86    5.67
-132190.943    59.369     3.20    6.06
-131817.471    62.857     9.34    6.17
-131444.018    64.825     5.27    6.27
-131070.584    64.555    -0.72    7.31
-130695.480    61.333    -8.59    7.92
-130318.223    59.662    -4.43    6.55
-129940.984    60.221     1.48    6.43
-129563.766    63.719     9.27    8.55
-129186.567    68.903    13.75   10.32
-128809.387    73.380    11.87    9.99
-128432.227    77.789    11.69    9.34
-128055.086    81.888    10.87   10.75
-127677.965    88.463    17.44   13.84
-127300.863    99.244    28.59   17.11
-126923.781   110.337    29.42   16.60
-126546.718   115.380    13.38   16.67
-126169.674   114.244    -3.01   18.54
-125792.650   115.244     2.65   26.05
-125415.646   108.918   -16.78   27.93
-125038.660   106.887    -5.39   29.49
-124661.695   102.822   -10.78   20.70
-124284.748   106.176     8.90   21.72
-123907.821   109.698     9.35   21.69
-123530.914   106.866    -7.52   23.64
-123154.026   104.085    -7.38   23.63
-122777.157   100.266   -10.13   16.39
-122400.307   108.676    22.32   19.84
-122023.478   115.153    17.19   20.55
-121646.667   113.199    -5.18   24.11
-121269.876   103.403   -26.00   29.57
-120893.104    91.396   -31.87   28.64
-120516.351    77.539   -36.78   13.85
-120139.618    78.777     3.29   15.31
-119762.904    77.903    -2.32   13.57
-119386.210    78.653     1.99   13.98
-119009.535    80.444     4.76   15.48
-118632.879    78.387    -5.46   14.53
-118256.243    82.461    10.82   15.12
-117879.626    90.244    20.67   17.54
-117503.028    95.466    13.87   17.97
-117126.450   101.607    16.31   19.22
-116749.891   107.293    15.10   27.49
-116373.351   120.426    34.88   37.99
-115996.830   130.387    26.46   46.86
-115620.329   136.133    15.26   50.03
-115243.847   133.562    -6.83   50.08
-114867.385   119.630   -37.01   46.14
-114490.941    99.312   -53.98   28.63
-114114.517    93.610   -15.15   19.03
-113738.113    97.289     9.78   24.91
-113361.727   104.839    20.06   31.61
-112985.361   116.822    31.84   46.59
-112609.014   121.288    11.87   45.14
-112232.686   128.174    18.30   47.47
-111856.378   129.357     3.15   48.46
-111480.089   146.569    45.74   65.29
-111103.819   139.971   -17.54   54.83
-110727.568   128.288   -31.05   42.63
-110351.337   119.403   -23.62   28.56
-109975.124   115.844    -9.46   17.77
-109598.931   114.011    -4.87   13.20
-109222.758   115.157     3.05   11.44
-108846.603   119.553    11.69   12.23
-108470.468   125.426    15.61   16.57
-108094.351   134.644    24.51   19.89
-107718.255   143.526    23.62   20.87
-107342.177   154.844    30.10   24.30
-106966.118   167.802    34.46   25.85
-106590.079   178.439    28.29   28.07
-106214.059   182.500    10.80   28.06
-105838.058   175.110   -19.65   31.16
-105462.076   157.066   -48.00   36.24
-105086.113   139.157   -47.64   30.58
-104710.169   123.309   -42.16   26.69
-104334.245   108.533   -39.31   22.22
-103958.340   107.844    -1.83   25.15
-103582.454   105.466    -6.33   26.63
-103206.587   105.835     0.98   28.38
-102830.739   111.466    14.98   31.43
-102454.910   108.471    -7.97   32.70
-102079.101   104.466   -10.66   28.79
-101703.310   109.396    13.12   32.18
-101327.539   118.933    25.38   37.24
-100951.787   141.688    60.57   51.90
-100576.054   165.918    64.49   53.84
-100200.340   179.439    35.99   55.20
 -99824.645   187.500    21.46   49.58
 -99448.969   188.622     2.99   38.69
 -99073.312   192.722    10.92   37.66
 -98697.675   201.222    22.63   46.47
 -98322.056   211.888    28.40   54.37
 -97946.457   219.863    21.23   63.40
 -97570.876   209.005   -28.91   69.88
 -97195.315   190.125   -50.28   68.33
 -96819.773   167.755   -59.57   59.66
 -96444.249   147.448   -54.08   43.27
 -96068.745   131.653   -42.07   27.31
 -95693.260   122.403   -24.64   20.42
 -95317.794   113.244   -24.40   15.33
 -94942.347   108.994   -11.32   14.54
 -94566.919   105.546    -9.18   15.56
 -94191.510   106.644     2.92   19.05
 -93816.120   108.355     4.56   20.93
 -93440.749   111.034     7.14   25.23
 -93065.397   115.335    11.46   31.19
 -92690.064   116.594     3.35   34.32
 -92314.750   115.130    -3.90   35.93
 -91939.455   108.058   -18.85   34.82
 -91564.179   107.399    -1.75   33.23
 -91188.922   109.510     5.63   33.84
 -90813.684   109.744     0.62   31.52
 -90438.465   101.403   -22.23   29.39
 -90063.265    94.269   -19.02   29.55
 -89688.084    86.062   -21.88   26.17
 -89312.922    77.835   -21.93   12.29
 -88937.779    82.380    12.12   13.81
 -88562.655    89.755    19.66   15.98
 -88187.550    92.172     6.45   17.09
 -87812.463    84.539   -20.35   18.93
 -87437.396    79.975   -12.17   18.72
 -87062.348    76.062   -10.44   15.06
 -86687.318    71.533   -12.08   12.93
 -86312.308    70.380    -3.07   14.74
 -85937.316    62.939   -19.84   12.49
 -85562.343    59.101   -10.24   11.65
 -85187.389    55.533    -9.52   10.92
 -84812.455    52.482    -8.14    8.52
 -84437.539    51.062    -3.79    7.53
 -84062.641    51.155     0.25    7.78
 -83687.763    50.688    -1.24    8.44
 -83312.904    50.466    -0.59    7.46
 -82938.064    48.910    -4.15    6.90
 -82563.242    49.466     1.48    6.53
 -82188.439    50.918     3.87    6.63
 -81813.655    50.133    -2.10    6.84
 -81438.891    49.110    -2.73    6.85
 -81064.144    48.331    -2.08    6.90
 -80689.417    48.426     0.25    6.71
 -80314.709    49.653     3.28    7.14
 -79940.019    50.635     2.62    7.92
 -79565.349    49.709    -2.47    9.30
 -79190.697    49.377    -0.89    9.33
 -78816.064    50.777     3.74   10.00
 -78441.449    48.831    -5.20    9.74
 -78066.854    46.444    -6.37    8.43
 -77692.277    44.335    -5.63    7.47
 -77317.720    42.488    -4.93    7.65
 -76943.181    41.857    -1.68    7.68
 -76568.661    41.510    -0.93    7.26
 -76194.159    41.244    -0.71    7.22
 -75819.677    42.399     3.09    8.27
 -75445.213    45.066     7.12    7.85
 -75070.768    47.448     6.36    8.92
 -74696.342    52.310    12.99    8.56
 -74321.934    56.335    10.75    7.78
 -73947.546    58.948     6.98    8.48
 -73573.176    57.510    -3.84    9.12
 -73198.824    54.494    -8.06    9.89
 -72824.492    48.539   -15.91   10.17
 -72450.178    45.698    -7.59    8.18
 -72075.884    45.971     0.73    8.13
 -71701.607    48.994     8.08    8.71
 -71327.350    52.289     8.81    7.35
 -70953.111    54.266     5.28    6.28
 -70578.891    54.696     1.15    7.00
 -70204.690    51.961    -7.31    6.84
 -69830.508    50.355    -4.29    7.35
 -69456.344    49.466    -2.38   10.22
 -69082.199    49.494     0.07   11.38
 -68708.072    48.903    -1.58   10.96
 -68333.965    45.312    -9.60   10.22
 -67959.876    42.601    -7.25    7.18
 -67585.805    39.700    -7.75    7.92
 -67211.754    37.176    -6.75    9.31
 -66837.721    34.585    -6.93    8.39
 -66463.706    33.844    -1.98    8.13
 -66089.711    32.107    -4.64    6.04
 -65715.734    32.044    -0.17    7.02
 -65341.776    32.672     1.68    6.57
 -64967.836    34.700     5.42    8.46
 -64593.915    36.630     5.16    9.43
 -64220.013    39.510     7.70   10.36
 -63846.129    40.926     3.79   12.68
 -63472.264    40.044    -2.36   13.17
 -63098.418    38.130    -5.12   11.89
 -62724.590    35.482    -7.08    9.11
 -62350.781    33.287    -5.87    6.95
 -61976.990    33.172    -0.31    7.44
 -61603.218    34.266     2.93    9.20
 -61229.465    35.085     2.19    9.85
 -60855.730    33.177    -5.10    9.37
 -60482.014    30.857    -6.21    7.48
 -60108.317    28.756    -5.62    6.40
 -59734.638    29.426     1.79    6.82
 -59360.977    30.696     3.40    6.36
 -58987.336    30.199    -1.33    5.92
 -58613.713    29.266    -2.50    5.43
 -58240.108    28.994    -0.73    4.61
 -57866.522    29.994     2.68    6.13
 -57492.954    33.171     8.50    6.66
 -57119.406    38.812    15.10    8.43
 -56745.875    42.815    10.72    7.98
 -56372.363    45.653     7.60    7.10
 -55998.870    47.266     4.32    6.17
 -55623.284    45.244    -5.39    7.91
 -55246.076    40.607   -12.29    9.75
 -54868.888    36.317   -11.38    8.31
 -54491.718    31.835   -11.88    7.12
 -54114.567    28.077    -9.96    7.00
 -53737.436    25.910    -5.75    7.06
 -53360.323    25.133    -2.06    6.76
 -52983.229    26.709     4.18    7.55
 -52606.154    29.198     6.60    8.06
 -52229.097    32.569     8.94    8.80
 -51852.060    35.335     7.34    8.73
 -51475.042    37.426     5.55    7.83
 -51098.042    43.380    15.80   12.77
 -50721.061    49.448    16.10   17.11
 -50344.100    53.366    10.39   16.57
 -49967.157    48.357   -13.29   11.93
 -49590.233    45.791    -6.81   12.66
 -49213.328    43.791    -5.31   13.76
 -48836.441    40.971    -7.48   14.43
 -48459.574    40.044    -2.46   12.44
 -48082.725    41.179     3.01   11.07
 -47705.895    44.506     8.83   11.79
 -47329.084    51.622    18.89   15.96
 -46952.292    58.653    18.66   14.17
 -46575.519    61.426     7.36   13.38
 -46198.764    59.333    -5.56   11.81
 -45822.029    54.198   -13.63    9.17
 -45445.312    51.765    -6.46    6.72
 -45068.614    49.267    -6.63    7.05
 -44691.935    48.288    -2.60    7.21
 -44315.274    45.107    -8.45    5.84
 -43938.632    42.733    -6.31    5.69
 -43562.010    39.799    -7.79    5.10
 -43185.405    39.176    -1.66    5.16
 -42808.820    38.644    -1.41    6.02
 -42432.254    36.653    -5.29    6.62
 -42055.706    34.244    -6.40    7.02
 -41679.177    30.755    -9.27    6.38
 -41302.667    29.244    -4.01    5.22
 -40926.175    29.266     0.06    6.36
 -40549.702    29.700     1.15    6.75
 -40173.248    27.562    -5.68    5.94
 -39796.813    26.444    -2.97    5.30
 -39420.396    26.649     0.54    5.86
 -39043.999    29.548     7.70    7.46
 -38667.620    33.965    11.73    7.51
 -38291.259    37.676     9.86    6.61
 -37914.918    45.471    20.71   15.73
 -37538.595    51.593    16.27   21.65
 -37162.290    60.357    23.29   25.75
 -36786.005    57.585    -7.37   21.09
 -36409.738    51.733   -15.55    9.67
 -36033.490    47.880   -10.24    7.13
 -35657.260    46.312    -4.17    7.52
 -35281.050    45.988    -0.86    7.02
 -34904.858    46.019     0.08    5.39
 -34528.684    46.766     1.99    5.63
 -34152.529    46.594    -0.46    6.00
 -33776.393    45.333    -3.35    6.19
 -33400.276    43.766    -4.16    6.34
 -33024.177    41.357    -6.41    5.11
 -32648.097    39.471    -5.02    5.31
 -32272.036    38.419    -2.80    4.67
 -31895.993    39.289     2.31    5.49
 -31519.969    40.553     3.36    6.55
 -31143.963    43.333     7.39    6.32
 -30767.976    45.177     4.91    5.63
 -30392.008    45.779     1.60    5.73
 -30016.058    43.812    -5.23    5.28
 -29640.127    42.969    -2.24    6.65
 -29264.215    43.153     0.49    6.44
 -28888.321    41.523    -4.34    6.99
 -28512.445    39.577    -5.18    7.65
 -28136.589    34.999   -12.18    7.02
 -27760.751    29.958   -13.41    7.42
 -27384.931    25.676   -11.40    7.72
 -27009.130    21.854   -10.17    5.90
 -26633.348    20.880    -2.59    5.58
 -26257.584    20.732    -0.39    5.35
 -25881.839    21.971     3.30    5.25
 -25506.112    21.822    -0.40    4.56
 -25130.404    22.293     1.25    4.62
 -24754.715    22.110    -0.48    5.19
 -24379.044    22.982     2.32    5.61
 -24003.391    24.058     2.86    4.85
 -23627.757    23.607    -1.20    4.30
 -23252.142    22.466    -3.04    5.27
 -22876.545    20.933    -4.08    5.14
 -22500.967    19.149    -4.75    5.23
 -22125.407    17.733    -3.77    5.11
 -21749.866    15.127    -6.94    5.04
 -21374.343    12.630    -6.65    4.33
 -20998.839    10.510    -5.65    4.30
 -20623.353     9.070    -3.84    4.18
 -20247.886     7.289    -4.74    4.06
 -19872.437     6.077    -3.23    3.82
 -19497.007     5.333    -1.98    4.46
 -19121.595     4.403    -2.48    4.54
 -18746.202     3.607    -2.12    4.75
 -18370.827     2.516    -2.91    4.34
 -17995.470     2.698     0.48    4.77
 -17620.133     1.812    -2.36    4.47
 -17244.813     1.471    -0.91    5.38
 -16869.512     0.910    -1.49    5.38
 -16494.230     0.653    -0.69    5.36
 -16118.965     0.107    -1.45    5.26
 -15743.720     0.176     0.18    4.61
 -15368.493    -0.529    -1.88    3.46
 -14993.284    -1.529    -2.67    2.84
 -14618.093    -2.347    -2.18    2.45
 -14242.922    -3.029    -1.82    1.78
 -13867.768    -3.601    -1.52    0.90
 -13492.633    -3.756    -0.41    0.00
 -13117.516    -3.756     0.00    0.00
 -12742.418    -3.620     0.36    0.90
 -12367.338    -3.347     0.73    1.53
 -11992.277    -2.711     1.70    2.56
 -11617.233    -2.415     0.79    3.06
 -11242.209    -0.978     3.83    4.77
 -10867.202     0.791     4.72    5.88
 -10492.214     1.244     1.21    5.47
 -10117.245     1.309     0.17    4.75
  -9742.294     1.266    -0.11    3.85
  -9367.361     0.062    -3.21    1.88
  -8992.446    -0.006    -0.18    1.83
  -8617.550     0.044     0.13    2.07
  -8242.672     0.506     1.23    2.24
  -7867.813     1.177     1.79    2.33
  -7492.972     1.310     0.36    2.18
  -7118.149     1.777     1.25    2.00
  -6743.344     2.034     0.69    1.88
  -6368.558     2.407     0.99    1.84
  -5993.791     2.910     1.34    2.13
  -5619.041     3.315     1.08    2.43
  -5244.310     3.599     0.76    2.13
  -4869.597     4.107     1.36    2.03
  -4494.902     5.176     2.85    2.26
  -4120.226     6.267     2.91    2.27
  -3745.568     7.430     3.10    2.01
  -3370.929     8.199     2.05    1.61
  -2996.307     8.672     1.26    1.61
  -2621.704     6.630    -5.45    4.28
  -2247.119     3.607    -8.07    5.35
  -1872.553     1.676    -5.16    4.84
  -1498.004     1.153    -1.40    3.77
  -1123.474     2.975     4.87    3.73
   -748.963     3.357     1.02    3.64
   -374.469     2.268    -2.91    3.81
      0.006     0.994    -3.40    4.04
    374.463     1.835     2.25    5.60
    748.902     4.290     6.56    6.74
   1123.323     7.107     7.52    5.75
   1497.725     8.780     4.47    4.02
   1872.109     9.312     1.42    3.10
   2246.475     8.696    -1.64    2.75
   2620.823     8.599    -0.26    3.13
   2995.152     8.880     0.75    3.26
   3369.463     9.857     2.61    3.60
   3743.756    11.153     3.46    3.91
   4118.031    13.463     6.17    4.97
   4492.288    17.153     9.86    5.85
   4866.526    20.553     9.09    5.26
   5240.746    23.155     6.95    5.10
   5614.949    23.289     0.36    5.18
   5989.132    23.016    -0.73    4.94
   6363.298    22.471    -1.46    4.33
   6737.446    23.119     1.73    4.60
   7111.575    23.607     1.31    5.31
   7485.686    22.768    -2.24    6.08
   7859.779    22.599    -0.45    5.40
   8233.854    22.130    -1.25    4.63
   8607.911    22.153     0.06    3.74
   8981.950    22.516     0.97    4.30
   9355.970    22.346    -0.45    4.99
   9729.973    20.926    -3.80    5.53
  10103.957    19.553    -3.67    5.55
  10477.923    17.448    -5.63    5.58
  10851.871    14.198    -8.69    5.49
  11225.801    11.880    -6.20    5.29
  11599.713    10.448    -3.83    5.62
  11973.607    10.321    -0.34    5.86
  12347.482     9.062    -3.37    5.98
  12721.340     8.006    -2.83    5.43
  13095.179     5.630    -6.35    3.94
  13469.001     3.955    -4.48    2.69
  13842.804     4.471     1.38    7.61
  14216.589     7.357     7.72   12.05
  14590.356    10.090     7.31   14.18
  14964.105    11.221     3.03   13.98
  15337.836     8.195    -8.10    9.64
  15711.549     5.812    -6.38    5.01
  16085.244     8.016     5.90    7.34
  16458.921    13.539    14.78   11.25
  16832.579    16.016     6.63   10.77
  17206.220    22.219    16.60   14.29
  17579.843    31.380    24.52   24.64
  17953.447    33.610     5.97   24.90
  18327.034    35.494     5.04   22.59
  18700.603    27.426   -21.60   18.46
  19074.153    21.653   -15.45    7.39
  19450.218    20.244    -3.75    5.89
  19827.378    20.819     1.52    5.02
  20204.520    22.357     4.08    3.69
  20581.644    22.029    -0.87    4.16
  20958.750    18.910    -8.27    6.11
  21335.837    16.926    -5.26    6.13
  21712.905    16.221    -1.87    5.64
  22089.956    17.585     3.62    5.47
  22466.988    18.585     2.65    3.81
  22844.001    17.903    -1.81    3.99
  23220.997    17.221    -1.81    4.15
  23597.974    17.971     1.99    4.59
  23974.932    18.426     1.21    4.81
  24351.873    18.569     0.38    5.63
  24728.795    15.971    -6.89    6.65
  25105.698    12.732    -8.59    4.93
  25482.584    10.268    -6.54    4.94
  25859.451     8.857    -3.74    5.32
  26236.299     7.533    -3.52    5.26
  26613.130     6.157    -3.65    5.56
  26989.942     5.244    -2.42    5.08
  27366.736     4.221    -2.71    4.78
  27743.511     2.290    -5.12    3.90
  28120.268     0.852    -3.82    2.42
  28497.007     0.562    -0.77    1.70
  28873.728     0.434    -0.34    1.57
  29250.430     0.444     0.03    0.94
  29627.114     0.244    -0.53    0.00
  30003.780     0.244     0.00    0.00
  30380.428     0.698     1.21    1.86
  30757.057     1.309     1.62    2.78
  31133.668     1.744     1.15    3.28
  31510.261     1.755     0.03    3.14
  31886.836     1.471    -0.75    2.80
  32263.392     1.539     0.18    3.20
  32639.931     2.266     1.93    3.50
  33016.450     3.744     3.92    4.46
  33392.952     5.357     4.29    5.91
  33769.436     8.107     7.30    6.75
  34145.901    10.244     5.67    6.53
  34522.348    10.607     0.97    5.89
  34898.777    11.133     1.40    5.21
  35275.188    11.553     1.12    5.16
  35651.580    13.448     5.03    5.52
  36027.954    15.939     6.62    6.25
  36404.311    18.607     7.09    7.70
  36780.649    22.039     9.12   11.62
  37156.968    21.500    -1.43   10.87
  37533.270    20.399    -2.92    6.76
  37909.553    19.410    -2.63    5.89
  38285.819    18.698    -1.89    4.62
  38662.066    19.733     2.75    4.90
  39038.295    19.698    -0.09    4.83
  39414.505    19.562    -0.36    4.04
  39790.698    21.029     3.90    5.87
  40166.873    25.570    12.07    8.12
  40543.029    31.744    16.41   10.97
  40919.167    33.244     3.99    9.76
  41295.287    31.363    -5.00   10.43
  41671.389    25.887   -14.56    8.72
  42047.473    18.903   -18.57    6.05
  42423.539    15.744    -8.40    4.38
  42799.587    16.422     1.80    5.29
  43175.616    21.453    13.38   10.52
  43551.628    30.471    23.98   14.70
  43927.621    39.848    24.94   16.18
  44303.597    45.544    15.15   15.45
  44679.554    39.948   -14.88   17.57
  45055.493    32.756   -19.13   18.85
  45431.414    24.721   -21.37   18.81
  45807.317    14.971   -25.94    6.41
  46183.202    17.471     6.65   16.21
  46559.069    20.062     6.89   16.64
  46934.918    21.033     2.58   10.43
  47310.748    23.039     5.34    7.24
  47686.561    24.696     4.41    4.51
  48062.356    25.266     1.52    4.99
  48438.132    23.777    -3.96    5.15
  48813.891    22.383    -3.71    5.36
  49189.631    20.971    -3.76    5.09
  49565.354    19.112    -4.95    4.94
  49941.058    19.380     0.71    5.06
  50316.745    20.965     4.22    7.36
  50692.413    26.312    14.23    9.26
  51068.064    32.221    15.73    6.92
  51443.696    35.512     8.76    5.18
  51819.311    34.676    -2.23    5.82
  52194.907    31.962    -7.23    6.49
  52570.486    29.357    -6.93    6.88
  52946.046    26.744    -6.96    6.31
  53321.589    23.174    -9.51    7.67
  53697.113    18.644   -12.06    8.06
  54072.620    15.494    -8.39    6.64
  54448.108    14.857    -1.69    6.30
  54823.579    16.141     3.42    7.03
  55199.032    16.289     0.39    6.35
  55574.466    14.676    -4.30    6.37
  55949.883    13.918    -2.02    5.79
  56325.282    13.539    -1.01    5.66
  56700.663    13.894     0.94    6.23
  57076.026    11.766    -5.67    6.63
  57451.371     9.720    -5.45    6.50
  57826.698     9.857     0.37    5.98
  58202.007    11.221     3.63    6.30
  58577.298    14.649     9.13    6.66
  58952.571    16.426     4.74    4.91
  59327.827    18.488     5.49    4.32
  59703.064    20.153     4.44    5.01
  60078.284    22.058     5.08    4.69
  60453.486    22.562     1.34    4.43
  60828.669    21.403    -3.09    4.36
  61203.835    19.902    -4.00    4.21
  61578.983    20.789     2.36    5.06
  61954.114    22.625     4.89    6.00
  62329.226    25.011     6.36    5.83
  62704.320    25.676     1.77    4.63
  63079.397    25.312    -0.97    4.17
  63454.455    24.198    -2.97    4.21
  63829.496    22.649    -4.13    4.54
  64204.519    21.698    -2.53    5.12
  64579.524    23.267     4.18    5.17
  64954.512    23.744     1.27    4.60
  65329.481    25.153     3.76    4.56
  65704.433    26.377     3.26    4.31
  66079.367    25.555    -2.19    4.39
  66454.283    24.683    -2.33    5.59
  66829.181    25.066     1.02    5.07
  67204.061    24.835    -0.62    4.31
  67578.924    25.506     1.79    3.80
  67953.768    24.676    -2.21    4.38
  68328.595    23.039    -4.37    4.53
  68703.404    20.613    -6.47    4.85
  69078.196    19.125    -3.97    5.06
  69452.969    18.198    -2.47    5.18
  69827.725    17.011    -3.17    4.90
  70202.463    16.383    -1.68    4.91
  70577.183    15.448    -2.50    4.70
  70951.885    14.453    -2.66    5.29
  71326.570    14.700     0.66    5.15
  71701.237    14.220    -1.28    4.61
  72075.886    13.516    -1.88    4.62
  72450.517    13.174    -0.91    4.22
  72825.131    11.444    -4.62    4.46
  73199.727     9.926    -4.05    4.61
  73574.305     9.601    -0.87    5.09
  73948.865     9.461    -0.37    5.24
  74323.408     9.895     1.16    4.90
  74697.933     9.516    -1.01    5.11
  75072.440     9.383    -0.36    5.45
  75446.929     7.896    -3.97    5.88
  75821.401     5.676    -5.93    6.19
  76195.855     3.220    -6.56    5.46
  76570.292     1.244    -5.28    4.19
  76944.710    -0.082    -3.54    2.40
  77319.111    -0.290    -0.55    1.44
  77693.494    -0.438    -0.40    1.44
  78067.860     0.461     2.40    3.32
  78442.208     1.789     3.55    4.01
  78816.538     5.125     8.91    6.06
  79190.851     9.516    11.73    7.73
  79565.145    11.732     5.92    6.91
  79939.423    12.266     1.43    6.80
  80313.682    11.380    -2.37    6.72
  80687.924    10.483    -2.40    6.41
  81062.148     9.941    -1.45    6.83
  81436.355    11.482     4.12    6.86
  81810.544    14.448     7.93    6.87
  82184.715    17.314     7.66    7.62
  82558.869    21.198    10.38    6.08
  82933.005    23.039     4.92    5.01
  83307.123    23.809     2.06    5.29
  83681.224    24.403     1.59    5.69
  84055.307    24.458     0.15    5.41
  84429.372    22.403    -5.49    5.96
  84803.420    20.290    -5.65    6.04
  85177.451    18.789    -4.01    6.48
  85551.463    16.812    -5.29    6.59
  85925.458    13.113    -9.89    8.01
  86299.436     9.198   -10.47    6.75
  86673.396     6.006    -8.54    4.14
  87047.338     4.744    -3.37    1.87
  87421.263     4.903     0.43    1.80
  87795.170     5.062     0.43    1.48
  88169.060     5.448     1.03    1.76
  88542.932     6.466     2.72    3.94
  88916.786     9.176     7.25    6.26
  89290.623    12.172     8.02    7.21
  89664.443    14.221     5.48    7.41
  90038.244    15.107     2.37    7.73
  90412.029    14.835    -0.73    8.49
  90785.795    14.616    -0.59    9.90
  91159.545    15.880     3.38   10.60
  91533.276    17.471     4.26   10.11
  91906.990    18.577     2.96    9.21
  92280.687    19.744     3.12    9.20
  92654.366    18.789    -2.55    8.22
  93028.028    17.062    -4.62    7.26
  93401.672    16.337    -1.94    6.63
  93775.298    16.857     1.39    6.73
  94148.907    18.198     3.59    8.23
  94525.446    21.672     9.23    9.38
  94902.560    24.289     6.94    9.17
  95279.656    30.539    16.57    9.05
  95656.735    36.176    14.95   11.29
  96033.795    41.539    14.22   14.42
  96410.838    43.101     4.14   14.80
  96787.863    43.034    -0.18   13.47
  97164.870    40.755    -6.04   13.62
  97541.859    38.153    -6.90   12.28
  97918.831    36.426    -4.58    8.98
  98295.784    35.789    -1.69    7.29
  98672.720    37.034     3.30    6.37
  99049.638    37.244     0.56    6.58
  99426.538    35.994    -3.32    7.54
  99803.421    33.494    -6.63    8.93
 100180.286    32.988    -1.34    8.69
 100557.133    35.197     5.86   10.48
 100933.962    39.494    11.40   12.84
 101310.773    45.766    16.65   19.97
 101687.567    54.835    24.06   29.38
 102064.342    59.709    12.94   32.25
 102441.100    73.779    37.34   46.21
 102817.841    95.125    56.65   55.73
 103194.563    99.926    12.74   53.17
 103571.268   107.287    19.54   48.65
 103947.955   101.895   -14.31   48.66
 104324.625    79.926   -58.32   26.31
 104701.276    71.825   -21.50   21.69
 105077.910    74.133     6.13   20.85
 105454.526    74.744     1.62   18.85
 105831.125    76.198     3.86   16.35
 106207.705    88.125    31.67   21.59
 106584.268   105.766    46.85   33.83
 106960.814   130.288    65.12   51.48
 107337.341   151.439    56.17   54.60
 107713.851   180.777    77.91   53.94
 108090.343   219.744   103.49   71.77
 108466.818   252.104    85.95   73.92
 108843.275   290.686   102.48   70.84
 109219.714   325.390    92.18   68.24
 109596.135   334.585    24.42   61.94
 109972.539   331.768    -7.48   57.84
 110348.925   316.221   -41.30   54.46
 110725.294   289.903   -69.92   48.72
 111101.644   264.439   -67.65   43.99
 111477.978   245.494   -50.34   35.43
 111854.293   245.544     0.13   33.92
 112230.591   249.622    10.84   35.31
 112606.871   246.104    -9.35   32.94
 112983.134   253.585    19.88   36.05
 113359.379   252.221    -3.63   34.33
 113735.606   267.987    41.90   50.06
 114111.816   293.971    69.06   65.21
 114488.008   319.683    68.34   68.59
 114864.182   343.335    62.87   69.56
 115240.339   363.357    53.22   68.48
 115616.479   347.383   -42.46   56.81
 115992.600   330.766   -44.17   47.75
 116368.704   313.165   -46.80   38.10
 116744.791   322.153    23.90   53.66
 117120.860   361.360   104.24   77.53
 117496.911   425.130   169.56   95.13
 117872.945   495.744   187.77   88.29
 118248.961   559.344   169.12   80.64
 118624.960   607.539   128.17   54.40
 119000.941   623.962    43.67   52.89
 119376.904   616.448   -19.98   78.66
 119752.850   594.918   -57.26   85.54
 120128.778   577.994   -45.02   95.52
 120504.689   574.812    -8.46   70.56
 120880.582   551.449   -62.15   57.28
 121256.458   501.926  -131.74   77.47
 121632.316   450.073  -137.94   65.65
 122008.157   420.630   -78.33   45.76
 122383.980   411.357   -24.67   33.91
 122759.786   405.848   -14.66   39.49
 123135.574   393.994   -31.54   41.84
 123511.344   380.902   -34.84   36.81
 123887.097   378.562    -6.23   38.88
 124262.833   370.151   -22.38   43.41
 124638.551   342.107   -74.63   83.88
 125014.252   277.426  -172.14  114.24
 125389.935   192.512  -226.00   86.55
 125765.600   142.357  -133.49   39.71
 126141.248   120.116   -59.20   13.72
 126516.879   110.744   -24.95   12.72
 126892.492   101.539   -24.50   17.86
 127268.088    90.476   -29.45   18.65
 127643.666    81.066   -25.05   18.80
 128019.227    70.394   -28.41    8.55
 128394.770    66.357   -10.75    8.95
 128770.296    60.859   -14.64    9.19
 129145.804    60.585    -0.73   12.76
 129521.295    62.312     4.60   16.38
 129896.769    62.988     1.80   16.02
 130272.225    64.085     2.92   11.74
 130647.663    60.544    -9.43    9.81
 131023.085    57.766    -7.40   10.39
 131398.488    54.709    -8.14    8.94
 131773.875    53.698    -2.69    7.34
 132149.244    54.539     2.24    7.10
 132524.595    57.982     9.17    6.86
 132899.929    60.812     7.54    6.69
 133275.246    63.962     8.39    6.45
 133650.546    71.971    21.34   23.03
 134025.827    89.662    47.14   37.26
 134401.092    90.523     2.29   34.18
 134776.339    85.176   -14.25   32.29
 135151.569    81.694    -9.28   28.72
 135526.781    73.698   -21.31   26.24
 135901.977    66.628   -18.84   22.95
 136277.154    62.523   -10.94   21.58
 136652.315    69.314    18.10   36.96
 137027.458    86.662    46.24   54.51
 137402.583   104.599    47.81   55.48
 137777.691   118.244    36.37   51.19
 138152.782   133.971    41.92   49.26
 138527.856   155.610    57.68   52.26
 138902.912   187.895    86.07   73.62
 139277.951   208.221    54.19   69.60
 139652.973   205.791    -6.48   54.86
 140027.977   202.016   -10.07   51.53
 140402.964   187.975   -37.44   52.27
 140777.933   161.721   -70.01   41.26
 141152.886   137.529   -64.51   34.70
 141527.821   125.812   -31.25   24.50
 141902.738   126.994     3.15   29.92
 142277.639   135.878    23.69   35.50
 142652.522   150.994    40.32   37.74
 143027.388   168.794    47.48   30.26
 143402.236   185.948    45.76   31.82
 143777.068   195.430    25.29   43.98
 144151.882   188.903   -17.41   45.83
 144526.678   184.812   -10.91   38.93
 144901.458   184.769    -0.12   39.10
 145276.220   194.971    27.22   37.00
 145650.965   225.526    81.52   54.02
 146025.693   274.696   131.20   94.22
 146400.403   389.500   306.34  174.85
 146775.096   494.360   279.82  188.63
 147149.772   617.222   327.87  162.95
 147524.431   699.844   220.50   91.73
 147899.072   671.266   -76.27  125.73
 148273.696   572.683  -263.12  185.02
 148648.303   477.220  -254.80  178.03
 149022.893   356.848  -321.30  140.09
 149397.466   280.720  -203.21   90.32
 149772.021   230.448  -134.20   65.75
 150146.559   196.268   -91.25   46.77
 150521.080   172.857   -62.50   40.34
 150895.584   150.341   -60.11   26.78
 151270.070   145.789   -12.15   37.08
 151644.540   142.471    -8.86   39.66
 152018.992   145.649     8.48   48.80
 152393.427   157.698    32.18   52.10
 152767.845   169.644    31.90   51.05
 153142.245   180.971    30.25   57.11
 153516.629   194.360    35.76   55.80
 153890.995   198.926    12.19   56.03
 154265.344   224.523    68.37   64.87
 154639.676   258.119    89.74   78.25
 155013.991   277.176    50.90   82.86
 155388.289   300.269    61.69   86.83
 155762.569   330.971    82.02   88.03
 156136.832   326.941   -10.77   86.67
 156511.079   305.151   -58.22   87.81
 156885.308   276.222   -77.29   72.40
 157259.520   253.494   -60.73   67.48
 157633.715   249.153   -11.60   72.28
 158007.892   243.116   -16.13   64.41
 158382.053   253.476    27.69   83.59
 158756.196   285.085    84.47  103.74
 159130.323   314.197    77.80  105.78
 159504.432   307.630   -17.55  114.00
 159878.524   252.519  -147.30  104.91
 160252.599   235.426   -45.69   73.75
 160626.657   223.757   -31.19   64.24
 161000.698   284.312   161.87   98.73
 161374.722   372.153   234.82  112.47
 161748.729   440.290   182.16  101.03
 162122.719   490.857   135.19   85.86
 162496.691   510.165    51.62   93.48
 162870.647   503.539   -17.72  117.28
 163244.585   525.780    59.47  132.09
 163618.507   560.977    94.12  142.94
 163992.411   558.812    -5.79  151.61
 164366.298   537.848   -56.06  168.07
 164740.169   521.403   -43.98  160.00
 165114.022   511.244   -27.17  143.07
 165487.858   574.198   168.38  149.03
 165861.677   681.988   288.31  176.94
 166235.480   764.199   219.90  159.02
 166609.265   871.403   286.76  138.60
 166983.033   920.453   131.21  103.07
 167356.784   942.676    59.45   84.39
 167730.518   919.507   -61.98   99.93
 168104.235   845.448  -198.14  118.63
 168477.935   770.127  -201.52  111.07
 168851.618   713.994  -150.20   94.53
 169225.284   676.153  -101.25   64.08
 169602.291   670.169   -15.87   54.13
 169979.360   702.562    85.90   82.34
 170356.412   750.218   126.37   91.09
 170733.447   783.357    87.88   90.09
 171110.464   795.062    31.04   93.58
 171487.464   777.453   -46.70  113.14
 171864.447   690.380  -230.94  157.00
 172241.413   611.375  -209.55  136.79
 172618.361   580.130   -82.88  124.65
 172995.292   547.744   -85.91  139.77
 173372.205   544.688    -8.11  159.55
 173749.102   492.357  -138.83  166.89
 174125.981   405.146  -231.37  122.74
 174502.843   341.221  -169.60   86.12
 174879.687   298.834  -112.46   41.93
 175256.514   280.127   -49.63   29.56
 175633.324   263.926   -42.99   16.54
 176010.117   256.825   -18.84   16.11
 176386.893   248.789   -21.32   16.96
 176763.651   242.244   -17.37   16.33
 177140.392   242.744     1.33   12.93
 177517.116   252.927    27.03   21.97
 177893.822   277.380    64.90   44.81
 178270.512   307.039    78.72   53.72
 178647.184   320.196    34.92   48.21
 179023.839   315.403   -12.72   47.21
 179400.476   302.644   -33.87   44.12
 179777.097   283.577   -50.62   34.47
 180153.700   267.965   -41.45   14.23
 180530.286   264.523    -9.14   13.44
 180906.855   263.310    -3.22   12.66
 181283.407   261.769    -4.09   10.94
 181659.941   261.721    -0.13    8.80
 182036.459   263.317     4.24    8.41
 182412.959   266.965     9.69    9.75
 182789.442   274.476    19.95   13.58
 183165.908   285.732    29.89   18.62
 183542.356   306.357    54.78   32.03
 183918.788   336.197    79.26   48.70
 184295.202   366.934    81.64   51.81
 184671.599   386.872    52.96   39.81
 185047.979   399.471    33.47   31.00
 185424.342   400.812     3.56   35.44
 185800.688   387.768   -34.66   43.18
 186177.016   366.744   -55.86   42.43
 186553.328   338.872   -74.05   33.03
 186929.622   325.910   -34.44   22.09
 187305.899   313.698   -32.45   15.30
 187682.159   311.768    -5.13   16.64
 188058.402   328.799    45.26   37.98
 188434.628   369.453   108.04   58.86
 188810.837   405.174    94.93   56.16
 189187.029   444.500   104.52   39.88
 189563.203   465.777    56.55   31.26
 189939.361   488.676    60.86   36.40
 190315.501   518.000    77.95   37.74
 190691.624   533.289    40.64   39.45
 191067.731   516.034   -45.87   67.66
 191443.820   487.941   -74.69   87.46
 191819.892   448.755  -104.18   95.39
 192195.947   403.839  -119.42   77.15
 192571.985   387.221   -44.18   67.91
 192948.006   361.174   -69.26   50.83
 193324.009   345.607   -41.39   46.47
 193699.996   321.337   -64.54   43.88
 194075.966   303.403   -47.69   49.89
 194451.919   283.779   -52.19   48.77
 194827.854   271.815   -31.82   49.66
 195203.773   266.127   -15.13   46.50
 195579.674   270.081    10.52   53.78
 195955.559   288.357    48.61   77.44
 196331.426   300.895    33.35   85.89
 196707.277   310.918    26.66   88.14
 197083.110   284.585   -70.05   91.95
 197458.927   245.825  -103.12   94.29
 197834.726   198.999  -124.58   73.22
 198210.509   167.546   -83.69   43.43
 198586.274   152.289   -40.60   12.34
 198962.023   146.337   -15.84    9.98
 199337.754   143.101    -8.61   10.74
 199713.469   141.768    -3.55   11.60
 200089.166   138.848    -7.77   10.47
 200464.847   140.153     3.47   13.81
 200840.511   147.766    20.26   31.28
 201216.157   170.874    61.50   60.44
 201591.787   201.107    80.47   77.22
 201967.400   238.101    98.47   92.58
 202342.995   266.607    75.88  104.08
 202718.574   280.176    36.12  111.03
 203094.136   291.766    30.86  119.58
 203469.681   284.965   -18.11  116.60
 203845.209   271.616   -35.54  104.71
 204220.720   243.314   -75.36   88.55
 204596.214   199.127  -117.65   42.74
 204971.691   182.744   -43.63   34.00
 205347.151   163.732   -50.63   17.29
 205722.595   156.244   -19.94   13.83
 206098.021   150.315   -15.79   12.60
 206473.431   143.101   -19.21   10.90
 206848.823   136.523   -17.52   12.68
 207224.199   133.686    -7.56   12.45
 207599.558   133.016    -1.78   13.00
 207974.900   131.516    -4.00   13.64
 208350.225   133.965     6.52   13.87
 208725.533   128.426   -14.76   14.21
 209100.824   126.101    -6.19   11.77
 209476.099   127.016     2.44   11.97
 209851.356   125.630    -3.69   12.45
 210226.597   126.971     3.57   12.74
 210601.821   126.174    -2.12   14.06
 210977.027   126.982     2.15   15.73
 211352.218   128.104     2.99   17.20
 211727.391   129.314     3.22   17.63
 212102.547   128.110    -3.21   15.91
 212477.687   128.895     2.09   14.65
 212852.809   128.355    -1.44   15.93
 213227.915   127.337    -2.71   15.98
 213603.004   125.196    -5.71   16.62
 213978.077   123.127    -5.51   14.09
 214353.132   125.825     7.19   15.28
 214728.170   133.494    20.44   17.05
 215103.192   141.755    22.03   12.83
 215478.197   146.630    13.00   10.03
 215853.185   144.516    -5.64   10.51
 216228.157   138.196   -16.85   11.53
 216603.111   131.360   -18.23   12.51
 216978.049   122.918   -22.51   10.17
 217352.970   116.039   -18.34    7.62
 217727.874   112.453    -9.56    6.89
 218102.761   109.625    -7.54    7.06
 218477.632   107.825    -4.80    7.44
 218852.486   105.476    -6.26    8.37
 219227.323   101.880    -9.59    7.72
 219602.143    97.174   -12.55    5.97
 219976.947    94.130    -8.12    4.00
 220351.734    95.290     3.09    6.95
 220726.504   100.506    13.91   11.91
 221101.257   107.266    18.04   13.79
 221475.994   111.732    11.91   12.31
 221850.713   111.458    -0.73   13.07
 222225.417   107.569   -10.38   13.15
 222600.103   103.155   -11.78   13.49
 222974.773    98.039   -13.65   12.99
 223349.425    92.927   -13.64    8.17
 223724.062    91.337    -4.24    4.86
 224098.681    90.895    -1.18    3.11
 224473.284    92.506     4.30    5.32
 224847.870    94.407     5.07    6.59
 225222.439    96.077     4.46    7.76
 225596.992   100.593    12.05    9.70
 225971.528   107.149    17.50   12.70
 226346.047   118.872    31.30   24.76
 226720.550   129.649    28.77   29.24
 227095.036   139.779    27.05   31.28
 227469.505   153.941    37.81   36.34
 227843.957   162.634    23.21   33.07
 228218.393   182.971    54.30   41.64
 228592.813   203.585    55.05   36.38
 228967.215   212.732    24.43   33.30
 229341.601   215.839     8.30   32.23
 229715.970   206.676   -24.47   32.51
 230090.323   202.791   -10.37   30.14
 230464.659   192.269   -28.10   29.94
 230838.978   178.130   -37.76   29.70
 231213.281   163.449   -39.22   27.12
 231587.567   151.529   -31.84   24.30
 231961.836   142.593   -23.87   20.86
 232336.089   144.290     4.54   23.46
 232710.325   149.176    13.05   23.08
 233084.545   154.169    13.34   19.96
 233458.748   158.607    11.86   21.45
 233832.934   166.819    21.94   25.39
 234207.104   180.029    35.30   40.99
 234581.257   200.732    55.32   56.87
 234955.393   200.802     0.19   63.45
 235329.513   220.539    52.75   70.66
 235703.617   245.481    66.66   89.95
 236077.704   286.835   110.52  120.44
 236451.774   313.756    71.95  120.55
 236825.827   306.403   -19.65  120.28
 237199.864   276.176   -80.80  109.95
 237573.885   242.387   -90.32   84.82
 237947.889   249.448    18.88   70.28
 238321.876   283.507    91.05   87.43
 238695.847   363.971   215.12  113.58
 239069.801   449.172   227.79  115.82
 239443.739   489.789   108.60  127.42
 239817.660   542.653   141.35  130.34
 240191.565   551.366    23.30  155.89
 240565.453   525.335   -69.61  158.38
 240939.324   478.834  -124.35  123.56
 241313.179   472.062   -18.11   82.25
 241687.018   504.034    85.51   84.93
 242060.840   551.039   125.71   91.02
 242434.645   597.965   125.51   77.55
 242808.434   617.321    51.77   67.80
 243182.207   644.176    71.83   90.24
 243555.963   664.544    54.48   99.58
 243929.702   688.562    64.25   98.22
 244303.850   706.221    47.19   91.55
 244680.889   727.988    57.72   82.96
 245057.912   773.880   121.70   87.28
 245434.918   828.454   144.73   83.89
 245811.907   900.698   191.59  103.59
 246188.879   938.267    99.64   93.53
 246565.834   931.153   -18.87  105.63
 246942.773   871.058  -159.40  146.51
 247319.694   760.910  -292.17  138.73
 247696.600   654.766  -281.56  131.13
 248073.488   561.526  -247.34  102.57
 248450.359   523.835   -99.99  110.43
 248827.214   481.198  -113.11  123.86
 249204.052   427.081  -143.58  128.19
 249580.873   373.653  -141.76  120.37
 249957.678   323.138  -134.03   94.26
 250334.465   294.539   -75.89   66.43
 250711.236   291.779    -7.33   65.40
 251087.991   296.880    13.54   76.92
 251464.728   303.639    17.94   86.08
 251841.449   300.603    -8.06   83.34
 252218.153   296.266   -11.51   74.94
 252594.841   280.551   -41.71   68.84
 252971.511   264.676   -42.14   60.48
 253348.165   252.107   -33.36   51.61
 253724.802   243.732   -22.23   41.01
 254101.423   251.585    20.85   33.88
 254478.027   268.902    45.97   55.76
 254854.614   307.948   103.66   83.66
 255231.184   365.058   151.62  112.32
 255607.738   412.314   125.47  103.50
 255984.275   408.562    -9.96   91.39
 256360.796   382.138   -70.16  104.56
 256737.300   329.607  -139.49  104.42
 257113.787   270.577  -156.76   82.14
 257490.257   238.676   -84.72   72.88
 257866.711   209.016   -78.77   68.09
 258243.148   189.506   -51.82   53.39
 258619.568   164.335   -66.85   30.80
 258995.972   150.039   -37.97   20.68
 259372.359   141.926   -21.55   17.69
 259748.730   138.593    -8.85   17.21
 260125.084   140.872     6.05   18.50
 260501.421   139.016    -4.93   19.24
 260877.742   135.372    -9.68   20.40
 261254.046   131.289   -10.85   18.95
 261630.333   124.398   -18.31   13.54
 262006.604   122.516    -5.00   16.54
 262382.858   117.403   -13.59   15.80
 262759.095   115.053    -6.24   15.58
 263135.316   113.289    -4.69   14.03
 263511.521   115.141     4.92   12.14
 263887.708   115.812     1.78   10.81
 264263.880   112.686    -8.31    9.62
 264640.034   109.848    -7.54    8.80
 265016.172   106.948    -7.71    7.22
 265392.294   105.694    -3.33    6.60
 265768.398   104.016    -4.46    6.84
 266144.487   101.269    -7.30    7.83
 266520.558    97.546    -9.90    7.98
 266896.614    92.630   -13.07    6.63
 267272.652    88.649   -10.59    5.21
 267648.674    85.721    -7.78    5.45
 268024.680    83.603    -5.63    5.00
 268400.669    84.312     1.89    5.89
 268776.641    85.127     2.17    6.32
 269152.597    85.918     2.10    6.29
 269528.536    85.383    -1.42    6.15
 269904.459    83.544    -4.89    4.63
 270280.365    81.994    -4.12    3.80
 270656.255    80.731    -3.36    3.11
 271032.128    79.197    -4.08    2.86
 271407.985    78.198    -2.66    2.41
 271783.825    76.825    -3.65    2.40
 272159.649    75.812    -2.70    2.48
 272535.456    74.987    -2.19    2.45
 272911.247    77.926     7.82   12.23
 273287.021    88.616    28.44   26.92
 273662.779   107.895    51.30   43.00
 274038.520   131.941    63.98   46.22
 274414.245   148.683    44.55   37.71
 274789.953   156.698    21.33   31.33
 275165.645   149.423   -19.36   26.42
 275541.320   145.546   -10.32   26.76
 275916.979   153.971    22.42   30.23
 276292.621   161.616    20.35   27.37
 276668.247   174.585    34.52   30.20
 277043.857   184.270    25.78   30.15
 277419.450   195.585    30.12   33.58
 277795.026   229.815    91.12   58.78
 278170.587   265.174    94.13   75.63
 278546.130   292.732    73.36   74.58
 278921.658   301.844    24.26   63.54
 279297.168   297.494   -11.58   64.86
 279672.663   306.936    25.14   63.28
 280048.141   290.848   -42.84   67.37
 280423.602   255.085   -95.23   84.80
 280799.048   201.523  -142.63   94.44
 281174.476   138.744  -167.18   66.21
 281549.889   101.086  -100.29   28.95
 281925.285    86.630   -38.50   17.26
 282300.664    80.951   -15.13   13.05
 282676.028    82.766     4.84   12.18
 283051.374    84.539     4.72   11.89
 283426.705    86.194     4.41   12.47
 283802.019    93.835    20.35   20.43
 284177.317   112.936    50.88   43.46
 284552.598   143.062    80.26   63.38
 284927.863   181.616   102.71   68.32
 285303.111   221.039   105.03   68.22
 285678.344   240.335    51.41   68.18
 286053.559   239.039    -3.45   69.57
 286428.759   207.971   -82.78   70.26
 286803.942   170.794   -99.07   43.94
 287179.109   149.895   -55.69   29.98
 287554.259   148.198    -4.52   32.36
 287929.394   155.506    19.47   37.97
 288304.511   165.698    27.17   36.36
 288679.613   176.560    28.95   34.16
 289054.698   169.926   -17.68   36.37
 289429.767   156.104   -36.84   28.28
 289804.819   153.630    -6.60   22.19
 290179.855   157.639    10.69   26.79
 290554.875   162.962    14.19   24.65
 290929.879   177.994    40.08   33.06
 291304.866   198.619    54.99   36.64
 291679.837   211.616    34.65   36.86
 292054.792   208.593    -8.06   38.89
 292429.730   202.779   -15.50   36.69
 292804.652   192.926   -26.27   37.80
 293179.558   195.372     6.52   42.65
 293554.448   197.062     4.51   45.92
 293929.321   192.577   -11.96   51.51
 294304.178   185.151   -19.81   45.36
 294679.019   178.149   -18.68   41.96
 295053.844   170.536   -20.30   40.98
 295428.652   176.494    15.89   43.15
 295803.444   177.094     1.60   43.15
 296178.220   179.289     5.86   38.38
 296552.979   163.127   -43.11   33.09
 296927.722   161.546    -4.22   34.34
 297302.449   158.601    -7.86   36.93
 297677.160   156.731    -4.99   34.98
 298051.855   143.926   -34.17   34.43
 298426.533   131.644   -32.77   26.76
 298801.195   122.815   -23.56   24.73
 299175.841   123.744     2.48   27.05
 299550.471   122.610    -3.03   24.82
 299925.084   122.453    -0.42   23.37
 300299.682   120.585    -4.98   21.28
 300674.263   120.539    -0.12   20.89
 301048.828   113.658   -18.37   20.49
 301423.376   113.639    -0.05   23.14
 301797.909   113.387    -0.67   21.55
 302172.425   110.434    -7.88   20.07
 302546.925   114.290    10.29   20.43
 302921.409   110.934    -8.96   18.15
 303295.877   110.766    -0.45   16.51
 303670.329   109.789    -2.61   17.51
 304044.764   103.895   -15.74   17.22
 304419.184    97.125   -18.08   13.37
 304793.587    93.127   -10.67   13.10
 305167.974    93.185     0.15   15.73
