-144135.955    45.903     0.00    7.85
-143759.557    46.100     0.52    7.15
-143383.177    47.858     4.67    7.49
-143006.816    52.100    11.27   12.63
-142630.474    59.168    18.78   21.87
-142254.150    64.236    13.47   23.23
-141877.845    62.418    -4.83   16.85
-141501.559    70.930    22.63   23.57
-141125.291    82.190    29.93   32.48
-140749.042   102.330    53.53   44.32
-140372.812   117.190    39.50   45.80
-139996.601   128.531    30.15   39.92
-139620.408   129.690     3.08   34.64
-139244.233   124.575   -13.60   32.49
-138868.078   111.531   -34.68   31.99
-138491.941    95.986   -41.33   24.46
-138115.823    84.064   -31.70   19.94
-137739.723    77.129   -18.44   18.82
-137363.642    72.009   -13.62   18.12
-136987.579    66.508   -14.63   13.63
-136611.535    63.908    -6.91   15.18
-136235.510    62.327    -4.21   16.10
-135859.504    58.872    -9.19   15.70
-135483.516    52.130   -17.93   12.01
-135107.546    48.819    -8.81   10.74
-134731.595    46.616    -5.86    9.74
-134355.663    43.918    -7.18    8.45
-133979.750    43.236    -1.81    7.70
-133603.855    41.416    -4.84    6.24
-133227.978    40.200    -3.24    5.03
-132852.120    39.304    -2.38    4.37
-132476.281    37.754    -4.12    3.03
-132100.460    37.441    -0.83    2.90
-131724.658    40.213     7.38   10.16
-131348.874    46.690    17.24   20.45
-130973.109    48.554     4.96   21.42
-130597.362    48.047    -1.35   21.94
-130221.634    45.054    -7.97   20.08
-129845.925    37.676   -19.64    9.75
-129470.234    36.841    -2.22   10.04
-129094.562    37.441     1.60   10.20
-128718.908    36.370    -2.85    6.06
-128343.272    35.440    -2.47    6.50
-127967.655    35.061    -1.01    6.37
-127592.057    35.100     0.10    6.78
-127216.477    33.881    -3.24    5.96
-126840.916    34.753     2.32    6.12
-126465.373    34.753     0.00    5.99
-126089.848    33.605    -3.06    6.70
-125714.343    32.350    -3.34    5.72
-125338.855    31.828    -1.39    3.63
-124963.386    30.940    -2.36    4.35
-124587.936    29.600    -3.57    5.25
-124212.504    27.372    -5.93    6.07
-123837.090    25.713    -4.42    6.14
-123461.695    23.033    -7.14    5.42
-123086.318    21.281    -4.67    5.04
-122710.960    20.036    -3.32    4.51
-122335.620    18.963    -2.86    4.45
-121960.299    17.804    -3.09    4.29
-121584.996    16.372    -3.82    4.34
-121209.712    15.641    -1.95    3.86
-120834.446    14.811    -2.21    3.01
-120459.198    14.054    -2.02    3.05
-120083.969    12.636    -3.78    2.64
-119708.758    12.067    -1.52    2.72
-119333.566    11.100    -2.58    2.71
-118958.392    11.100     0.00    3.14
-118583.236    11.286     0.50    3.00
-118208.099    12.561     3.40    4.23
-117832.980    14.122     4.16    4.48
-117457.880    14.672     1.47    3.91
-117082.798    14.962     0.77    3.63
-116707.734    15.009     0.12    3.73
-116332.689    14.641    -0.98    3.94
-115957.662    15.008     0.98    4.19
-115582.653    15.462     1.21    4.31
-115207.663    16.064     1.60    3.74
-114832.691    17.440     3.67    2.62
-114457.737    17.190    -0.67    2.71
-114082.802    16.077    -2.97    3.21
-113707.885    14.645    -3.82    3.55
-113332.987    13.268    -3.67    3.98
-112958.107    11.581    -4.50    4.86
-112583.245    10.554    -2.74    5.13
-112208.401     8.872    -4.49    5.37
-111833.576     8.100    -2.06    5.30
-111458.769     6.645    -3.88    4.51
-111083.980     5.259    -3.70    3.80
-110709.210     4.953    -0.82    2.72
-110334.458     4.579    -1.00    1.73
-109959.724     4.819     0.64    1.28
-109585.009     5.031     0.57    1.30
-109210.312     5.281     0.67    1.65
-108835.633     5.508     0.61    1.71
-108460.972     5.668     0.43    1.45
-108086.330     5.619    -0.13    1.22
-107711.706     5.556    -0.17    1.39
-107337.100     5.553    -0.01    1.48
-106962.512     5.668     0.31    1.53
-106587.943     5.486    -0.49    1.48
-106213.392     5.668     0.49    1.40
-105838.859     5.895     0.61    1.93
-105464.345     6.077     0.49    1.85
-105089.848     5.759    -0.85    1.60
-104715.370     5.641    -0.31    1.82
-104340.910     5.281    -0.96    1.96
-103966.468     4.797    -1.29    2.18
-103592.045     5.054     0.69    2.49
-103217.640     4.850    -0.55    2.24
-102843.253     5.100     0.67    2.13
-102468.884     5.327     0.61    2.31
-102094.533     5.622     0.79    2.21
-101720.201     5.986     0.97    2.51
-101345.886     6.019     0.09    2.14
-100971.590     6.440     1.13    1.99
-100597.312     6.600     0.43    1.86
-100223.052     6.395    -0.55    1.87
 -99848.811     5.918    -1.28    1.84
 -99474.587     5.577    -0.91    1.58
 -99100.382     5.350    -0.61    1.62
 -98726.195     5.553     0.54    1.60
 -98352.026     6.009     1.22    1.61
 -97977.875     6.236     0.61    1.74
 -97603.743     6.145    -0.24    1.75
 -97229.628     5.986    -0.43    1.59
 -96855.532     6.259     0.73    1.67
 -96481.453     6.175    -0.22    1.55
 -96107.393     6.160    -0.04    1.49
 -95733.351     6.009    -0.41    1.41
 -95359.327     5.940    -0.18    1.30
 -94985.321     6.190     0.67    1.41
 -94611.334     6.509     0.85    1.44
 -94237.364     6.759     0.67    1.34
 -93863.413     6.575    -0.49    1.22
 -93489.479     6.486    -0.24    1.01
 -93115.564     6.440    -0.12    1.10
 -92741.667     6.395    -0.12    1.14
 -92367.787     6.418     0.06    1.17
 -91993.926     6.327    -0.24    2.03
 -91620.083     5.600    -1.95    3.26
 -91246.258     5.775     0.47    3.95
 -90872.451     6.057     0.76    4.30
 -90498.662     6.463     1.09    3.75
 -90124.892     7.418     2.55    2.64
 -89751.139     7.713     0.79    1.57
 -89377.404     7.918     0.55    1.65
 -89003.688     7.781    -0.36    1.55
 -88629.989     7.953     0.46    1.50
 -88256.308     7.891    -0.17    1.34
 -87882.646     8.031     0.38    1.32
 -87509.001     8.168     0.36    1.23
 -87135.375     8.009    -0.43    0.95
 -86761.766     8.122     0.30    1.06
 -86388.175     8.145     0.06    1.26
 -86012.787     7.930    -0.57    1.34
 -85635.587     7.843    -0.23    1.51
 -85258.406     7.759    -0.22    1.58
 -84881.243     7.530    -0.61    1.30
 -84504.098     7.531     0.00    1.22
 -84126.972     7.439    -0.24    1.17
 -83749.864     7.509     0.19    1.08
 -83372.774     7.730     0.59    1.25
 -82995.703     8.033     0.80    1.25
 -82618.650     8.286     0.67    1.14
 -82241.616     8.531     0.65    1.31
 -81864.599     8.695     0.43    1.52
 -81487.602     8.645    -0.13    1.58
 -81110.622     8.536    -0.29    1.69
 -80733.661     7.986    -1.46    1.61
 -80356.718     7.579    -1.08    1.31
 -79979.793     7.509    -0.19    1.17
 -79602.887     7.418    -0.24    1.21
 -79225.999     7.436     0.05    1.18
 -78849.129     7.327    -0.29    1.16
 -78472.278     7.266    -0.16    1.11
 -78095.444     7.553     0.76    1.19
 -77718.629     7.602     0.13    1.31
 -77341.833     7.418    -0.49    1.26
 -76965.054     6.895    -1.39    1.45
 -76588.294     6.588    -0.81    1.37
 -76211.552     6.190    -1.06    1.19
 -75834.829     6.067    -0.33    1.14
 -75458.123     6.153     0.23    1.21
 -75081.436     6.308     0.41    1.27
 -74704.768     6.343     0.09    1.30
 -74328.117     6.509     0.44    1.39
 -73951.485     6.761     0.67    1.63
 -73574.870     7.236     1.26    1.60
 -73198.274     7.895     1.75    1.72
 -72821.697     8.327     1.15    1.49
 -72445.137     8.509     0.48    1.37
 -72068.596     8.436    -0.19    1.36
 -71692.073     7.736    -1.86    1.67
 -71315.568     7.266    -1.25    1.46
 -70939.081     7.581     0.84    1.59
 -70562.613     8.054     1.26    1.66
 -70186.162     8.742     1.83    1.42
 -69809.730     9.051     0.82    1.44
 -69433.316     8.986    -0.17    1.33
 -69056.920     8.804    -0.48    1.22
 -68680.543     8.602    -0.54    1.20
 -68304.183     8.668     0.17    1.30
 -67927.842     8.100    -1.51    1.50
 -67551.519     7.700    -1.06    1.66
 -67175.214     7.575    -0.33    1.66
 -66798.927     7.416    -0.42    1.71
 -66422.658     7.575     0.42    1.44
 -66046.408     7.690     0.31    0.79
 -65670.175     7.660    -0.08    0.90
 -65293.961     7.759     0.26    0.90
 -64917.765     7.629    -0.35    1.03
 -64541.586     7.730     0.27    1.17
 -64165.427     8.372     1.71    1.48
 -63789.285     8.872     1.33    1.54
 -63413.161     9.236     0.97    1.59
 -63037.055     9.100    -0.36    1.65
 -62660.968     8.672    -1.14    1.47
 -62284.898     8.077    -1.58    1.53
 -61908.847     7.622    -1.21    1.30
 -61532.813     7.509    -0.30    1.36
 -61156.798     7.031    -1.27    1.30
 -60780.801     6.690    -0.91    1.13
 -60404.822     6.486    -0.54    1.14
 -60028.861     6.418    -0.18    1.21
 -59652.918     6.736     0.85    1.60
 -59276.993     6.850     0.30    1.63
 -58901.086     7.395     1.45    1.58
 -58525.197     7.759     0.97    1.30
 -58149.327     7.713    -0.12    1.33
 -57773.474     7.964     0.67    1.35
 -57397.639     7.986     0.06    1.34
 -57021.822     8.286     0.80    1.49
 -56646.024     8.137    -0.40    1.45
 -56270.243     8.190     0.14    1.55
 -55894.480     7.605    -1.56    1.55
 -55518.736     7.327    -0.74    1.20
 -55143.009     7.116    -0.56    1.00
 -54767.301     7.207     0.24    1.20
 -54391.610     7.190    -0.04    1.23
 -54015.937     7.105    -0.23    1.31
 -53640.283     7.051    -0.14    1.22
 -53264.646     7.033    -0.05    1.15
 -52889.027     6.872    -0.43    1.08
 -52513.427     6.891     0.05    1.13
 -52137.844     6.579    -0.83    1.04
 -51762.279     6.264    -0.84    1.20
 -51386.732     6.295     0.08    1.37
 -51011.204     6.421     0.33    1.61
 -50635.693     6.759     0.90    1.82
 -50260.200     7.145     1.03    2.22
 -49884.725     6.700    -1.18    2.25
 -49509.268     6.207    -1.31    2.16
 -49133.828     5.509    -1.86    1.61
 -48758.407     5.061    -1.19    1.01
 -48383.004     4.759    -0.81    1.17
 -48007.619     4.509    -0.67    1.17
 -47632.251     3.974    -1.42    1.45
 -47256.902     3.395    -1.54    1.34
 -46881.570     3.242    -0.41    1.61
 -46506.256     2.963    -0.74    1.70
 -46130.960     2.730    -0.62    1.84
 -45755.682     2.440    -0.77    1.74
 -45380.422     2.122    -0.85    1.50
 -45005.180     2.044    -0.21    1.40
 -44629.956     2.304     0.69    1.47
 -44254.750     2.388     0.22    1.64
 -43879.561     2.304    -0.22    1.48
 -43504.390     2.438     0.36    1.75
 -43129.238     2.259    -0.48    1.79
 -42754.103     2.418     0.42    1.76
 -42378.986     2.532     0.31    1.80
 -42003.886     2.463    -0.18    1.64
 -41628.805     2.161    -0.81    1.65
 -41253.741     1.918    -0.65    1.63
 -40878.696     2.021     0.27    1.49
 -40503.668     2.031     0.03    1.61
 -40128.658     1.759    -0.73    1.42
 -39753.665     1.561    -0.53    1.40
 -39378.691     1.827     0.71    1.36
 -39003.734     1.911     0.22    1.50
 -38628.795     2.241     0.88    1.75
 -38253.874     2.579     0.90    1.60
 -37878.971     2.554    -0.07    1.56
 -37504.086     2.781     0.61    1.37
 -37129.218     2.636    -0.39    1.41
 -36754.368     2.690     0.15    1.87
 -36379.536     2.852     0.43    1.97
 -36004.722     3.019     0.45    1.96
 -35629.926     3.323     0.81    2.00
 -35255.147     3.372     0.13    2.10
 -34880.386     3.350    -0.06    1.81
 -34505.643     3.537     0.50    1.76
 -34130.917     3.418    -0.32    1.68
 -33756.210     3.730     0.83    1.61
 -33381.520     3.713    -0.04    1.68
 -33006.847     3.736     0.06    1.43
 -32632.193     3.690    -0.12    1.41
 -32257.556     3.418    -0.73    1.45
 -31882.937     3.281    -0.37    1.67
 -31508.336     3.122    -0.42    1.57
 -31133.752     2.843    -0.75    1.43
 -30759.187     2.775    -0.18    1.52
 -30384.638     2.895     0.32    1.47
 -30010.108     3.184     0.77    1.49
 -29635.595     3.486     0.81    1.61
 -29261.100     3.539     0.14    1.61
 -28886.623     3.690     0.41    1.49
 -28512.163     3.509    -0.48    1.49
 -28137.721     3.197    -0.83    1.69
 -27763.297     3.041    -0.42    1.67
 -27388.891     3.067     0.07    1.84
 -27014.502     3.440     1.00    1.98
 -26640.130     3.591     0.40    1.74
 -26265.777     3.418    -0.46    1.37
 -25891.441     3.346    -0.19    1.25
 -25517.123     3.086    -0.70    1.32
 -25142.822     2.930    -0.42    1.29
 -24768.539     2.881    -0.13    1.16
 -24394.274     3.190     0.83    1.34
 -24020.026     3.328     0.37    1.55
 -23645.796     3.418     0.24    1.62
 -23271.584     3.718     0.80    1.52
 -22897.389     4.031     0.84    1.41
 -22523.212     4.286     0.68    1.32
 -22149.052     4.319     0.09    1.21
 -21774.910     4.190    -0.34    1.13
 -21400.786     3.986    -0.55    1.11
 -21026.679     4.304     0.85    1.39
 -20652.590     4.718     1.11    1.54
 -20278.518     5.281     1.50    1.58
 -19904.464     5.440     0.43    1.88
 -19530.428     5.120    -0.86    2.14
 -19156.409     4.940    -0.48    2.13
 -18782.408     5.065     0.33    2.14
 -18408.424     4.986    -0.21    2.01
 -18034.458     4.788    -0.53    2.02
 -17660.510     5.145     0.95    1.87
 -17286.579     5.281     0.36    1.91
 -16912.665     5.291     0.03    1.86
 -16538.770     5.304     0.04    1.53
 -16164.891     4.947    -0.95    1.37
 -15791.031     4.759    -0.51    1.17
 -15417.187     4.742    -0.05    1.18
 -15043.362     4.804     0.17    1.18
 -14669.553     5.145     0.91    1.78
 -14295.763     5.261     0.31    2.01
 -13921.990     5.122    -0.37    2.20
 -13548.234     4.511    -1.64    2.59
 -13174.496     3.554    -2.56    3.14
 -12800.775     2.858    -1.86    3.28
 -12427.072     2.100    -2.03    3.32
 -12053.387     1.463    -1.70    3.01
 -11679.719     1.261    -0.54    2.83
 -11306.068     2.645     3.70    3.63
 -10930.172     4.120     3.92    3.48
 -10553.020     5.130     2.68    3.05
 -10175.886     6.190     2.81    2.12
  -9798.770     6.718     1.40    1.62
  -9421.672     7.213     1.31    1.42
  -9044.591     7.354     0.37    1.26
  -8667.529     7.713     0.95    1.33
  -8290.484     8.253     1.43    1.29
  -7913.457     8.841     1.56    1.51
  -7536.448     9.419     1.53    1.56
  -7159.456     9.914     1.31    1.25
  -6782.482    10.145     0.61    1.45
  -6405.527    10.332     0.50    1.63
  -6028.589     9.759    -1.52    1.99
  -5651.668     9.281    -1.27    2.16
  -5274.766     8.649    -1.68    2.26
  -4897.881     8.975     0.87    2.62
  -4521.014     9.261     0.76    3.08
  -4144.165     9.804     1.44    2.81
  -3767.333    10.388     1.55    2.41
  -3390.519    10.213    -0.46    1.52
  -3013.723     9.804    -1.09    1.31
  -2636.945     9.486    -0.84    1.36
  -2260.185     9.031    -1.21    1.59
  -1883.442     8.827    -0.54    1.62
  -1506.717     9.044     0.58    1.80
  -1130.010     9.277     0.62    2.30
   -753.320     7.918    -3.61    5.03
   -376.648     4.554    -8.93    6.72
      0.006     1.144    -9.05    5.62
    376.642     2.264     2.97    6.07
    753.261     3.963     4.51    5.63
   1129.862     6.510     6.76    4.40
   1506.446     7.963     3.86    1.80
   1883.011     7.224    -1.96    1.58
   2259.559     6.930    -0.78    1.63
   2636.090     6.998     0.18    1.76
   3012.602     6.827    -0.45    1.83
   3389.097     7.067     0.64    1.76
   3765.575     7.108     0.11    1.76
   4142.034     6.645    -1.23    1.82
   4518.476     6.319    -0.87    1.67
   4894.900     5.695    -1.66    2.07
   5271.307     7.439     4.63    6.69
   5647.696    14.577    18.96   24.68
   6024.068    22.690    21.56   34.42
   6400.421    29.350    17.69   36.40
   6776.757    35.463    16.24   36.29
   7153.076    54.277    49.99   50.14
   7529.377    89.213    92.84   66.91
   7905.660   125.350    96.03   75.33
   8281.926   141.622    43.25   76.49
   8658.174   158.418    44.64   79.42
   9034.404   152.372   -16.07   79.62
   9410.617   148.031   -11.54   61.61
   9786.812   150.579     6.77   44.97
  10162.990   136.044   -38.64   36.33
  10539.150   120.077   -42.45   40.31
  10915.292    97.207   -60.80   48.03
  11291.417    67.067   -80.13   45.54
  11667.524    45.708   -56.79   26.99
  12043.614    50.986    14.03   45.91
  12419.686    78.864    74.13   69.62
  12795.741   110.439    83.96   80.31
  13171.778   135.370    66.30   83.92
  13547.797   148.940    36.09   95.72
  13923.799   147.021    -5.11  100.18
  14299.784   144.804    -5.90  102.84
  14675.751   147.418     6.95   87.52
  15051.700   151.597    11.12   71.96
  15427.632   163.153    30.74   59.18
  15803.546   182.236    50.76   54.94
  16179.443   178.308   -10.45   59.77
  16555.322   168.622   -25.77   61.37
  16931.183   155.600   -34.65   58.54
  17307.028   134.509   -56.11   54.20
  17682.854   112.041   -59.78   48.39
  18058.664    93.462   -49.44   44.30
  18434.455    77.281   -43.06   38.73
  18810.229    58.963   -48.75   25.70
  19185.986    48.044   -29.06   20.43
  19561.725    39.145   -23.68   17.63
  19937.447    34.486   -12.40   15.24
  20313.151    28.819   -15.08    8.83
  20688.838    23.986   -12.87    7.89
  21064.507    20.463    -9.38    7.24
  21440.159    18.010    -6.53    5.10
  21815.794    17.579    -1.15    4.65
  22191.411    17.241    -0.90    4.76
  22567.010    16.852    -1.04    4.92
  22942.592    15.872    -2.61    4.71
  23318.157    13.664    -5.88    4.42
  23693.704    12.509    -3.07    4.66
  24069.234    10.462    -5.45    3.71
  24444.746     8.835    -4.33    3.34
  24820.241     7.553    -3.41    2.51
  25195.718     6.772    -2.08    1.92
  25571.178     6.579    -0.51    1.89
  25946.621     6.327    -0.67    1.74
  26322.046     6.346     0.05    1.57
  26697.454     6.091    -0.68    1.56
  27072.845     5.653    -1.17    1.48
  27448.218     5.304    -0.93    1.40
  27823.573     4.938    -0.97    1.43
  28198.912     4.918    -0.05    1.21
  28574.232     4.962     0.12    1.23
  28949.536     5.510     1.46    1.37
  29324.822     5.781     0.72    1.34
  29700.091     5.686    -0.25    1.52
  30075.342     5.619    -0.18    1.79
  30450.576     5.230    -1.04    1.76
  30825.793     5.253     0.06    1.65
  31200.992     5.295     0.11    2.13
  31576.174     5.949     1.74    3.63
  31951.339     6.418     1.25    4.43
  32326.486     6.461     0.12    4.75
  32701.616     4.951    -4.02    4.31
  33076.729     3.100    -4.94    3.66
  33451.824     1.439    -4.43    2.48
  33826.902     0.395    -2.78    2.12
  34201.963     0.413     0.05    1.94
  34577.006     0.850     1.16    1.73
  34952.032     1.535     1.83    1.30
  35327.041     2.021     1.30    1.40
  35702.033     2.577     1.48    1.48
  36077.007     3.193     1.64    1.55
  36451.964     4.054     2.30    1.40
  36826.903     4.486     1.15    1.96
  37201.826     4.940     1.21    2.15
  37576.731     5.010     0.18    2.32
  37951.619     4.672    -0.90    2.01
  38326.489     4.176    -1.32    1.80
  38701.342     4.096    -0.22    1.41
  39076.178     4.190     0.25    1.34
  39450.997     4.511     0.85    1.10
  39825.798     4.708     0.53    1.00
  40200.583     4.974     0.71    1.24
  40575.350     4.951    -0.06    1.22
  40950.099     4.938    -0.03    1.33
  41324.832     4.876    -0.17    1.18
  41699.547     4.895     0.05    1.06
  42074.245     5.011     0.31    0.99
  42448.926     5.031     0.05    0.98
  42823.590     5.100     0.18    0.89
  43198.236     5.207     0.29    0.85
  43572.865     5.184    -0.06    1.06
  43947.477     5.266     0.22    0.99
  44322.072     5.122    -0.38    0.99
  44696.650     4.583    -1.44    1.48
  45071.210     4.184    -1.07    1.46
  45445.753     3.895    -0.77    1.45
  45820.279     4.319     1.13    2.09
  46194.788     6.281     5.24    3.28
  46569.280     7.754     3.93    3.58
  46943.754     8.190     1.16    3.36
  47318.211     8.867     1.81    5.28
  47692.652     8.718    -0.40    4.92
  48067.075     7.695    -2.73    4.79
  48441.480     7.367    -0.88    4.80
  48815.869     6.009    -3.63    1.75
  49190.241     5.949    -0.16    1.86
  49564.595     5.850    -0.27    1.56
  49938.932     5.295    -1.48    1.53
  50313.252     4.668    -1.68    1.51
  50687.555     3.986    -1.82    1.55
  51061.841     3.695    -0.78    1.39
  51436.110     3.645    -0.13    1.48
  51810.362     3.193    -1.21    2.10
  52184.596     2.086    -2.96    2.84
  52558.814     0.742    -3.59    2.87
  52933.014    -0.650    -3.72    1.92
  53307.197    -1.228    -1.54    1.07
  53681.363    -1.347    -0.32    0.82
  54055.512    -0.741     1.62    1.89
  54429.644     0.218     2.56    2.72
  54803.759     1.531     3.51    2.89
  55177.857     3.153     4.33    2.65
  55551.938     4.532     3.69    2.32
  55926.001     5.581     2.80    1.65
  56300.048     6.207     1.67    1.39
  56674.077     6.686     1.28    1.08
  57048.090     7.057     0.99    1.23
  57422.085     7.509     1.21    1.37
  57796.063     7.975     1.25    1.22
  58170.025     7.951    -0.06    1.26
  58543.969     7.781    -0.45    1.37
  58917.896     7.393    -1.04    1.27
  59291.806     6.827    -1.51    1.26
  59665.700     6.510    -0.85    1.39
  60039.576     6.259    -0.67    1.51
  60413.435     5.804    -1.22    1.29
  60787.277     5.718    -0.23    1.19
  61161.102     5.530    -0.50    1.28
  61534.910     5.230    -0.80    1.40
  61908.701     4.843    -1.04    1.38
  62282.475     4.533    -0.83    1.17
  62656.232     4.881     0.93    1.59
  63029.973     5.441     1.50    1.83
  63403.696     5.765     0.87    1.94
  63777.402     5.986     0.59    1.68
  64153.792     6.137     0.40    1.74
  64530.896     6.031    -0.28    1.41
  64907.982     6.184     0.40    1.17
  65285.051     5.695    -1.30    1.57
  65662.103     4.918    -2.06    1.74
  66039.138     4.236    -1.81    1.78
  66416.155     3.509    -1.93    1.10
  66793.155     3.153    -0.95    0.93
  67170.137     2.998    -0.41    0.91
  67547.103     3.054     0.15    0.93
  67924.051     2.951    -0.27    1.10
  68300.982     2.986     0.09    1.19
  68677.895     2.938    -0.13    1.29
  69054.791     3.054     0.31    1.50
  69431.670     3.416     0.96    1.82
  69808.532     3.602     0.49    1.80
  70185.377     3.700     0.26    1.59
  70562.204     3.891     0.51    1.50
  70939.014     3.940     0.13    1.09
  71315.807     4.236     0.78    1.17
  71692.583     4.343     0.28    1.09
  72069.341     4.327    -0.04    1.08
  72446.082     4.510     0.49    1.11
  72822.806     4.463    -0.13    1.11
  73199.513     4.413    -0.13    1.19
  73576.203     4.713     0.80    1.20
  73952.875     4.556    -0.42    1.03
  74329.530     4.393    -0.43    1.02
  74706.168     4.391    -0.01    1.05
  75082.789     4.261    -0.34    1.03
  75459.393     4.259    -0.01    1.03
  75835.979     4.286     0.07    1.07
  76212.548     4.439     0.41    1.00
  76589.101     4.690     0.67    1.00
  76965.635     5.010     0.85    1.17
  77342.153     5.054     0.12    1.19
  77718.654     5.071     0.05    1.18
  78095.137     5.100     0.08    1.24
  78471.604     4.788    -0.83    1.12
  78848.053     4.759    -0.08    1.04
  79224.485     4.904     0.39    0.88
  79600.900     5.153     0.66    0.93
  79977.297     5.418     0.70    1.21
  80353.678     5.761     0.91    1.30
  80730.042     5.781     0.05    1.30
  81106.388     5.742    -0.11    1.22
  81482.717     5.532    -0.56    1.23
  81859.029     5.372    -0.43    1.28
  82235.324     5.563     0.51    1.35
  82611.602     5.759     0.52    1.37
  82987.863     5.891     0.35    1.33
  83364.107     5.986     0.25    1.37
  83740.334     6.009     0.06    1.52
  84116.543     5.768    -0.64    1.41
  84492.736     5.895     0.34    1.39
  84868.911     6.086     0.51    1.32
  85245.069     6.281     0.52    1.50
  85621.211     6.579     0.79    1.81
  85997.335     7.077     1.32    1.99
  86373.442     7.463     1.03    1.78
  86749.532     7.255    -0.55    1.90
  87125.605     7.077    -0.47    2.02
  87501.661     5.938    -3.03    2.06
  87877.700     5.440    -1.32    1.87
  88253.722     5.330    -0.29    1.66
  88629.727     5.510     0.48    1.42
  89005.715     5.963     1.21    1.19
  89381.686     6.117     0.41    0.97
  89757.639     6.395     0.74    0.94
  90133.576     6.881     1.29    1.29
  90509.496     7.259     1.00    1.52
  90885.399     7.765     1.35    1.52
  91261.284     8.435     1.78    1.52
  91637.153     8.168    -0.71    1.84
  92013.005     8.336     0.45    1.90
  92388.840     7.850    -1.29    1.89
  92764.657     7.736    -0.30    1.94
  93140.458     7.718    -0.05    1.82
  93516.242     7.577    -0.38    1.72
  93892.009     7.854     0.74    1.51
  94267.759     7.781    -0.19    1.30
  94643.492     7.532    -0.66    1.19
  95019.207     7.168    -0.97    1.16
  95394.906     6.850    -0.85    1.18
  95770.588     6.886     0.10    1.26
  96146.253     6.281    -1.61    1.81
  96521.902     5.999    -0.75    1.90
  96897.533     5.986    -0.03    1.73
  97273.147     6.100     0.30    1.70
  97648.744     6.579     1.28    1.59
  98024.325     6.940     0.96    1.45
  98399.888     7.039     0.26    1.64
  98775.435     6.850    -0.50    1.74
  99150.964     6.901     0.14    1.95
  99526.477     6.619    -0.75    1.74
  99901.973     6.327    -0.78    1.64
 100277.451     6.137    -0.51    1.70
 100652.913     5.986    -0.40    2.65
 101028.358     5.644    -0.91    2.80
 101403.787     5.622    -0.06    2.55
 101779.198     5.602    -0.05    2.31
 102154.592     6.100     1.32    1.59
 102529.970     6.213     0.30    1.19
 102905.330     6.332     0.32    1.27
 103280.674     6.213    -0.32    1.15
 103656.001     6.127    -0.23    0.99
 104031.311     6.184     0.15    1.01
 104406.604     6.145    -0.10    1.26
 104781.881     5.974    -0.45    1.50
 105157.140     5.236    -1.97    1.62
 105532.383     4.775    -1.23    1.58
 105907.609     4.327    -1.20    1.48
 106282.817     3.772    -1.48    0.92
 106658.010     3.486    -0.76    0.00
 107033.185     3.486     0.00    0.00
 107408.343     3.486     0.00    0.00
 107783.485     3.918     1.15    1.04
 108158.610     4.828     2.43    1.95
 108533.718     6.190     3.63    2.33
 108908.809     7.416     3.27    1.87
 109283.883     7.486     0.19    1.73
 109658.941     6.998    -1.30    1.89
 110033.982     6.024    -2.59    2.19
 110409.006     5.122    -2.41    2.37
 110784.013     4.036    -2.90    2.04
 111159.003     3.645    -1.04    1.92
 111533.977     3.184    -1.23    1.83
 111908.934     2.827    -0.95    1.68
 112283.874     1.736    -2.91    2.37
 112658.797     0.896    -2.24    2.67
 113033.704    -0.105    -2.67    2.28
 113408.593    -0.657    -1.47    1.83
 113783.467    -0.287     0.99    2.24
 114158.323     0.819     2.95    2.50
 114533.162     1.291     1.26    2.44
 114907.985     1.940     1.73    2.06
 115282.791     2.486     1.46    1.71
 115657.580     2.577     0.24    1.68
 116032.353     2.672     0.25    1.58
 116407.109     3.054     1.02    1.82
 116781.848     3.137     0.22    1.85
 117156.570     2.922    -0.57    1.77
 117531.276     2.554    -0.98    1.69
 117905.965     2.211    -0.92    1.78
 118280.637     1.508    -1.88    1.94
 118655.293     0.486    -2.73    1.56
 119029.932     0.439    -0.12    1.50
 119404.554     1.031     1.58    2.41
 119779.160     1.691     1.76    2.55
 120153.748     2.668     2.61    2.38
 120528.320     3.022     0.95    2.30
 120902.876     2.718    -0.81    2.24
 121277.415     2.827     0.29    2.05
 121651.937     2.653    -0.47    1.58
 122026.442     3.031     1.01    1.58
 122400.931     3.761     1.95    1.40
 122775.403     4.350     1.57    1.37
 123149.859     4.343    -0.02    1.66
 123524.297     4.044    -0.80    2.32
 123898.720     4.248     0.54    3.02
 124273.125     4.388     0.38    2.75
 124647.514     4.600     0.56    2.39
 125021.886     5.011     1.10    1.88
 125396.242     4.327    -1.83    1.55
 125770.581     4.184    -0.38    1.63
 126144.903     4.160    -0.06    1.90
 126519.209     4.057    -0.28    1.82
 126893.498     4.261     0.54    1.67
 127267.771     4.622     0.97    2.01
 127642.027     4.911     0.77    1.88
 128016.266     4.788    -0.33    2.02
 128390.489     4.600    -0.50    1.66
 128764.695     5.067     1.25    1.82
 129138.884     5.718     1.74    1.84
 129513.057     6.044     0.87    1.74
 129887.214     6.350     0.82    1.58
 130261.354     6.772     1.13    1.47
 130635.477     6.788     0.04    1.61
 131009.583     6.928     0.37    1.59
 131383.674     6.700    -0.61    1.51
 131757.747     6.486    -0.57    1.57
 132131.804     6.253    -0.62    1.51
 132505.845     5.811    -1.18    1.61
 132879.868     5.414    -1.06    1.26
 133253.876     5.370    -0.12    1.12
 133627.867     5.323    -0.12    1.13
 134001.841     5.393     0.19    1.19
 134375.799     5.672     0.75    1.47
 134749.740     6.160     1.31    1.74
 135123.665     6.418     0.69    1.58
 135497.573     6.649     0.62    1.77
 135871.464     7.091     1.18    2.40
 136245.340     8.304     3.25    4.07
 136619.198    11.872     9.54    6.34
 136993.040    14.350     6.63    6.73
 137366.866    17.602     8.70    6.63
 137740.675    20.438     7.59    6.88
 138114.468    21.788     3.61    7.71
 138488.244    22.350     1.50    8.12
 138862.004    23.044     1.86    7.56
 139238.879    23.718     1.79    7.46
 139615.938    26.811     8.20    6.87
 139992.981    30.343     9.37    6.70
 140370.006    33.672     8.83    6.96
 140747.015    35.054     3.67    6.26
 141124.007    34.781    -0.72    5.92
 141500.982    32.668    -5.61    7.24
 141877.941    27.323   -14.18    8.63
 142254.883    24.137    -8.45    7.61
 142631.808    23.077    -2.81    6.82
 143008.716    26.439     8.92    8.01
 143385.607    31.230    12.71    7.32
 143762.482    34.788     9.44    7.61
 144139.340    37.772     7.92    6.01
 144516.181    35.795    -5.24    8.02
 144893.006    32.067    -9.89    8.47
 145269.814    29.236    -7.51    5.75
 145646.605    29.625     1.03    4.95
 146023.379    33.718    10.86    5.88
 146400.137    38.224    11.96    7.02
 146776.878    41.872     9.68    7.30
 147153.602    47.375    14.60    9.78
 147530.310    51.724    11.54   10.78
 147907.001    54.419     7.15   12.25
 148283.675    54.649     0.61   11.26
 148660.332    61.748    18.85   15.90
 149036.973    70.914    24.33   21.17
 149413.597    89.486    49.30   31.36
 149790.205   106.788    45.94   30.72
 150166.795   110.323     9.39   28.31
 150543.369   105.695   -12.29   30.31
 150919.927    98.367   -19.46   30.42
 151296.468    84.281   -37.40   21.02
 151672.992    74.997   -24.65   16.63
 152049.499    72.033    -7.87   17.29
 152425.990    71.713    -0.85   17.37
 152802.464    72.881     3.10   16.55
 153178.922    72.067    -2.16   16.69
 153555.363    76.319    11.29   15.77
 153931.787    94.928    49.43   44.51
 154308.194   127.700    87.05   66.70
 154684.585   161.114    88.76   70.59
 155060.960   183.114    58.44   65.63
 155437.318   172.876   -27.20   70.77
 155813.659   139.253   -89.33   52.44
 156189.983   113.864   -67.46   29.82
 156566.291   102.891   -29.16   22.64
 156942.582    92.672   -27.15   19.57
 157318.857    82.137   -27.99   10.95
 157695.115    74.951   -19.10    8.61
 158071.357    70.843   -10.92    8.32
 158447.582    67.881    -7.87    7.84
 158823.790    68.295     1.10   10.05
 159199.982    67.416    -2.34    7.13
 159576.157    66.350    -2.83    7.25
 159952.316    66.559     0.56    9.06
 160328.458    69.742     8.46    9.57
 160704.584    71.041     3.46   10.88
 161080.693    67.153   -10.34   13.69
 161456.785    60.137   -18.65   12.46
 161832.861    55.835   -11.44    8.00
 162208.920    58.649     7.48    9.54
 162584.963    65.438    18.05   10.06
 162960.990    74.230    23.38   10.29
 163336.999    79.938    15.18    8.12
 163712.993    82.509     6.84    8.31
 164088.969    85.168     7.07    7.96
 164464.930    82.803    -6.29    8.32
 164840.873    80.895    -5.07    8.09
 165216.800    80.819    -0.20    7.52
 165592.711    81.629     2.15    7.74
 165968.605    87.649    16.01    9.40
 166344.483    90.416     7.36   10.47
 166720.344    90.765     0.93   10.70
 167096.189    90.653    -0.30   11.96
 167472.017    88.416    -5.95   11.20
 167847.829    85.021    -9.03   11.03
 168223.624    82.858    -5.75   10.79
 168599.403    80.114    -7.30    9.48
 168975.165    79.319    -2.11    9.15
 169350.911    79.872     1.47    9.18
 169726.640    84.664    12.75   13.73
 170102.353    86.277     4.29   12.72
 170478.050    90.986    12.53   12.46
 170853.730    94.393     9.07    9.74
 171229.393    96.962     6.84    9.35
 171605.040    99.819     7.60    6.67
 171980.671    98.765    -2.81    8.04
 172356.285    96.974    -4.77    9.92
 172731.883    95.021    -5.20   12.09
 173107.464    92.114    -7.74   13.94
 173483.029    89.629    -6.62   15.29
 173858.578    86.622    -8.00   15.39
 174234.110    84.114    -6.68   15.89
 174609.626    80.463    -9.72   13.11
 174985.125    77.850    -6.96   12.09
 175360.608    73.881   -10.57   11.43
 175736.075    69.114   -12.70   11.32
 176111.525    64.153   -13.21   10.55
 176486.959    60.272   -10.34   10.44
 176862.376    57.395    -7.66    9.97
 177237.777    54.672    -7.25    8.94
 177613.162    52.850    -4.85    6.80
 177988.530    52.137    -1.90    3.91
 178363.882    53.463     3.53    3.65
 178739.217    56.160     7.19    3.91
 179114.536    57.765     4.27    4.70
 179489.839    58.532     2.04    7.38
 179865.126    58.009    -1.40    8.29
 180240.396    58.100     0.24    9.76
 180615.649    57.367    -1.95    9.50
 180990.887    57.608     0.64    8.71
 181366.108    60.686     8.20    9.77
 181741.313    65.416    12.61   10.73
 182116.501    69.031     9.63   12.04
 182491.673    69.184     0.41   14.19
 182866.829    64.672   -12.02   14.60
 183241.968    60.021   -12.40   10.10
 183617.092    74.067    37.44   30.76
 183992.198    93.509    51.82   41.00
 184367.289   119.122    68.27   48.81
 184742.363   148.304    77.79   52.75
 185117.421   183.672    94.28   58.50
 185492.463   211.160    73.28   48.29
 185867.488   218.533    19.66   41.79
 186242.497   194.867   -63.10   59.21
 186617.490   151.486  -115.67   61.31
 186992.466   113.649  -100.89   47.80
 187367.427    90.439   -61.89   27.53
 187742.371    83.619   -18.19   16.14
 188117.298    93.153    25.42   25.35
 188492.210    98.605    14.54   23.34
 188867.105   100.486     5.02   21.62
 189241.984    97.531    -7.88   18.02
 189616.846    93.509   -10.73   12.47
 189991.693   100.788    19.42   14.16
 190366.523   112.462    31.14   21.00
 190741.337   134.781    59.54   40.90
 191116.135   155.230    54.55   36.64
 191490.916   167.602    33.01   31.29
 191865.682   181.835    37.97   32.65
 192240.431   177.416   -11.79   33.06
 192615.163   159.300   -48.34   39.98
 192989.880   144.462   -39.59   43.09
 193364.580   119.304   -67.13   28.54
 193739.265   106.718   -33.58    8.82
 194113.933   104.605    -5.64    9.02
 194488.584   103.184    -3.79    8.93
 194863.220    99.850    -8.90    9.21
 195237.840    96.463    -9.04    9.45
 195612.443    96.011    -1.21    8.99
 195987.030    94.372    -4.37    9.58
 196361.601    91.779    -6.92    9.28
 196736.155    89.605    -5.80    9.65
 197110.694    86.462    -8.39   10.35
 197485.216    84.200    -6.04    9.95
 197859.723    85.509     3.49   10.07
 198234.213    89.315    10.16   11.73
 198608.687    94.304    13.32   14.74
 198983.144   101.169    18.33   10.60
 199357.586   100.122    -2.79   12.12
 199732.011    93.676   -17.21   13.48
 200106.421    83.901   -26.11   12.74
 200480.814    76.168   -20.65    9.85
 200855.191    72.281   -10.38    6.88
 201229.552    71.918    -0.97    5.67
 201603.897    76.393    11.95    9.17
 201978.225    80.300    10.44   10.65
 202352.538    87.253    18.57   11.67
 202726.834    93.336    16.25    9.90
 203101.115    96.327     7.99    8.36
 203475.379    99.563     8.64    6.92
 203849.627   100.114     1.47    6.74
 204223.859    99.054    -2.83    8.15
 204598.075    99.137     0.22    7.93
 204972.275   100.531     3.73    9.69
 205346.459   105.302    12.75   17.17
 205720.627   109.918    12.33   20.21
 206094.778   120.071    27.13   26.61
 206468.914   136.100    42.83   37.25
 206843.034   145.486    25.08   40.14
 207217.137   148.911     9.15   36.96
 207591.224   149.600     1.84   34.75
 207965.296   150.907     3.49   39.78
 208339.351   155.077    11.15   45.12
 208713.390   166.625    30.87   46.65
 209087.413   167.077     1.21   29.58
 209461.421   183.346    43.49   31.55
 209835.412   221.050   100.80   61.52
 210209.387   261.577   108.35   64.85
 210583.346   276.311    39.39   56.65
 210957.289   268.718   -20.30   58.02
 211331.216   225.439  -115.72   58.22
 211705.127   187.153  -102.38   59.40
 212079.022   151.486   -95.38   53.11
 212452.901   125.204   -70.28   34.16
 212826.764   111.713   -36.08   11.20
 213200.611   108.510    -8.57   11.22
 213574.442   105.346    -8.46   12.93
 213948.576    99.137   -16.59   13.16
 214325.607    96.144    -7.94   11.80
 214702.621    97.168     2.71   11.67
 215079.619   103.286    16.23   13.72
 215456.601   117.176    36.84   18.53
 215833.566   133.649    43.69   24.39
 216210.516   165.200    83.69   61.18
 216587.449   206.881   110.56   87.93
 216964.365   259.024   138.32  103.12
 217341.266   328.963   185.53  116.48
 217718.150   377.367   128.41  122.88
 218095.018   423.998   123.71  127.44
 218471.870   471.343   125.61  142.39
 218848.705   517.169   121.58  134.46
 219225.525   534.895    47.03  124.34
 219602.328   539.411    11.98  118.89
 219979.115   529.533   -26.21  119.31
 220355.885   528.021    -4.01  109.73
 220732.640   532.852    12.82   89.77
 221109.378   534.122     3.37   87.51
 221486.100   538.011    10.32   85.27
 221862.805   539.350     3.55   78.15
 222239.495   526.835   -33.22   79.93
 222616.168   481.881  -119.32   78.53
 222992.826   451.748   -79.99   69.99
 223369.467   403.281  -128.66   76.68
 223746.091   357.463  -121.63   76.41
 224122.700   330.236   -72.28   64.58
 224499.292   321.914   -22.09   51.64
 224875.869   338.160    43.13   44.74
 225252.429   326.827   -30.09   53.23
 225628.973   284.713  -111.82   65.02
 226005.501   249.086   -94.60   62.79
 226382.012   215.160   -90.09   43.88
 226758.508   201.835   -35.39   39.98
 227134.987   209.129    19.37   41.54
 227511.450   204.272   -12.90   50.82
 227887.897   213.178    23.66   49.27
 228264.328   199.486   -36.37   54.19
 228640.743   177.248   -59.07   58.51
 229017.141   145.277   -84.92   58.64
 229393.524   110.962   -91.15   28.03
 229769.890   103.096   -20.90   16.33
 230146.241   101.872    -3.25   16.17
 230522.575    97.336   -12.05   17.33
 230898.893    91.160   -16.41   17.38
 231275.195    87.137   -10.69   15.67
 231651.481    87.724     1.56   15.89
 232027.750    87.091    -1.68   17.91
 232404.004    87.011    -0.21   17.75
 232780.242    86.259    -2.00   17.06
 233156.463    81.938   -11.48   17.22
 233532.669    78.300    -9.67   16.98
 233908.858    69.057   -24.56   11.75
 234285.031    67.486    -4.18    9.06
 234661.188    77.645    27.00   27.39
 235037.330    93.136    41.18   41.67
 235413.455   117.867    65.74   53.85
 235789.564   138.554    54.99   48.31
 236165.657   174.730    96.17   50.83
 236541.733   235.951   162.76   78.46
 236917.794   272.291    96.61   71.16
 237293.839   276.248    10.52   62.40
 237669.868   265.486   -28.61   66.39
 238045.881   236.176   -77.93   61.16
 238421.877   227.391   -23.36   53.49
 238797.858   245.411    47.92   63.18
 239173.823   277.895    86.38   67.03
 239549.771   295.011    45.52   48.67
 239925.704   269.653   -67.44   57.97
 240301.621   247.439   -59.08   57.45
 240677.521   224.105   -62.06   51.94
 241053.406   193.207   -82.18   53.92
 241429.274   175.438   -47.26   61.83
 241805.127   135.129  -107.23   44.91
 242180.964   110.581   -65.30   28.92
 242556.784    97.230   -35.52   13.43
 242932.589   102.676    14.49   26.61
 243308.378   105.676     7.98   27.00
 243684.150   107.391     4.56   24.99
 244059.907   102.413   -13.25   23.50
 244435.648    98.224   -11.15   19.87
 244811.373    97.986    -0.63   20.58
 245187.082    97.272    -1.90   21.95
 245562.774    95.081    -5.83   23.92
 245938.451    88.323   -17.99   21.17
 246314.112    79.184   -24.32   15.07
 246689.757    75.557    -9.65   10.55
 247065.387    75.881     0.86   11.26
 247441.000    74.904    -2.60   11.79
 247816.597    73.350    -4.14   12.03
 248192.178    71.602    -4.65   11.16
 248567.744    72.266     1.77   11.85
 248943.293    71.129    -3.03   12.18
 249318.827    71.259     0.35   11.67
 249694.344    74.672     9.09   11.30
 250069.846    79.804    13.66   13.34
 250445.332    90.091    27.39   18.38
 250820.802    93.718     9.66   17.27
 251196.256    89.843   -10.32   18.44
 251571.694    84.742   -13.58   19.10
 251947.116    77.881   -18.27   12.71
 252322.523    79.190     3.49   13.43
 252697.913    85.625    17.14   17.72
 253073.288    87.742     5.64   17.65
 253448.646    85.998    -4.64   15.16
 253823.989    95.998    26.64   24.66
 254199.316   104.625    22.98   25.74
 254574.627    99.827   -12.78   27.97
 254949.923    96.998    -7.54   31.85
 255325.202    81.695   -40.77   26.97
 255700.466    69.811   -31.66   10.44
 256075.713    69.137    -1.80    9.12
 256450.945    69.835     1.86    9.94
 256826.161    73.486     9.73   12.74
 257201.362    74.393     2.42   12.74
 257576.546    74.881     1.30   13.41
 257951.714    75.700     2.18   13.83
 258326.867    73.962    -4.63   11.81
 258702.004    75.105     3.05   12.14
 259077.125    79.114    10.68   12.20
 259452.230    82.391     8.73   11.02
 259827.320    85.579     8.50    9.93
 260202.394    87.137     4.15    9.18
 260577.451    85.963    -3.13    9.12
 260952.494    86.367     1.08    9.74
 261327.520    85.277    -2.91    8.90
 261702.530    86.414     3.03    7.97
 262077.525    85.510    -2.41    7.39
 262452.504    86.867     3.62    8.79
 262827.467    87.022     0.41    9.98
 263202.414    87.998     2.60    9.32
 263577.346    89.535     4.10    9.21
 263952.262    88.486    -2.80    8.63
 264327.162    94.533    16.13   14.68
 264702.046    99.556    13.39   14.34
 265076.915   102.114     6.82   13.98
 265451.768   105.711     9.59   14.46
 265826.605   103.827    -5.03   13.54
 266201.426   101.096    -7.28   14.39
 266576.232    98.224    -7.66   15.34
 266951.021    95.091    -8.36   13.21
 267325.796    93.343    -4.66    9.89
 267700.554    92.463    -2.35   10.63
 268075.297    93.665     3.21   12.55
 268450.024    92.168    -4.00   13.02
 268824.735    88.938    -8.62   11.66
 269199.430    87.556    -3.69    8.96
 269574.110    88.153     1.59    9.33
 269948.774    89.717     4.17    9.17
 270323.423    91.372     4.42    9.39
 270698.055    92.512     3.04   10.38
 271072.673    93.904     3.72   10.75
 271447.274    98.168    11.38   13.15
 271821.860   102.277    10.97   15.44
 272196.429   114.259    31.98   34.34
 272570.984   126.960    33.90   53.55
 272945.522   137.804    28.95   66.22
 273320.045   137.629    -0.47   55.43
 273694.553   132.713   -13.12   37.75
 274069.044   128.033   -12.49   23.09
 274443.520   124.870    -8.44   13.46
 274817.981   124.236    -1.69   10.85
 275192.425   122.486    -4.67    9.59
 275566.854   123.509     2.73   12.34
 275941.268   124.974     3.91   15.79
 276315.665   122.742    -5.96   15.12
 276690.047   120.690    -5.48   13.93
 277064.414   118.076    -6.98   10.57
 277438.765   118.350     0.73   10.01
 277813.100   120.657     6.16   11.42
 278187.420   123.200     6.79   11.84
 278561.724   124.207     2.69   13.13
 278936.012   122.730    -3.95   12.94
 279310.285   124.509     4.75   14.95
 279684.542   123.486    -2.73   13.66
 280058.783   122.248    -3.31   12.95
 280433.009   125.748     9.35   13.50
 280807.220   127.081     3.56   13.51
 281181.415   128.200     2.99   13.65
 281555.594   127.486    -1.91   11.11
 281929.757   130.974     9.32   10.55
 282303.905   132.291     3.52    9.74
 282678.038   134.835     6.80    7.28
 283052.155   138.486     9.76    8.83
 283426.256   141.724     8.65   11.97
 283800.342   142.852     3.01   14.12
 284174.412   138.788   -10.86   14.74
 284548.467   131.486   -19.52   12.00
 284922.506   128.581    -7.76   10.69
 285296.529   129.021     1.18    9.74
 285670.537   134.277    14.05   14.01
 286044.530   138.067    10.13   15.11
 286418.507   144.827    18.07   14.30
 286792.468   152.067    19.36   16.35
 287166.414   157.914    15.63   18.94
 287540.344   165.581    20.50   18.19
 287914.259   171.022    14.55   17.80
 288288.158   171.811     2.11   18.89
 288662.042   164.486   -19.59   22.26
 289036.736   155.160   -24.88   23.53
 289413.726   146.713   -22.40   20.78
 289790.700   136.176   -27.94   17.33
 290167.659   131.057   -13.58   15.33
 290544.602   128.858    -5.83   14.81
 290921.529   128.951     0.25   15.47
 291298.440   130.021     2.84   14.96
 291675.336   128.951    -2.84   13.26
 292052.215   130.819     4.96   17.11
 292429.079   141.081    27.22   28.87
 292805.928   145.998    13.04   31.99
 293182.760   145.295    -1.86   29.47
 293559.577   138.248   -18.70   26.71
 293936.378   126.367   -31.52   17.64
 294313.163   125.259    -2.94   16.99
 294689.933   123.835    -3.78   17.96
 295066.687   120.695    -8.33   16.67
 295443.425   121.653     2.54   14.45
 295820.147   117.190   -11.84   11.40
 296196.854   112.367   -12.80    9.27
 296573.545   110.559    -4.80    7.94
 296950.220   113.463     7.71   13.53
 297326.880   142.951    78.27   55.34
 297703.524   191.343   128.45   92.39
 298080.152   277.602   228.97  119.74
 298456.764   383.033   279.88  117.79
 298833.361   450.811   179.93   94.16
 299209.942   486.811    95.57   66.31
 299586.508   479.153   -20.33   78.83
 299963.057   430.105  -130.22   97.31
 300339.591   372.963  -151.72  111.71
 300716.110   318.600  -144.35  106.79
 301092.613   274.581  -116.88   69.70
 301469.100   264.367   -27.12   63.37
 301845.571   255.533   -23.46   55.46
 302222.027   265.700    27.00   56.46
 302598.467   266.315     1.63   52.99
 302974.891   282.211    42.22   58.79
 303351.300   309.742    73.12   67.05
 303727.694   323.413    36.31   66.10
 304104.071   337.391    37.13   64.76
 304480.433   336.081    -3.48   55.07
 304856.779   345.914    26.12   49.62
 305233.110   348.224     6.14   49.08
 305609.425   354.925    17.80   52.78
 305985.725   351.532    -9.01   47.49
 306362.008   344.583   -18.46   37.95
 306738.277   347.581     7.96   41.35
 307114.529   352.986    14.36   36.28
 307490.766   358.586    14.88   27.99
 307866.988   361.190     6.92   28.93
 308243.194   389.730    75.84   58.13
 308619.384   451.391   163.87  104.21
 308995.559   570.230   315.83  159.15
 309371.718   666.748   256.52  137.54
 309747.861   701.486    92.33  109.70
 310123.989   671.819   -78.85  129.39
 310500.102   584.672  -231.65  116.94
 310876.198   506.605  -207.52   86.33
 311252.280   464.170  -112.81   70.34
 311628.345   445.966   -48.39   60.84
