-257629.383    32.317     0.00    8.83
-257252.379    36.222    10.36   10.03
-256875.359    42.846    17.56   10.17
-256500.101    45.087     5.97    8.17
-256126.306    43.621    -3.92    9.03
-255752.495    39.246   -11.70    7.82
-255378.668    35.389   -10.32    6.70
-255004.825    33.583    -4.83    6.78
-254630.966    33.397    -0.50    5.99
-254257.091    31.396    -5.35    6.06
-253883.200    30.655    -1.98    6.02
-253509.292    30.079    -1.54    7.12
-253135.369    30.674     1.59    8.59
-252761.429    32.420     4.67    8.26
-252387.473    34.513     5.60    9.10
-252013.501    36.382     5.00    9.45
-251639.513    36.851     1.25    9.24
-251265.508    41.882    13.45   14.69
-250891.488    54.121    32.71   24.91
-250517.451    53.610    -1.37   28.01
-250143.399    45.791   -20.90   35.35
-249769.330    28.770   -45.49   36.25
-249395.244    11.405   -46.41   16.64
-249021.143     4.618   -18.14    5.58
-248647.026     7.587     7.93    8.85
-248272.892    11.746    11.11   12.47
-247898.742    14.905     8.44   12.06
-247524.576    18.374     9.27   12.24
-247150.394    19.669     3.46   13.63
-246776.195    23.269     9.62   13.70
-246401.981    27.797    12.10   13.77
-246027.750    30.699     7.75   13.93
-245653.503    35.630    13.17   10.72
-245279.240    40.467    12.92   10.26
-244904.960    41.632     3.11   11.70
-244530.664    43.669     5.44   12.70
-244156.352    46.996     8.89   17.08
-243782.024    48.174     3.15   19.13
-243407.680    52.996    12.88   20.84
-243033.319    57.700    12.56   27.06
-242658.942    56.770    -2.48   27.72
-242284.549    50.291   -17.30   24.39
-241910.140    43.667   -17.69   17.38
-241535.714    46.223     6.83   18.08
-241161.272    55.537    24.87   22.32
-240786.814    75.862    54.27   33.80
-240412.340   100.341    65.36   38.80
-240037.849   112.515    32.50   37.59
-239663.342   100.291   -32.63   45.57
-239288.819    80.771   -52.11   49.62
-238914.279    55.560   -67.30   44.71
-238539.724    28.885   -71.20   22.80
-238165.151    17.936   -29.22   10.93
-237790.563    14.862    -8.21    9.67
-237415.958    13.796    -2.85    8.65
-237041.337    15.791     5.33    8.94
-236666.700    17.965     5.80    8.26
-236292.047    17.746    -0.59    7.58
-235917.377    17.118    -1.68    7.17
-235542.690    16.722    -1.06    6.84
-235167.988    17.165     1.18    6.98
-234793.269    17.032    -0.35    6.67
-234418.534    18.294     3.37    6.30
-234043.782    20.032     4.64    7.65
-233669.014    21.606     4.20    8.42
-233294.230    25.270     9.77    8.54
-232919.430    27.444     5.80    8.46
-232544.613    30.048     6.95    7.73
-232169.779    31.258     3.23    7.52
-231794.930    34.630     8.99    7.72
-231420.064    37.768     8.37    8.14
-231045.181    45.294    20.07   16.43
-230670.283    53.118    20.87   19.30
-230295.368    59.792    17.80   20.22
-229920.436    65.699    15.75   20.05
-229545.488    66.651     2.54   19.58
-229170.524    66.769     0.32   19.31
-228795.543    63.374    -9.05   20.76
-228420.546    58.537   -12.90   20.14
-228045.533    53.211   -14.20   22.24
-227670.503    41.909   -30.13   20.37
-227295.457    31.110   -28.79   12.70
-226920.394    28.490    -6.98    9.28
-226545.315    31.816     8.86   10.92
-226170.220    39.337    20.05   10.90
-225795.108    44.200    12.96   10.12
-225419.980    47.699     9.33   11.20
-225044.835    50.198     6.66   11.74
-224669.674    52.984     7.42   12.85
-224294.496    55.013     5.41   11.86
-223919.302    58.002     7.97   13.13
-223544.091    58.428     1.14   14.16
-223168.864    55.839    -6.90   14.79
-222793.621    48.537   -19.46   14.06
-222418.361    44.174   -11.62    9.78
-222043.085    41.769    -6.41    8.78
-221667.792    37.791   -10.60    8.56
-221292.483    33.746   -10.78    8.22
-220917.157    30.314    -9.14    7.66
-220541.815    27.606    -7.21    7.25
-220166.456    26.079    -4.07    7.24
-219791.081    23.095    -7.95    5.56
-219415.689    20.141    -7.87    6.16
-219040.281    17.606    -6.75    6.04
-218664.856    15.211    -6.38    6.59
-218289.415    13.513    -4.52    6.60
-217913.958    12.444    -2.85    6.97
-217538.483    10.055    -6.36    6.58
-217162.993     9.444    -1.63    8.09
-216787.485     7.610    -4.88    8.60
-216411.962     4.587    -8.05    8.44
-216036.421     2.025    -6.82    8.00
-215660.865    -1.254    -8.73    4.15
-215285.291    -2.572    -3.51    1.85
-214909.701    -2.618    -0.12    2.05
-214534.095    -1.975     1.71    2.58
-214158.472    -1.640     0.89    2.71
-213782.832    -1.161     1.28    2.76
-213407.176    -1.254    -0.25    2.66
-213031.504    -2.230    -2.60    1.82
-212655.815    -2.527    -0.79    1.69
-212280.109    -3.022    -1.32    1.57
-211904.386    -3.163    -0.38    1.65
-211528.647    -2.835     0.87    1.95
-211152.892    -2.440     1.05    2.16
-210777.120    -2.050     1.04    2.01
-210401.331    -2.161    -0.30    1.85
-210025.526    -2.533    -0.99    1.78
-209649.704    -2.890    -0.95    1.48
-209273.866    -2.347     1.45    1.87
-208898.011    -2.343     0.01    1.86
-208522.139    -2.254     0.24    2.05
-208146.251    -2.301    -0.12    2.26
-207770.346    -2.394    -0.25    1.90
-207394.424    -2.459    -0.17    1.91
-207018.486    -2.254     0.54    2.05
-206642.531    -1.777     1.27    1.98
-206266.560    -1.345     1.15    2.11
-205890.572    -0.510     2.22    1.76
-205514.567    -1.208    -1.86    2.55
-205138.546    -1.913    -1.88    3.56
-204762.508    -2.673    -2.02    3.35
-204386.453    -2.913    -0.64    3.06
-204010.382    -2.068     2.25    1.98
-203634.294    -1.921     0.39    1.86
-203258.189    -2.091    -0.45    2.06
-202882.068    -2.859    -2.04    2.95
-202505.930    -3.882    -2.72    3.84
-202129.775    -5.254    -3.65    4.40
-201753.604    -7.004    -4.65    4.20
-201377.416    -8.091    -2.89    3.64
-201001.211    -8.603    -1.36    3.11
-200624.990    -7.754     2.26    3.65
-200248.752    -6.890     2.30    3.92
-199872.497    -6.998    -0.29    3.62
-199496.226    -6.945     0.14    3.63
-199119.937    -6.766     0.48    3.41
-198743.632    -6.952    -0.49    3.27
-198367.311    -6.719     0.62    3.74
-197990.972    -6.091     1.67    4.63
-197614.617    -4.572     4.04    6.11
-197238.246    -2.184     6.34    6.79
-196861.857     1.048     8.59    5.67
-196485.452     2.839     4.76    3.90
-196109.030     3.360     1.38    2.39
-195732.591     2.700    -1.75    2.45
-195356.135     1.955    -1.98    2.61
-194979.663     0.436    -4.03    2.98
-194603.174    -0.673    -2.95    2.99
-194226.668    -1.928    -3.33    2.89
-193850.145    -3.045    -2.96    2.43
-193473.606    -3.347    -0.80    1.80
-193097.050    -3.301     0.12    1.60
-192720.477    -3.487    -0.49    2.22
-192343.887    -4.045    -1.48    2.09
-191967.281    -4.413    -0.98    1.92
-191590.657    -4.595    -0.48    1.70
-191214.017    -4.254     0.90    1.38
-190837.360    -4.206     0.13    1.70
-190460.687    -3.789     1.11    1.76
-190083.996    -3.899    -0.29    1.86
-189707.289    -4.022    -0.33    1.86
-189330.565    -3.800     0.59    1.85
-188953.824    -3.603     0.52    1.74
-188577.066    -3.302     0.80    1.61
-188200.291    -3.087     0.57    1.40
-187823.500    -2.859     0.61    1.40
-187446.691    -2.618     0.64    1.62
-187069.866    -2.072     1.45    1.56
-186693.024    -2.533    -1.22    2.49
-186316.165    -3.706    -3.11    3.80
-185939.290    -4.649    -2.50    4.08
-185562.397    -5.027    -1.00    3.82
-185185.488    -4.487     1.43    3.70
-184808.561    -2.913     4.17    2.75
-184431.618    -2.184     1.93    2.71
-184054.658    -1.928     0.68    2.25
-183677.681    -1.659     0.72    2.38
-183300.687    -2.045    -1.02    2.56
-182923.677    -2.730    -1.82    2.73
-182546.649    -3.580    -2.25    3.51
-182169.605    -4.454    -2.32    4.34
-181792.543    -4.349     0.28    4.73
-181417.704    -4.324     0.07    4.63
-181043.966    -4.654    -0.88    3.85
-180670.213    -4.397     0.69    3.20
-180296.442    -4.550    -0.41    2.47
-179922.656    -5.277    -1.95    2.60
-179548.852    -5.527    -0.67    2.32
-179175.032    -5.849    -0.86    2.27
-178801.195    -5.324     1.41    1.92
-178427.342    -5.095     0.61    1.79
-178053.472    -4.812     0.76    1.65
-177679.585    -4.004     2.16    1.79
-177305.682    -3.882     0.33    1.98
-176931.762    -3.719     0.44    2.00
-176557.826    -3.540     0.48    2.40
-176183.872    -4.115    -1.54    2.39
-175809.903    -4.004     0.30    2.41
-175435.916    -3.845     0.43    2.39
-175061.913    -3.913    -0.18    2.32
-174687.893    -3.463     1.20    2.24
-174313.857    -3.370     0.25    2.08
-173939.804    -3.095     0.74    1.94
-173565.734    -3.322    -0.61    2.04
-173191.647    -3.347    -0.07    2.09
-172817.544    -3.231     0.31    2.07
-172443.424    -3.004     0.61    1.98
-172069.288    -3.072    -0.18    1.90
-171695.135    -2.998     0.20    2.24
-171320.965    -2.998     0.00    2.27
-170946.778    -2.789     0.56    2.18
-170572.575    -2.580     0.56    1.85
-170198.355    -2.550     0.08    1.49
-169824.118    -2.115     1.16    1.95
-169449.865    -2.276    -0.43    2.02
-169075.594    -2.587    -0.83    1.93
-168701.307    -2.897    -0.83    1.81
-168327.004    -3.254    -0.95    0.00
-167952.683    -2.975     0.75    0.85
-167578.346    -2.640     0.89    1.50
-167203.992    -2.649    -0.02    1.64
-166829.622    -2.766    -0.31    1.92
-166455.234    -3.095    -0.88    1.93
-166080.830    -3.373    -0.74    2.07
-165706.409    -3.324     0.13    1.99
-165331.972    -3.822    -1.33    2.16
-164957.517    -4.504    -1.82    1.79
-164583.046    -5.347    -2.25    1.41
-164208.558    -6.040    -1.85    0.78
-163834.054    -6.254    -0.57    0.00
-163459.532    -6.254     0.00    0.00
-163084.994    -5.686     1.52    1.72
-162710.439    -4.998     1.84    2.12
-162335.867    -4.027     2.59    2.29
-161961.278    -3.322     1.88    2.02
-161586.673    -2.873     1.20    1.53
-161212.050    -2.300     1.53    1.14
-160837.411    -2.440    -0.38    1.26
-160462.755    -2.231     0.56    1.37
-160088.082    -2.324    -0.25    1.32
-159713.393    -2.454    -0.35    1.18
-159338.686    -2.347     0.29    1.54
-158963.963    -2.327     0.05    1.69
-158589.223    -2.210     0.31    1.74
-158214.466    -2.301    -0.24    1.73
-157839.692    -2.159     0.38    1.36
-157464.902    -1.742     1.11    1.33
-157090.094    -1.387     0.95    1.63
-156715.270    -1.231     0.42    1.87
-156340.429    -1.278    -0.12    1.91
-155965.571    -1.231     0.13    2.12
-155590.696    -0.696     1.43    2.16
-155215.804    -0.921    -0.60    2.26
-154840.895    -1.322    -1.07    2.28
-154465.970    -1.937    -1.64    1.49
-154091.027    -2.140    -0.54    1.22
-153716.068    -2.349    -0.56    1.25
-153341.092    -2.789    -1.17    1.44
-152966.098    -3.349    -1.49    1.38
-152591.088    -3.459    -0.29    1.25
-152216.061    -3.138     0.86    1.43
-151841.017    -2.596     1.45    1.42
-151465.957    -2.186     1.09    1.53
-151090.879    -2.022     0.44    1.44
-150715.784    -2.206    -0.49    1.55
-150340.673    -2.463    -0.68    1.60
-149965.544    -2.777    -0.84    1.39
-149590.399    -3.068    -0.78    1.05
-149215.236    -3.004     0.17    1.13
-148840.057    -3.050    -0.12    1.09
-148464.861    -2.696     0.94    1.03
-148089.648    -2.230     1.24    1.24
-147714.417    -1.822     1.09    1.86
-147339.170    -1.659     0.44    2.13
-146963.906    -0.959     1.87    2.56
-146588.625    -0.945     0.04    2.53
-146213.327    -1.184    -0.64    2.18
-145838.012    -1.302    -0.31    2.08
-145462.680    -1.800    -1.33    1.28
-145087.331    -1.445     0.95    1.31
-144711.965    -1.474    -0.08    1.37
-144336.582    -1.390     0.22    1.27
-143961.182    -1.603    -0.57    1.31
-143585.765    -1.730    -0.34    1.40
-143210.331    -1.952    -0.59    1.44
-142834.880    -2.368    -1.11    1.37
-142459.412    -2.766    -1.06    1.52
-142083.927    -2.961    -0.52    1.52
-141708.424    -2.777     0.49    1.61
-141332.905    -2.859    -0.22    1.50
-140957.369    -2.802     0.15    1.47
-140581.816    -2.731     0.19    1.27
-140206.246    -2.992    -0.69    1.19
-139830.658    -3.254    -0.70    1.20
-139455.054    -3.492    -0.63    1.12
-139079.433    -3.603    -0.29    1.04
-138703.794    -3.564     0.10    0.95
-138328.139    -3.436     0.34    1.04
-137952.466    -3.254     0.48    1.33
-137576.776    -2.873     1.01    1.41
-137201.070    -2.686     0.50    1.55
-136825.346    -2.835    -0.40    1.55
-136449.605    -3.206    -0.99    1.34
-136073.847    -3.440    -0.62    1.12
-135698.072    -3.481    -0.11    1.03
-135322.280    -3.322     0.42    0.87
-134946.470    -3.349    -0.07    0.82
-134570.644    -3.301     0.13    0.82
-134194.801    -3.091     0.56    1.02
-133818.940    -3.159    -0.18    1.05
-133443.062    -3.254    -0.25    1.08
-133067.167    -3.516    -0.70    0.86
-132691.255    -3.299     0.58    0.98
-132315.326    -3.394    -0.25    1.06
-131939.380    -3.417    -0.06    1.11
-131563.417    -3.580    -0.43    1.17
-131187.436    -3.810    -0.61    1.08
-130811.438    -3.913    -0.28    1.01
-130435.424    -4.327    -1.10    1.06
-130059.392    -4.277     0.13    1.02
-129683.343    -4.027     0.66    1.03
-129307.276    -3.882     0.39    1.07
-128931.193    -3.626     0.68    1.00
-128555.092    -3.468     0.42    1.12
-128178.974    -3.140     0.87    1.32
-127802.839    -3.091     0.13    1.33
-127426.687    -3.095    -0.01    1.41
-127050.518    -3.394    -0.79    1.49
-126674.331    -3.822    -1.14    1.28
-126298.127    -4.022    -0.53    1.43
-125921.906    -4.421    -1.06    1.45
-125545.668    -4.394     0.07    1.71
-125169.413    -4.231     0.43    1.52
-124793.140    -3.981     0.66    1.35
-124416.850    -3.835     0.39    1.03
-124040.543    -3.913    -0.21    1.08
-123664.219    -3.998    -0.23    1.07
-123287.877    -4.161    -0.43    1.09
-122911.519    -3.800     0.96    1.23
-122535.143    -3.390     1.09    1.27
-122158.749    -2.987     1.07    1.30
-121782.339    -2.812     0.47    1.22
-121405.911    -2.998    -0.49    1.42
-121029.466    -3.673    -1.79    1.80
-120653.004    -4.370    -1.85    2.33
-120276.524    -4.696    -0.86    2.58
-119900.027    -4.754    -0.15    2.47
-119523.513    -4.481     0.72    2.48
-119146.982    -4.118     0.97    1.91
-118770.433    -3.322     2.11    1.37
-118393.867    -3.254     0.18    1.36
-118017.284    -3.095     0.42    1.31
-117640.684    -3.324    -0.61    1.45
-117264.066    -3.487    -0.43    1.57
-116887.431    -3.368     0.32    2.16
-116510.778    -2.845     1.39    2.09
-116134.108    -2.390     1.21    1.68
-115757.421    -2.649    -0.69    1.84
-115380.717    -3.326    -1.79    1.79
-115003.995    -3.873    -1.45    1.51
-114627.256    -4.184    -0.83    1.26
-114250.500    -4.163     0.06    1.22
-113873.726    -4.004     0.42    1.24
-113496.935    -3.876     0.34    1.40
-113120.126    -3.564     0.83    1.55
-112743.301    -3.640    -0.20    1.38
-112366.458    -3.365     0.73    1.63
-111989.597    -2.952     1.10    1.63
-111612.719    -2.072     2.33    1.63
-111235.824    -1.324     1.99    1.65
-110858.911    -0.610     1.89    1.69
-110481.981     0.484     2.90    3.31
-110105.034     0.996     1.36    3.97
-109728.069     1.420     1.13    4.20
-109351.087     0.932    -1.30    4.49
-108974.087    -1.068    -5.30    2.91
-108597.071    -1.897    -2.20    1.81
-108220.036    -2.632    -1.95    1.03
-107842.984    -3.231    -1.59    1.17
-107465.915    -3.754    -1.39    1.19
-107088.829    -4.230    -1.26    1.72
-106711.725    -4.571    -0.90    2.23
-106337.304    -4.868    -0.79    2.04
-105963.624    -5.083    -0.58    1.88
-105589.927    -4.945     0.37    1.42
-105216.213    -5.027    -0.22    1.03
-104842.482    -5.184    -0.42    0.80
-104468.733    -5.115     0.19    0.83
-104094.968    -4.968     0.39    1.02
-103721.185    -4.618     0.94    0.97
-103347.385    -4.492     0.34    1.03
-102973.568    -4.163     0.88    1.05
-102599.734    -4.072     0.24    1.04
-102225.883    -4.016     0.15    1.03
-101852.014    -3.812     0.54    1.01
-101478.129    -3.754     0.16    1.02
-101104.226    -3.410     0.92    1.04
-100730.307    -3.445    -0.09    1.15
-100356.370    -3.777    -0.89    1.30
 -99982.415    -4.322    -1.46    1.37
 -99608.444    -4.998    -1.81    1.20
 -99234.456    -5.481    -1.29    1.20
 -98860.450    -5.635    -0.41    1.15
 -98486.427    -5.387     0.66    1.44
 -98112.387    -4.873     1.37    1.75
 -97738.330    -4.504     0.99    1.73
 -97364.256    -3.952     1.48    1.64
 -96990.164    -3.603     0.93    1.54
 -96616.056    -2.936     1.78    1.79
 -96241.930    -2.611     0.87    1.75
 -95867.786    -2.140     1.26    1.66
 -95493.626    -1.394     2.00    1.55
 -95119.449    -0.580     2.18    1.84
 -94745.254     0.132     1.90    1.67
 -94371.042    -0.004    -0.36    1.50
 -93996.812    -0.709    -1.88    1.58
 -93622.566    -0.897    -0.50    1.46
 -93248.302    -1.072    -0.47    1.48
 -92874.021    -1.390    -0.85    1.76
 -92499.723    -1.184     0.55    1.84
 -92125.408    -1.413    -0.61    1.61
 -91751.075    -1.322     0.24    1.45
 -91376.725    -0.959     0.97    1.44
 -91002.358    -0.492     1.25    1.46
 -90627.973    -0.186     0.82    1.35
 -90253.572    -0.299    -0.30    1.41
 -89879.153    -0.618    -0.85    1.50
 -89504.716    -1.186    -1.52    1.45
 -89130.263    -1.649    -1.24    1.31
 -88755.792    -1.696    -0.12    1.39
 -88381.304    -1.611     0.23    1.25
 -88006.798    -1.463     0.39    1.26
 -87632.275    -1.211     0.67    1.38
 -87257.735    -1.161     0.13    1.19
 -86883.178    -0.987     0.46    1.14
 -86508.603    -0.789     0.53    1.12
 -86134.011    -0.696     0.25    1.05
 -85759.402    -0.730    -0.09    1.13
 -85384.775    -1.322    -1.58    1.25
 -85010.131    -1.832    -1.36    1.32
 -84635.470    -2.347    -1.38    1.46
 -84260.791    -3.254    -2.42    1.73
 -83886.095    -4.208    -2.54    1.34
 -83511.382    -4.550    -0.91    1.11
 -83136.651    -4.091     1.22    1.89
 -82761.903    -3.254     2.23    2.23
 -82387.138    -1.527     4.61    2.76
 -82012.355    -0.640     2.36    2.41
 -81637.555    -0.832    -0.51    2.66
 -81262.737    -1.040    -0.55    2.77
 -80887.902    -2.004    -2.57    2.57
 -80513.050    -2.556    -1.47    2.55
 -80138.180    -2.928    -0.99    1.86
 -79763.293    -3.140    -0.57    1.53
 -79388.389    -4.095    -2.55    2.78
 -79013.467    -6.118    -5.39    3.43
 -78638.528    -7.373    -3.35    3.31
 -78263.571    -8.231    -2.29    2.82
 -77888.597    -8.102     0.35    2.91
 -77513.606    -8.163    -0.16    2.58
 -77138.597    -8.277    -0.30    2.10
 -76763.570    -8.301    -0.06    1.76
 -76388.527    -8.231     0.19    1.28
 -76013.465    -7.230     2.67    1.84
 -75638.387    -6.186     2.78    2.37
 -75263.291    -4.210     5.27    3.48
 -74888.177    -1.649     6.82    4.00
 -74513.046    -0.004     4.39    3.24
 -74137.898     0.095     0.26    3.44
 -73762.732    -0.254    -0.93    3.61
 -73387.548    -0.373    -0.32    3.54
 -73012.348     0.473     2.26    3.34
 -72637.129     1.837     3.63    3.20
 -72261.894     2.769     2.48    3.14
 -71886.640     3.428     1.75    2.57
 -71511.370     2.174    -3.34    3.68
 -71136.081    -0.413    -6.89    4.62
 -70760.776    -1.981    -4.18    4.03
 -70385.453    -2.347    -0.97    2.86
 -70010.112    -1.992     0.95    2.64
 -69634.754    -0.370     4.32    2.59
 -69259.378     1.590     5.22    2.75
 -68883.985     3.039     3.86    2.73
 -68508.574     3.019    -0.05    2.86
 -68133.146     2.546    -1.26    3.58
 -67757.700     2.816     0.72    3.81
 -67382.236     2.397    -1.11    3.66
 -67006.755     2.769     0.99    3.59
 -66631.257     2.613    -0.42    3.23
 -66255.741     1.555    -2.82    2.62
 -65880.208     1.450    -0.28    2.32
 -65504.656     1.860     1.09    1.98
 -65129.088     2.317     1.22    1.80
 -64753.502     2.700     1.02    1.99
 -64377.898     2.603    -0.26    2.23
 -64002.276     2.079    -1.39    2.65
 -63626.638     1.365    -1.90    2.59
 -63250.981     1.064    -0.80    2.58
 -62875.307     0.770    -0.78    2.30
 -62499.615     0.792     0.06    2.15
 -62123.906     0.905     0.30    2.18
 -61748.179     1.621     1.91    3.78
 -61372.435     2.968     3.59    6.17
 -60996.673     2.746    -0.59    6.27
 -60620.893     2.095    -1.73    5.27
 -60245.096     2.178     0.22    2.90
 -59869.281     3.146     2.58    2.92
 -59493.448     4.178     2.75    2.76
 -59117.598     3.283    -2.38    4.62
 -58741.730     0.632    -7.05    5.97
 -58365.845    -1.800    -6.47    5.63
 -57989.942    -3.417    -4.30    4.59
 -57614.021    -3.618    -0.53    4.01
 -57238.083    -2.504     2.96    4.30
 -56862.127    -0.186     6.17    4.45
 -56486.153     1.839     5.39    3.45
 -56110.161     3.405     4.16    2.52
 -55734.152     4.200     2.12    1.52
 -55358.126     4.438     0.63    1.15
 -54982.081     4.678     0.64    1.07
 -54606.019     4.246    -1.15    1.22
 -54229.940     4.435     0.50    1.22
 -53853.842     4.513     0.21    1.15
 -53477.727     4.587     0.20    1.20
 -53101.594     4.473    -0.30    1.21
 -52725.444     4.233    -0.64    1.21
 -52349.275     3.746    -1.30    1.54
 -51973.089     3.532    -0.57    1.57
 -51596.886     3.035    -1.32    1.31
 -51220.664     3.079     0.12    1.22
 -50844.425     2.909    -0.45    1.43
 -50468.168     2.678    -0.61    1.61
 -50091.894     2.641    -0.10    1.43
 -49715.601     2.314    -0.87    2.05
 -49339.291     2.630     0.84    2.05
 -48962.964     2.291    -0.90    2.45
 -48586.618     2.291     0.00    2.79
 -48210.255     2.014    -0.74    3.19
 -47833.874     1.541    -1.26    3.42
 -47457.475     0.925    -1.64    3.80
 -47081.058     0.095    -2.21    3.97
 -46704.624    -0.936    -2.74    4.04
 -46328.172    -2.115    -3.13    3.54
 -45951.702    -2.777    -1.76    3.22
 -45575.214    -4.129    -3.59    0.79
 -45198.708    -4.254    -0.33    0.00
 -44822.185    -3.778     1.26    2.20
 -44445.644    -2.209     4.17    3.95
 -44069.085    -0.981     3.26    4.12
 -43692.508     0.294     3.39    3.85
 -43315.914     0.928     1.68    3.21
 -42939.301     1.624     1.85    2.05
 -42562.671     2.019     1.05    1.73
 -42186.023     2.165     0.39    1.69
 -41809.357     2.087    -0.21    1.67
 -41432.674     2.246     0.42    1.61
 -41055.972     2.046    -0.53    1.79
 -40679.253     2.064     0.05    2.01
 -40302.516     1.978    -0.23    2.08
 -39925.761     1.841    -0.36    1.97
 -39548.988     2.110     0.71    1.66
 -39172.197     2.794     1.82    1.48
 -38795.388     3.224     1.14    1.60
 -38418.562     3.467     0.64    1.62
 -38041.717     3.541     0.20    1.66
 -37664.855     3.610     0.18    1.75
 -37287.975     3.615     0.02    1.75
 -36911.077     3.606    -0.02    1.85
 -36534.161     3.270    -0.89    1.84
 -36157.227     2.973    -0.79    1.64
 -35780.275     2.678    -0.78    1.68
 -35403.305     2.428    -0.66    1.55
 -35026.318     2.064    -0.96    1.70
 -34649.312     1.882    -0.48    1.41
 -34272.289     1.885     0.01    1.49
 -33895.248     1.862    -0.06    1.48
 -33518.188     2.200     0.90    1.45
 -33141.111     2.564     0.96    1.35
 -32764.016     2.435    -0.34    1.38
 -32386.903     2.537     0.27    1.50
 -32009.772     2.613     0.20    1.49
 -31632.623     2.723     0.29    1.52
 -31258.620     3.132     1.09    1.43
 -30884.997     3.258     0.34    1.55
 -30511.357     3.200    -0.15    1.53
 -30137.699     3.165    -0.10    1.48
 -29764.023     3.141    -0.06    1.28
 -29390.330     3.568     1.14    1.89
 -29016.620     3.955     1.04    2.05
 -28642.891     4.405     1.20    2.29
 -28269.145     4.932     1.41    2.45
 -27895.382     5.473     1.45    2.31
 -27521.600     6.048     1.54    2.18
 -27147.802     5.839    -0.56    2.04
 -26773.985     5.168    -1.79    1.70
 -26400.151     4.564    -1.62    1.39
 -26026.299     4.337    -0.61    1.37
 -25652.429     4.606     0.72    1.60
 -25278.542     4.791     0.49    1.71
 -24904.637     4.862     0.19    1.64
 -24530.715     5.653     2.11    1.99
 -24156.775     5.990     0.90    1.65
 -23782.817     6.405     1.11    2.63
 -23408.841     4.679    -4.61    4.95
 -23034.848     1.978    -7.22    5.58
 -22660.837     0.368    -4.31    5.18
 -22286.808    -1.068    -3.84    3.64
 -21912.762     0.095     3.11    3.77
 -21538.697     1.146     2.81    3.42
 -21164.616     1.087    -0.16    2.73
 -20790.516    -0.121    -3.23    1.67
 -20416.399    -0.580    -1.23    1.06
 -20042.264    -0.754    -0.47    1.02
 -19668.111    -0.845    -0.24    1.23
 -19293.941    -1.345    -1.34    1.49
 -18919.752    -1.810    -1.24    1.44
 -18545.546    -2.254    -1.19    1.22
 -18171.323    -2.587    -0.89    1.41
 -17797.081    -2.882    -0.79    1.38
 -17422.822    -2.981    -0.27    1.52
 -17048.545    -3.118    -0.36    1.44
 -16674.250    -2.663     1.21    1.54
 -16299.938    -2.121     1.45    1.59
 -15925.607    -2.050     0.19    1.53
 -15551.259    -1.921     0.34    1.28
 -15176.893    -2.138    -0.58    1.22
 -14802.510    -1.822     0.84    1.52
 -14428.108    -1.913    -0.24    1.58
 -14053.689    -1.777     0.36    1.69
 -13679.252    -0.913     2.31    1.88
 -13304.797    -0.890     0.06    1.91
 -12930.324    -0.343     1.46    2.08
 -12555.834     0.048     1.04    1.77
 -12181.326     0.025    -0.06    1.47
 -11806.799     0.246     0.59    1.52
 -11432.255     0.610     0.97    1.66
 -11057.694     0.405    -0.55    1.88
 -10683.114     0.314    -0.24    2.00
 -10308.516    -0.099    -1.10    1.94
  -9933.901    -0.696    -1.59    1.55
  -9559.268    -1.004    -0.82    1.54
  -9184.617    -1.004     0.00    1.45
  -8809.948    -0.868     0.36    1.45
  -8435.261    -0.277     1.58    1.59
  -8060.557    -0.050     0.61    1.80
  -7685.834     0.213     0.70    2.05
  -7311.094     0.174    -0.10    2.13
  -6936.335    -0.050    -0.60    1.87
  -6561.559    -0.521    -1.26    1.81
  -6186.765    -0.731    -0.56    1.69
  -5811.953    -0.640     0.24    1.60
  -5437.123    -0.481     0.42    1.55
  -5062.275    -0.709    -0.61    1.72
  -4687.410    -0.587     0.32    1.68
  -4312.526    -0.300     0.77    2.20
  -3937.625     0.524     2.20    3.28
  -3562.705     1.132     1.62    3.88
  -3187.768     1.200     0.18    3.49
  -2812.813     1.304     0.28    3.55
  -2437.839     1.635     0.88    4.05
  -2062.848     1.222    -1.10    3.54
  -1687.839     1.676     1.21    3.78
  -1312.812     1.990     0.84    3.87
   -937.767     1.723    -0.71    3.43
   -562.704     1.700    -0.06    3.63
   -187.623     1.653    -0.13    3.60
    187.476     1.524    -0.34    3.46
    562.593     2.151     1.67    3.98
    937.728     2.428     0.74    3.83
   1312.881     3.019     1.58    4.86
   1688.051     3.973     2.54    5.32
   2063.240     4.700     1.94    5.25
   2438.447     5.484     2.09    4.88
   2813.672     5.435    -0.13    4.58
   3188.915     4.460    -2.60    3.31
   3564.176     3.564    -2.39    2.90
   3939.454     2.655    -2.42    2.93
   4314.751     2.002    -1.74    2.62
   4690.066     1.723    -0.74    2.39
   5065.399     1.396    -0.87    2.06
   5440.750     1.279    -0.31    2.01
   5816.119     0.746    -1.42    2.14
   6191.506     0.246    -1.33    2.12
   6566.911     0.127    -0.32    2.11
   6942.334    -0.179    -0.81    2.13
   7317.775    -1.118    -2.50    2.67
   7693.235    -2.054    -2.49    2.85
   8068.712    -2.699    -1.72    2.31
   8444.207    -3.091    -1.05    2.22
   8819.721    -2.800     0.78    2.23
   9195.252    -2.322     1.27    2.06
   9570.802    -2.305     0.05    2.05
   9946.369    -2.322    -0.04    2.03
  10321.955    -2.400    -0.21    1.93
  10697.559    -2.663    -0.70    1.85
  11073.181    -3.140    -1.27    1.60
  11448.821    -2.822     0.85    1.73
  11824.479    -1.618     3.21    2.19
  12200.155    -0.517     2.93    2.05
  12575.850     0.428     2.52    1.51
  12951.562     0.603     0.47    1.57
  13327.293     0.524    -0.21    1.98
  13703.042     0.613     0.24    2.10
  14078.809     0.978     0.97    2.18
  14454.594     1.973     2.65    2.27
  14830.397     2.430     1.22    1.90
  15206.218     2.337    -0.25    1.65
  15582.058     1.862    -1.26    1.55
  15957.915     1.235    -1.67    1.39
  16333.791     0.950    -0.76    1.68
  16709.685     0.698    -0.67    1.96
  17085.597     0.360    -0.90    2.37
  17461.527     0.079    -0.75    2.80
  17837.476    -0.754    -2.22    3.13
  18213.443    -2.322    -4.17    2.88
  18589.427    -3.091    -2.05    2.47
  18965.430    -1.699     3.70    4.39
  19341.452     0.946     7.03    6.89
  19717.491     5.223    11.37    7.83
  20093.549     9.621    11.69    6.82
  20469.625    11.198     4.19    6.90
  20845.719     8.473    -7.25    7.17
  21221.831     6.141    -6.20    7.16
  21597.962     2.613    -9.38    5.05
  21974.110     1.185    -3.80    1.94
  22350.277     2.110     2.46    2.49
  22726.463     3.537     3.79    2.84
  23102.666     4.700     3.09    2.48
  23478.888     5.382     1.81    2.14
  23855.128     5.627     0.65    2.11
  24231.386     5.790     0.43    2.16
  24607.663     6.932     3.03    2.08
  24983.957     7.519     1.56    2.31
  25360.270     7.587     0.18    2.49
  25736.602     7.789     0.54    2.30
  26112.951     8.496     1.88    2.22
  26489.319     9.103     1.61    2.14
  26865.705    10.178     2.86    1.93
  27242.110    10.882     1.87    1.90
  27618.533    11.928     2.78    2.24
  27994.974    13.610     4.47    2.97
  28371.433    15.155     4.11    3.11
  28747.911    16.630     3.92    3.02
  29124.407    17.700     2.84    3.38
  29500.921    18.450     1.99    3.47
  29877.454    19.246     2.11    3.43
  30254.005    20.269     2.72    3.43
  30630.574    21.178     2.41    3.68
  31007.162    22.405     3.26    3.90
  31383.768    23.087     1.81    3.84
  31760.392    22.905    -0.48    5.28
  32137.035    21.420    -3.94    6.19
  32513.696    20.324    -2.91    7.30
  32890.375    17.603    -7.22    8.00
  33267.073    14.973    -6.98    7.47
  33643.789    12.746    -5.91    7.27
  34020.524     9.837    -7.72    6.86
  34397.277     7.428    -6.39    5.34
  34774.048     5.653    -4.71    3.62
  35150.838     5.876     0.59    3.08
  35527.646     7.222     3.57    3.93
  35904.472     8.746     4.04    3.53
  36281.317    10.676     5.12    3.02
  36658.180    11.374     1.85    2.97
  37035.062    13.587     5.87    3.94
  37411.962    15.021     3.81    4.26
  37788.881    16.479     3.87    5.14
  38165.818    16.950     1.25    6.43
  38542.773    17.973     2.71    6.79
  38919.747    17.905    -0.18    7.20
  39296.739    17.721    -0.49    7.18
  39673.750    18.382     1.75    6.40
  40050.779    17.722    -1.75    5.39
  40427.827    16.790    -2.47    5.66
  40804.893    15.701    -2.89    5.20
  41181.978    15.630    -0.19    4.76
  41559.081    14.519    -2.95    3.23
  41936.202    15.220     1.86    3.20
  42313.342    15.110    -0.29    3.64
  42690.501    13.955    -3.06    3.76
  43067.677    13.701    -0.67    3.65
  43444.873    12.860    -2.23    3.24
  43818.456    13.103     0.65    2.96
  44192.021    13.314     0.56    2.18
  44565.604    13.874     1.50    2.34
  44939.206    14.291     1.12    2.40
  45312.825    15.155     2.31    2.45
  45686.462    16.057     2.41    3.06
  46060.118    17.590     4.10    3.48
  46433.792    19.436     4.94    3.40
  46807.484    21.700     6.06    3.67
  47181.194    24.196     6.68    4.06
  47554.922    26.132     5.18    4.18
  47928.669    27.973     4.93    3.64
  48302.434    28.457     1.29    4.34
  48676.216    28.813     0.95    4.76
  49050.017    28.841     0.08    4.74
  49423.837    29.450     1.63    3.51
  49797.674    30.551     2.94    3.10
  50171.530    31.860     3.50    3.24
  50545.403    33.496     4.38    3.53
  50919.295    33.973     1.28    4.18
  51293.206    34.301     0.88    4.58
  51667.134    33.960    -0.91    5.55
  52041.080    34.382     1.13    5.55
  52415.045    33.868    -1.38    6.06
  52789.028    33.155    -1.91    5.74
  53163.030    32.519    -1.70    6.26
  53537.049    30.337    -5.83    7.19
  53911.087    28.746    -4.25    6.62
  54285.143    27.794    -2.55    5.54
  54659.217    27.541    -0.67    4.13
  55033.310    26.551    -2.65    2.87
  55407.420    26.587     0.10    2.92
  55781.549    26.862     0.74    2.76
  56155.697    27.337     1.27    3.24
  56529.862    28.405     2.85    3.84
  56904.046    30.008     4.28    5.00
  57278.248    31.450     3.86    4.44
  57652.468    31.453     0.01    4.52
  58026.707    31.360    -0.25    4.86
  58400.964    30.583    -2.07    4.89
  58775.239    30.314    -0.72    4.77
  59149.533    31.178     2.31    4.85
  59523.845    31.032    -0.39    4.09
  59898.175    31.519     1.30    4.11
  60272.523    32.453     2.50    4.00
  60646.890    33.178     1.94    4.42
  61021.275    35.146     5.26    6.56
  61395.679    37.632     6.64    8.33
  61770.101    40.390     7.37    8.85
  62144.541    43.885     9.33    8.92
  62518.999    46.790     7.76    9.50
  62893.476    51.508    12.60   11.48
  63267.971    52.946     3.84    9.88
  63642.485    54.723     4.75    8.35
  64017.017    55.928     3.22    7.28
  64391.567    60.064    11.04    9.73
  64766.136    64.198    11.04   11.32
  65140.723    65.072     2.33   10.88
  65515.328    66.389     3.52    9.49
  65889.952    66.587     0.53    7.62
  66264.594    64.905    -4.49    5.89
  66639.255    64.050    -2.28    6.27
  67013.934    63.610    -1.18    6.34
  67388.631    63.032    -1.54    5.52
  67763.347    63.963     2.49    5.41
  68138.081    64.258     0.79    6.54
  68512.833    65.679     3.79    5.29
  68887.605    68.035     6.29    5.26
  69262.394    69.594     4.16    5.21
  69637.202    69.837     0.65    6.21
  70012.028    69.769    -0.18    6.74
  70386.873    70.457     1.84    7.13
  70761.736    72.444     5.30    6.98
  71136.618    74.724     6.08    6.25
  71511.518    75.568     2.25    6.18
  71886.436    77.529     5.23    6.50
  72261.373    77.479    -0.13    7.44
  72636.329    78.428     2.53    8.58
  73011.303    80.190     4.70    9.13
  73386.295    79.905    -0.76   10.09
  73761.306    81.324     3.78   10.23
  74136.336    80.901    -1.13    9.22
  74511.383    81.813     2.43    9.98
  74886.450    81.501    -0.83    8.42
  75261.535    82.257     2.01    8.63
  75636.638    83.413     3.08    8.28
  76011.760    83.110    -0.81    6.81
  76386.900    84.467     3.62    6.26
  76762.059    85.835     3.65    6.01
  77137.237    87.746     5.09    6.08
  77512.433    87.746     0.00    6.73
  77887.647    88.289     1.45    7.67
  78262.880    86.679    -4.29    8.74
  78638.132    86.746     0.18    8.30
  79013.402    87.792     2.79    6.86
  79388.691    87.159    -1.69    7.37
  79763.998    86.674    -1.29    7.28
  80139.324    88.360     4.49    6.73
  80514.668    89.985     4.33    7.49
  80890.031    92.882     7.72    6.47
  81265.413    95.087     5.87    5.71
  81640.813    96.389     3.47    4.20
  82016.231    96.398     0.02    5.06
  82391.669    97.579     3.15    6.06
  82767.125    99.901     6.19    5.49
  83142.599   100.746     2.25    5.37
  83518.092    99.428    -3.51    6.08
  83893.604    96.314    -8.29    7.54
  84269.134    93.174    -8.36    7.29
  84644.683    89.724    -9.19    6.32
  85020.250    88.436    -3.43    6.42
  85395.837    88.223    -0.57    7.48
  85771.441    86.928    -3.45    7.12
  86147.065    86.211    -1.91    5.90
  86522.707    86.178    -0.09    4.67
  86898.367    88.421     5.97    8.24
  87274.047    93.790    14.29   11.43
  87649.745    98.374    12.20   12.93
  88025.461   102.291    10.43   13.77
  88401.197   107.996    15.18   12.36
  88776.951   111.283     8.75   11.28
  89152.723   111.678     1.05   10.22
  89528.515   114.271     6.90   12.19
  89904.325   115.813     4.10   14.32
  90280.153   122.002    16.47   18.24
  90656.001   129.473    19.88   20.39
  91031.867   140.346    28.93   23.87
  91407.752   140.307    -0.10   23.60
  91783.655   128.905   -30.33   29.53
  92159.577   123.161   -15.28   29.68
  92535.518   134.291    29.61   39.11
  92911.478   148.610    38.09   42.38
  93287.456   169.537    55.66   33.49
  93663.453   190.457    55.64   32.67
  94039.469   200.271    26.10   30.90
  94415.503   195.519   -12.64   30.81
  94791.557   199.583    10.81   29.08
  95167.629   192.723   -18.24   29.14
  95543.720   192.857     0.36   26.27
  95919.829   198.222    14.27   28.75
  96295.957   208.268    26.71   30.46
  96672.105   217.484    24.50   31.42
  97048.270   222.724    13.93   31.10
  97424.455   229.632    18.37   30.83
  97800.658   238.613    23.87   34.84
  98176.881   253.814    40.41   39.56
  98553.122   264.984    29.69   36.45
  98929.381   267.159     5.78   37.08
  99305.660   274.234    18.81   33.93
  99681.957   279.190    13.17   30.46
 100058.273   287.269    21.47   27.35
 100434.608   289.072     4.79   25.69
 100810.962   291.723     7.05   26.14
 101187.335   283.444   -22.00   38.90
 101563.726   274.946   -22.58   39.17
 101940.137   265.155   -26.01   37.27
 102316.566   264.769    -1.03   32.77
 102693.014   275.168    27.63   37.92
 103069.481   264.178   -29.20   61.54
 103445.966   235.879   -75.17   68.55
 103822.471   218.524   -46.10   61.77
 104198.994   201.587   -44.99   45.68
 104575.536   208.279    17.78   50.34
 104952.097   233.909    68.07   52.01
 105328.677   249.137    40.44   53.30
 105705.276   249.587     1.19   57.81
 106081.894   253.879    11.40   61.76
 106458.531   250.450    -9.10   63.95
 106835.186   235.791   -38.92   62.10
 107211.861   222.257   -35.93   46.55
 107588.554   214.087   -21.69   30.81
 107965.266   221.159    18.77   34.72
 108341.998   236.928    41.86   41.89
 108718.748   251.724    39.28   45.32
 109095.517   268.587    44.76   40.54
 109472.305   283.063    38.42   42.89
 109849.111   294.178    29.50   41.78
 110225.937   300.817    17.62   44.67
 110602.782   296.235   -12.16   39.29
 110979.646   299.223     7.93   42.82
 111356.528   300.632     3.74   44.15
 111733.430   306.905    16.64   41.12
 112110.351   309.871     7.87   37.21
 112487.290   315.314    14.44   37.94
 112864.249   320.374    13.42   37.40
 113241.226   318.301    -5.50   44.68
 113618.223   302.079   -43.03   47.27
 113995.238   286.008   -42.63   41.62
 114372.272   287.950     5.15   37.93
 114749.326   285.526    -6.43   33.25
 115126.398   288.587     8.12   29.07
 115503.490   299.496    28.93   28.39
 115880.600   292.223   -19.29   26.73
 116257.730   301.435    24.43   32.74
 116634.878   309.185    20.55   43.90
 117012.046   321.813    33.48   49.23
 117389.232   327.211    14.31   44.30
 117766.438   333.420    16.46   41.74
 118143.662   340.360    18.40   38.12
 118520.581   339.428    -2.47   34.57
 118894.069   345.050    15.06   33.44
 119267.575   340.460   -12.29   35.21
 119641.099   339.435    -2.75   36.52
 120014.643   343.087     9.78   35.06
 120388.205   348.564    14.66   36.85
 120761.786   349.257     1.86   42.28
 121135.385   339.029   -27.38   39.81
 121509.003   333.324   -15.27   36.64
 121882.640   330.936    -6.39   31.74
 122256.296   352.496    57.71   38.55
 122629.970   370.630    48.53   40.52
 123003.663   382.269    31.15   47.07
 123377.374   399.314    45.62   49.74
 123751.104   410.920    31.06   48.84
 124124.853   417.946    18.80   49.62
 124498.621   432.420    38.73   44.66
 124872.407   433.224     2.15   46.74
 125246.213   429.420   -10.18   48.14
 125620.036   421.924   -20.06   42.59
 125993.879   402.079   -53.09   47.17
 126367.740   390.855   -30.03   49.54
 126741.620   378.079   -34.17   51.26
 127115.519   364.928   -35.18   52.08
 127489.437   361.568    -8.99   52.86
 127863.373   360.519    -2.81   57.24
 128237.328   363.079     6.85   57.62
 128611.302   347.678   -41.19   56.20
 128985.295   334.457   -35.35   57.67
 129359.306   321.790   -33.87   53.96
 129733.336   313.973   -20.90   45.41
 130107.385   313.435    -1.44   41.79
 130481.453   307.473   -15.94   40.70
 130855.540   302.314   -13.79   57.51
 131229.645   293.679   -23.08   61.95
 131603.769   285.279   -22.46   64.70
 131977.912   292.564    19.47   62.37
 132352.074   300.428    21.02   61.95
 132726.254   342.546   112.57   66.62
 133100.454   370.178    73.85   50.86
 133474.672   376.791    17.68   49.89
 133848.909   372.146   -12.41   48.28
 134223.165   363.699   -22.57   44.94
 134597.440   351.333   -33.05   49.42
 134971.733   328.178   -61.87   53.39
 135346.046   290.213  -101.44   70.77
 135720.377   243.769  -124.09   57.62
 136094.727   212.541   -83.43   44.86
 136469.096   206.087   -17.24   47.48
 136843.484   203.341    -7.33   48.30
 137217.891   217.920    38.94   54.47
 137592.317   224.676    18.05   50.44
 137966.761   225.791     2.98   45.84
 138341.225   222.485    -8.83   42.14
 138715.707   216.155   -16.91   38.85
 139090.208   203.968   -32.55   36.55
 139464.728   196.055   -21.13   33.29
 139839.267   192.615    -9.19   37.59
 140213.825   186.374   -16.67   36.62
 140588.402   179.101   -19.42   35.75
 140962.998   162.087   -45.43   36.33
 141337.613   147.057   -40.13   28.32
 141712.246   139.837   -19.28   17.13
 142086.899   145.331    14.67   20.18
 142461.570   159.814    38.66   21.81
 142836.261   172.341    33.44   20.01
 143210.970   179.924    20.24   20.10
 143585.698   179.950     0.07   23.00
 143960.446   172.928   -18.74   27.79
 144335.212   162.700   -27.29   25.74
 144709.997   155.321   -19.69   25.00
 145084.802   156.087     2.04   23.84
 145459.625   159.770     9.83   20.67
 145834.467   159.124    -1.72   20.65
 146209.328   157.235    -5.04   23.28
 146584.208   154.513    -7.26   26.00
 146959.107   140.950   -36.18   27.83
 147334.026   128.865   -32.24   23.49
 147708.963   123.905   -13.23   22.61
 148083.919   112.048   -31.63   23.08
 148458.894   102.257   -26.12   23.75
 148833.888    92.413   -26.26   17.88
 149208.902    90.839    -4.20   16.84
 149583.934    96.814    15.93   19.32
 149958.985   109.721    34.42   21.09
 150334.056   114.132    11.76   21.29
 150709.145   115.178     2.79   21.69
 151084.254   119.257    10.88   23.65
 151459.381   119.769     1.36   22.67
 151834.528   122.603     7.56   20.46
 152209.693   119.257    -8.92   17.53
 152584.878   114.673   -12.22   21.13
 152960.082   107.905   -18.04   21.75
 153335.305    98.324   -25.54   15.48
 153710.547    96.155    -5.78   11.13
 154085.808    98.813     7.08    9.94
 154461.088   102.360     9.45    9.26
 154836.387   104.702     6.24   12.72
 155211.705   107.008     6.14   11.99
 155587.043   111.132    10.99   14.99
 155962.399   112.901     4.71   19.54
 156337.775   108.898   -10.67   20.90
 156713.170   101.178   -20.57   24.74
 157088.584    87.360   -36.81   24.82
 157464.017    78.659   -23.18   19.57
 157839.469    76.444    -5.90   13.03
 158214.940    83.479    18.74   16.12
 158590.431    93.360    26.32   12.91
 158965.941   100.289    18.46   12.68
 159341.469   103.679     9.03   14.34
 159717.017   107.110     9.14   14.21
 160092.584   107.168     0.16   14.45
 160468.171    99.314   -20.91   21.89
 160843.776    88.035   -30.03   23.37
 161219.401    76.724   -30.12   16.91
 161595.045    71.924   -12.78   10.29
 161970.708    71.360    -1.50    7.97
 162346.390    72.428     2.84    9.89
 162722.091    72.101    -0.87   11.27
 163097.812    71.337    -2.04   10.28
 163473.552    69.337    -5.32   11.61
 163849.311    65.790    -9.44   14.02
 164225.089    60.841   -13.17   13.92
 164600.887    56.876   -10.55    9.74
 164976.704    56.768    -0.29    5.86
 165352.539    59.079     6.15    6.41
 165728.395    62.678     9.58    8.38
 166104.269    63.583     2.41    8.84
 166480.163    65.435     4.93    9.85
 166856.076    68.174     7.29   11.51
 167232.008    67.202    -2.59   11.16
 167607.959    67.769     1.51   11.42
 167983.930    65.155    -6.95    8.77
 168359.920    63.519    -4.35    4.72
 168735.930    64.185     1.77    4.30
 169111.958    67.200     8.02    8.28
 169488.006    72.032    12.85   11.00
 169864.073    75.501     9.23   12.32
 170240.160    80.101    12.23   12.27
 170616.265    82.002     5.05   12.66
 170992.390    86.837    12.86   13.20
 171368.535    86.821    -0.04   12.18
 171744.699    88.223     3.73   12.34
 172120.882    88.606     1.02   11.19
 172497.084    87.768    -2.23    8.78
 172873.306    89.724     5.20    7.73
 173249.547    89.769     0.12    7.20
 173625.807    92.946     8.44   10.14
 174002.087    95.868     7.77   12.12
 174378.386   102.632    17.98   16.78
 174754.704   106.813    11.11   17.60
 175131.042   108.655     4.90   17.86
 175507.399   111.701     8.10   17.59
 175883.776   110.508    -3.17   17.74
 176260.171   108.355    -5.72   17.72
 176636.587   109.630     3.39   19.11
 177013.021   109.813     0.49   18.07
 177389.475   114.057    11.28   19.81
 177765.949   120.681    17.60   20.61
 178142.442   127.724    18.71   22.40
 178518.954   133.382    15.03   21.28
 178895.486   138.681    14.07   21.53
 179272.037   143.996    14.12   21.60
 179648.607   151.519    19.98   24.48
 180025.197   161.279    25.92   26.17
 180401.806   165.723    11.80   22.78
 180778.435   164.768    -2.54   25.28
 181155.083   158.659   -16.22   28.11
 181531.751   144.568   -37.42   34.42
 181908.438   125.257   -51.27   37.14
 182285.145   109.397   -42.11   31.96
 182661.871    96.355   -34.63   14.77
 183038.616    95.281    -2.85   11.64
 183415.381   101.790    17.28   14.91
 183792.166   108.007    16.50   15.26
 184168.970   110.398     6.35   14.56
 184545.793   111.413     2.69   14.03
 184922.636   112.055     1.71   13.35
 185299.498   113.681     4.31   13.54
 185676.380   116.490     7.46   14.20
 186053.282   121.541    13.40   16.26
 186430.203   125.657    10.92   15.63
 186807.143   129.055     9.02   16.19
 187184.103   129.496     1.17   15.64
 187561.082   130.471     2.59   14.39
 187938.081   135.124    12.34   15.33
 188315.100   140.700    14.79   17.37
 188692.138   147.479    17.98   17.13
 189069.196   156.013    22.64   16.60
 189446.273   162.039    15.98   16.77
 189823.370   169.519    19.84   18.52
 190200.486   180.389    28.83   22.30
 190577.622   194.541    37.53   30.68
 190954.777   217.946    62.07   42.26
 191331.952   244.723    71.01   62.28
 191709.147   278.702    90.10   63.32
 192086.361   287.965    24.56   53.17
 192463.594   285.790    -5.77   49.84
 192840.848   273.473   -32.66   49.84
 193218.121   255.115   -48.67   54.60
 193594.728   229.924   -66.90   60.35
 193968.150   203.110   -71.82   53.15
 194341.591   181.007   -59.20   38.00
 194715.052   167.002   -37.51   29.67
 195088.531   159.457   -20.20   22.07
 195462.030   151.405   -21.56   22.89
 195835.548   143.587   -20.93   23.03
 196209.085   141.324    -6.06   25.47
 196582.642   130.587   -28.75   22.73
 196956.217   126.279   -11.53   22.29
 197329.812   131.473    13.91   21.77
 197703.426   137.594    16.38   25.47
 198077.060   142.190    12.30   23.48
