-294816.836    50.548     0.00    1.30
-294441.425    50.640     0.24    1.70
-294065.997    50.614    -0.07    1.66
-293690.552    50.350    -0.70    1.80
-293315.090    50.291    -0.16    1.78
-292939.610    50.580     0.77    1.58
-292564.114    50.389    -0.51    1.73
-292188.601    50.272    -0.31    1.91
-291813.071    48.464    -4.82    4.26
-291437.524    48.435    -0.08    5.73
-291061.960    48.691     0.68    5.95
-290686.378    50.334     4.37    7.28
-290310.780    55.487    13.71    7.81
-289935.165    59.259    10.04    6.94
-289559.532    61.947     7.15    6.61
-289183.883    64.441     6.64    6.42
-288808.216    67.112     7.11    6.05
-288432.532    69.714     6.92    6.26
-288056.832    72.970     8.67    5.26
-287681.114    73.918     2.52    5.81
-287305.379    76.505     6.88    5.76
-286929.627    77.819     3.50    5.42
-286553.858    78.464     1.71    4.89
-286178.072    79.837     3.65    5.12
-285802.268    80.373     1.42    5.72
-285426.448    80.482     0.29    5.40
-285050.611    78.691    -4.76    6.82
-284674.756    77.487    -3.20    6.41
-284298.884    76.086    -3.73    4.92
-283922.995    75.373    -1.90    5.49
-283547.089    74.319    -2.80    6.97
-283171.166    74.464     0.39    7.16
-282795.226    74.113    -0.93    7.26
-282419.269    76.291     5.79    7.71
-282043.294    77.827     4.09    8.07
-281667.303    77.507    -0.85    7.51
-281291.294    80.555     8.10   10.82
-280915.268    81.621     2.84   10.74
-280539.225    87.032    14.38   14.62
-280163.164    92.509    14.56   14.18
-279787.087    94.383     4.98   13.66
-279410.992   108.396    37.25   31.35
-279034.880   135.033    70.80   58.58
-278658.751   173.647   102.64   68.13
-278282.605   213.123   104.92   73.77
-277906.442   249.110    95.64   81.44
-277530.261   273.918    65.93   86.40
-277154.064   278.638    12.54   91.25
-276777.849   287.941    24.72   79.89
-276401.616   309.133    56.31   71.54
-276025.367   346.577    99.50   88.10
-275649.100   398.714   138.53   93.14
-275272.817   440.813   111.85   76.92
-274896.516   460.577    52.51   64.74
-274520.197   449.178   -30.28   61.40
-274143.862   437.146   -31.97   68.30
-273767.509   430.191   -18.47   63.60
-273391.139   435.598    14.36   60.29
-273014.752   445.759    26.99   66.50
-272638.347   464.060    48.61   75.05
-272261.926   509.600   120.95   82.91
-271885.487   568.528   156.50   80.90
-271509.030   595.017    70.35   68.03
-271132.557   626.900    84.67   59.07
-270756.066   667.398   107.54   67.69
-270379.558   678.146    28.54   81.57
-270003.033   644.922   -88.22  111.69
-269626.490   597.063  -127.07  128.74
-269249.930   495.873  -268.66  135.00
-268873.353   392.993  -273.13  106.56
-268496.759   308.646  -223.92   88.32
-268120.147   245.466  -167.72   49.88
-267743.518   229.168   -43.26   42.57
-267366.871   201.786   -72.68   50.79
-266990.208   187.259   -38.56   57.85
-266613.527   178.214   -24.01   59.10
-266236.828   170.740   -19.84   47.55
-265860.112   170.759     0.05   46.11
-265483.379   171.166     1.08   44.75
-265106.629   161.096   -26.72   44.54
-264729.861   145.435   -41.56   35.02
-264353.076   149.807    11.60   38.25
-263976.274   177.402    73.22   62.44
-263599.454   230.764   141.58   94.60
-263222.617   271.146   107.13  100.11
-262845.763   281.048    26.27  104.51
-262468.891   272.373   -23.01  117.95
-262092.002   213.350  -156.57   92.60
-261715.095   175.786   -99.64   50.16
-261338.171   177.380     4.23   33.41
-260961.230   194.807    46.22   40.12
-260584.271   211.858    45.22   45.36
-260207.295   227.970    42.73   53.26
-259830.301   230.237     6.01   57.38
-259453.291   213.600   -44.12   48.58
-259076.262   200.572   -34.55   31.90
-258699.217   205.941    14.24   31.44
-258323.891   223.063    45.61   42.15
-257950.262   233.577    28.13   42.99
-257576.617   248.418    39.71   46.73
-257202.954   278.405    80.23   64.08
-256829.275   321.191   114.47   81.18
-256455.578   376.086   146.87   96.92
-256081.864   417.327   110.33  109.55
-255708.133   449.575    86.27  101.79
-255334.385   442.782   -18.17  104.77
-254960.620   444.782     5.35  104.28
-254586.838   449.024    11.35  100.12
-254213.039   469.624    55.10   96.54
-253839.222   540.807   190.38  119.66
-253465.388   628.668   234.97  159.90
-253091.538   717.620   237.88  126.30
-252717.670   747.032    78.65   93.25
-252343.785   732.737   -38.23   91.34
-251969.883   662.858  -186.85   80.06
-251595.963   602.802  -160.58   97.98
-251222.027   542.063  -162.40  109.11
-250848.073   476.993  -173.97  107.48
-250474.102   422.226  -146.42   94.37
-250100.114   394.259   -74.76   96.78
-249726.109   369.063   -67.35   94.35
-249352.087   346.953   -59.10   91.19
-248978.047   331.532   -41.22   89.69
-248603.991   312.459   -50.98   83.62
-248229.917   285.715   -71.48   58.98
-247855.826   281.282   -11.85   62.90
-247481.717   285.191    10.45   67.95
-247107.592   274.987   -27.27   78.72
-246733.449   279.091    10.97   97.08
-246359.289   262.123   -45.34   92.92
-245985.112   251.496   -28.39   86.18
-245610.918   249.739    -4.70   71.07
-245236.706   287.993   102.21   96.30
-244862.478   354.528   177.75   89.06
-244488.232   429.669   200.74  104.47
-244113.968   523.866   251.63  142.18
-243739.688   555.827    85.38  132.67
-243365.390   557.667     4.91  133.90
-242991.075   524.143   -89.54  136.71
-242616.743   471.482  -140.65  124.06
-242242.393   431.929  -105.63  122.05
-241868.027   458.487    70.92  115.36
-241493.643   483.667    67.24   97.99
-241119.241   472.168   -30.70   87.76
-240744.823   462.642   -25.44  105.69
-240370.387   435.873   -71.48  129.50
-239995.934   411.552   -64.94  142.73
-239621.463   381.191   -81.06  145.03
-239246.976   335.441  -122.14  124.50
-238872.471   280.106  -147.72   96.00
-238497.948   230.464  -132.52   79.51
-238123.409   194.001   -97.33   54.57
-237748.852   171.759   -59.37   42.78
-237374.278   158.941   -34.21   38.96
-236999.686   145.276   -36.47   34.29
-236625.077   133.418   -31.65   32.74
-236250.451   120.520   -34.42   27.90
-235875.808   113.350   -19.13   26.29
-235501.147   105.366   -21.31   18.32
-235126.469   100.850   -12.05    8.78
-234751.773   101.505     1.75   10.51
-234377.060   100.891    -1.64    9.74
-234002.330   101.646     2.01   11.25
-233627.582   101.081    -1.51    9.34
-233252.817   101.263     0.48    9.53
-232878.035    99.389    -5.00    2.95
-232503.235    98.807    -1.55    0.76
-232128.418    99.024     0.58    1.26
-231753.584    99.066     0.11    1.33
-231378.732    99.032    -0.09    1.27
-231003.863    98.813    -0.58    0.78
-230628.976    98.691    -0.33    0.00
-230254.072    98.691     0.00    0.00
-229879.151    99.477     2.10    3.45
-229504.212   100.555     2.87    4.79
-229129.256   105.155    12.27   13.10
-228754.282   113.123    21.25   23.08
-228379.291   120.033    18.42   26.55
-228004.283   120.282     0.67   27.62
-227629.257   112.412   -20.98   25.81
-227254.214   104.081   -22.21   10.75
-226879.153   118.327    37.98   36.02
-226504.075   138.008    52.46   57.75
-226128.979   143.621    14.96   57.28
-225753.866   143.761     0.37   48.84
-225378.736   141.805    -5.21   50.54
-225003.588   157.827    42.70   58.84
-224628.422   176.641    50.14   58.34
-224253.240   174.691    -5.20   53.27
-223878.039   154.459   -53.91   39.17
-223502.821   145.048   -25.07   34.34
-223127.586   133.168   -31.65   35.87
-222752.333   128.668   -11.99   37.62
-222377.063   114.313   -38.25   25.02
-222001.775   111.081    -8.61   18.06
-221626.470   110.737    -0.92   18.46
-221251.147   108.319    -6.44   17.66
-220875.807   102.929   -14.36   10.64
-220500.449   104.100     3.12   14.24
-220125.074   118.143    37.40   30.18
-219749.681   141.180    61.35   41.13
-219374.271   180.691   105.23   57.59
-218998.843   221.055   107.49   74.74
-218623.398   250.784    79.17   69.82
-218247.935   245.469   -14.15   79.99
-217872.455   237.737   -20.59   82.76
-217496.957   213.501   -64.53   66.93
-217121.441   209.313   -11.15   56.55
-216745.908   246.575    99.20   63.74
-216370.357   279.738    88.29   70.50
-215994.789   347.366   180.03  105.34
-215619.203   441.913   251.69  137.45
-215243.600   549.737   287.01  141.63
-214867.979   622.524   193.74   90.58
-214492.341   621.146    -3.67   86.78
-214116.685   555.646  -174.33  129.92
-213741.011   455.123  -267.53  153.24
-213365.320   339.319  -308.18  141.48
-212989.611   252.435  -231.21  100.50
-212613.885   243.350   -24.18   88.61
-212238.141   297.412   143.85  129.04
-211862.379   351.113   142.89  136.37
-211486.600   396.418   120.54  117.00
-211110.803   397.291     2.32  100.88
-210734.989   401.296    10.65   81.01
-210359.157   444.459   114.82   91.41
-209983.307   523.964   211.50  115.27
-209607.440   605.738   217.52  129.24
-209231.555   709.805   276.81  140.41
-208855.652   802.850   247.48  122.43
-208479.732   858.191   147.19   81.67
-208103.794   834.900   -61.94  103.66
-207727.838   753.424  -216.68  155.10
-207351.865   673.987  -211.25  168.34
-206975.874   581.964  -244.70  134.30
-206599.866   497.373  -224.93  121.13
-206223.839   460.032   -99.29  111.76
-205847.795   431.714   -75.29  103.62
-205471.734   401.487   -80.36   95.98
-205095.655   419.168    47.01   92.82
-204719.558   411.418   -20.60  110.91
-204343.443   415.941    12.02  127.29
-203967.311   460.226   117.72  137.82
-203591.161   485.600    67.45  123.30
-203214.993   508.408    60.62  109.15
-202838.807   506.327    -5.53   98.68
-202462.604   480.714   -68.07   92.17
-202086.383   465.435   -40.60   87.42
-201710.145   443.993   -56.98   95.04
-201333.888   410.929   -87.86  115.21
-200957.614   382.532   -75.46  123.15
-200581.322   325.180  -152.39  123.93
-200205.013   265.063  -159.73   90.51
-199828.685   244.668   -54.18   71.01
-199452.340   248.334     9.74   69.47
-199075.977   263.964    41.52   79.37
-198699.597   292.214    75.04   92.07
-198323.198   316.464    64.42  116.24
-197946.782   351.643    93.44  137.08
-197570.348   387.389    94.94  133.50
-197193.897   420.936    89.10  112.49
-196817.427   431.263    27.43  110.83
-196440.940   444.691    35.66  113.82
-196064.435   439.873   -12.79  122.44
-195687.912   464.249    64.73  121.11
-195311.371   477.759    35.87  125.72
-194934.813   470.789   -18.51  106.86
-194558.237   473.373     6.86   83.11
-194181.642   472.524    -2.25   59.53
-193805.031   480.509    21.20   66.39
-193428.401   503.691    61.54   75.26
-193051.753   509.837    16.32   84.00
-192675.088   546.691    97.83   96.57
-192298.405   587.466   108.23  118.14
-191921.704   670.758   221.07  169.10
-191544.985   744.296   195.17  182.84
-191168.248   808.691   170.90  182.15
-190791.493   840.259    83.78  186.51
-190414.721   868.999    76.27  194.71
-190037.931   872.396     9.01  193.73
-189661.122   845.977   -70.10  187.68
-189284.296   853.202    19.17  179.66
-188907.452   856.691     9.26  193.53
-188530.591   881.575    66.02  203.84
-188153.711   846.623   -92.72  193.03
-187776.813   838.217   -22.30  163.62
-187399.898   813.350   -65.96  145.42
-187022.964   769.691  -115.81  129.38
-186646.013   748.784   -55.45  125.36
-186269.044   706.647  -111.76  139.78
-185892.057   686.116   -54.45  155.65
-185515.052   660.759   -67.25  159.63
-185138.029   641.041   -52.29  168.35
-184760.988   646.918    15.59  182.31
-184383.929   628.214   -49.60  183.66
-184006.852   625.947    -6.01  187.53
-183629.758   575.668  -133.31  167.67
-183254.836   548.911   -71.36  155.95
-182881.268   518.305   -81.92  124.45
-182507.683   479.505  -103.84   92.68
-182134.080   469.714   -26.20   72.14
-181760.460   467.441    -6.08   62.69
-181386.822   485.905    49.41   63.74
-181013.167   477.327   -22.95   62.71
-180639.493   460.740   -44.38   70.17
-180265.803   442.009   -50.12   92.50
-179892.094   420.203   -58.34  108.13
-179518.368   415.487   -12.62  110.98
-179144.625   403.123   -33.08  105.57
-178770.863   399.024   -10.96  101.88
-178397.084   394.827   -11.23   91.65
-178023.288   374.959   -53.14   80.41
-177649.474   346.577   -75.91   76.00
-177275.642   333.807   -34.15   67.02
-176901.792   328.623   -13.87   58.15
-176527.925   342.123    36.10   61.43
-176154.040   371.429    78.37   64.68
-175780.138   419.191   127.72   96.71
-175406.217   495.837   204.95  112.42
-175032.279   568.896   195.34  126.67
-174658.324   658.552   239.71  113.24
-174284.351   711.168   140.67   99.07
-173910.360   753.373   112.83   98.37
-173536.351   799.239   122.61  114.77
-173162.325   822.737    62.81  114.52
-172788.281   844.741    58.82   95.13
-172414.219   872.214    73.43   87.52
-172040.139   937.900   175.57  111.09
-171666.042  1020.555   220.91  131.19
-171291.927  1070.623   133.81  110.90
-170917.794  1087.905    46.19   97.00
-170543.644  1075.941   -31.97   95.97
-170169.476  1008.066  -181.37   88.38
-169795.290   951.737  -150.52  109.45
-169421.086   872.575  -211.52  125.22
-169046.865   796.691  -202.75   89.37
-168672.626   736.691  -160.30   85.59
-168298.369   684.882  -138.41   78.88
-167924.094   692.850    21.29   84.29
-167549.802   741.366   129.60  113.58
-167175.492   818.896   207.10  128.11
-166801.164   899.759   215.99  106.19
-166426.818   916.691    45.22  116.12
-166052.454   850.509  -176.76  152.23
-165678.073   744.516  -283.07  127.59
-165303.674   754.146    25.72  134.57
-164929.257   826.766   193.93  184.54
-164554.822   911.214   225.50  152.18
-164180.370  1003.600   246.69   85.22
-163805.899  1031.123    73.49  112.21
-163431.411  1016.536   -38.95  121.03
-163056.905   989.841   -71.27  156.19
-162682.381   912.487  -206.51  176.10
-162307.840   797.941  -305.78  162.03
-161933.280   707.086  -242.53  166.62
-161558.703   606.086  -269.60  158.55
-161184.108   526.296  -212.97  142.09
-160809.495   455.491  -188.98  114.37
-160434.864   402.866  -140.45   61.21
-160060.215   382.827   -53.48   41.09
-159685.549   355.642   -72.55   52.11
-159310.864   332.643   -61.37   49.72
-158936.162   312.296   -54.30   40.90
-158561.442   306.621   -15.14   42.07
-158186.704   309.291     7.12   48.71
-157811.948   302.691   -17.61   40.67
-157437.174   305.759     8.19   41.75
-157062.382   307.366     4.29   47.17
-156687.572   329.429    58.86   73.91
-156312.745   381.168   138.02  123.58
-155937.899   432.786   137.69  143.64
-155563.036   490.887   154.97  129.81
-155188.155   516.239    67.62  100.49
-154813.256   527.737    30.66   88.35
-154438.339   523.738   -10.66   89.49
-154063.404   515.305   -22.49   98.80
-153688.451   520.123    12.85   93.89
-153313.480   503.167   -45.21  102.48
-152938.491   456.024  -125.70  133.04
-152563.484   373.834  -219.14  118.95
-152188.459   330.759  -114.84   80.60
-151813.417   297.168   -89.55   71.65
-151438.356   291.336   -15.55   68.01
-151063.277   304.941    36.27   70.67
-150688.181   293.167   -31.38   66.29
-150313.066   283.069   -26.92   67.03
-149937.934   258.505   -65.47   75.67
-149562.783   230.941   -73.46   66.62
-149187.615   207.373   -62.81   48.99
-148812.428   193.343   -37.39   32.06
-148437.224   187.600   -15.30   32.10
-148062.001   193.882    16.74   41.34
-147686.761   197.782    10.39   50.82
-147311.502   220.249    59.86   63.98
-146936.226   245.827    68.15   74.38
-146560.931   246.737     2.42   70.00
-146185.619   236.600   -27.00   61.46
-145810.288   240.850    11.32   51.36
-145434.939   255.691    39.53   60.46
-145059.573   291.136    94.41   70.79
-144684.188   328.577    99.73   65.55
-144308.785   340.487    31.72   63.71
-143933.365   333.577   -18.40   67.37
-143557.926   314.032   -52.05   57.73
-143182.469   302.509   -30.69   50.13
-142806.994   286.464   -42.73   42.67
-142431.501   288.964     6.66   49.93
-142055.990   293.827    12.95   52.97
-141680.461   280.737   -34.86   60.39
-141304.913   261.941   -50.04   59.99
-140929.348   234.077   -74.18   49.24
-140553.765   250.373    43.38   66.76
-140178.163   276.737    70.18   82.12
-139802.544   292.805    42.77   77.46
-139426.906   311.464    49.67   65.57
-139051.250   299.259   -32.48   62.32
-138675.576   302.577     8.83   60.41
-138299.884   318.952    43.58   53.58
-137924.174   330.759    31.42   49.51
-137548.446   360.402    78.88   61.54
-137172.699   373.621    35.18   63.97
-136796.935   403.602    79.78   62.19
-136421.152   432.001    75.56   54.16
-136045.351   444.373    32.92   51.37
-135669.532   445.908     4.09   51.85
-135293.695   418.459   -73.03   63.04
-134917.840   388.577   -79.49   68.24
-134541.966   358.596   -79.76   54.37
-134166.074   353.452   -13.68   69.11
-133790.165   354.827     3.66   74.45
-133414.237   335.032   -52.65   72.76
-133038.291   298.096   -98.24   65.20
-132662.326   258.133  -106.28   57.27
-132286.344   217.313  -108.56   42.16
-131910.343   196.496   -55.36   27.75
-131534.324   199.691     8.50   36.67
-131158.287   218.805    50.82   58.16
-130782.232   242.827    63.87   67.80
-130406.158   264.334    57.18   59.89
-130030.066   265.618     3.41   57.83
-129653.956   251.123   -38.53   52.58
-129277.828   237.691   -35.71   43.71
-128901.682   238.759     2.84   51.84
-128525.517   247.964    24.47   60.94
-128149.334   249.737     4.71   55.31
-127773.133   244.918   -12.81   49.72
-127396.914   240.618   -11.43   46.21
-127020.676   251.168    28.04   48.62
-126644.420   243.239   -21.07   47.68
-126268.146   249.987    17.93   38.94
-125891.853   249.247    -1.97   35.93
-125515.543   248.807    -1.17   23.46
-125139.214   278.441    78.74   48.46
-124762.866   330.766   139.02   89.57
-124386.501   408.237   205.82  110.35
-124010.117   448.366   106.61   82.15
-123633.715   425.305   -61.26   96.40
-123257.294   358.646  -177.07   95.39
-122880.856   325.325   -88.51   64.81
-122504.399   351.418    69.30   88.68
-122127.923   414.041   166.32   92.23
-121751.430   472.737   155.88   75.66
-121374.918   536.237   168.63   76.32
-120998.387   567.063    81.86   84.35
-120621.839   591.069    63.74   91.77
-120245.272   588.166    -7.71  113.52
-119868.686   576.077   -32.10  106.10
-119492.083   589.319    35.16  108.92
-119115.461   620.964    84.01  109.80
-118738.820   687.850   177.57  114.64
-118362.162   741.715   142.99   84.08
-117985.484   715.896   -68.54  113.80
-117608.789   609.191  -283.23  152.49
-117232.075   526.110  -220.52  108.49
-116855.343   520.513   -14.85  104.87
-116478.592   532.713    32.38  126.79
-116101.823   576.441   116.05  114.98
-115725.036   623.667   125.33  108.63
-115348.230   655.647    84.86  118.28
-114971.406   666.123    27.80  123.96
-114594.563   647.146   -50.35  153.55
-114217.702   603.464  -115.90  150.46
-113840.823   589.759   -36.36  117.91
-113463.925   603.441    36.30   98.24
-113087.009   624.272    55.26   85.16
-112710.074   603.313   -55.60   95.20
-112333.121   580.009   -61.82  101.78
-111956.150   561.980   -47.82   89.15
-111579.160   575.441    35.70  105.31
-111202.151   604.646    77.46  101.90
-110825.125   619.691    39.90   94.71
-110448.079   589.759   -79.38  109.86
-110071.015   525.854  -169.46  112.61
-109693.933   445.759  -212.39   76.20
-109316.832   403.970  -110.81   53.85
-108939.713   430.646    70.73   95.32
-108562.576   450.669    53.09  104.58
-108188.056   464.623    37.25  100.69
-107814.548   445.269   -51.81  103.34
-107441.021   396.947  -129.35  105.34
-107067.477   341.756  -147.73   81.14
-106693.914   342.596     2.25   78.68
-106320.333   365.759    62.00   90.72
-105946.734   420.061   145.33   99.83
-105573.117   467.156   126.04  103.38
-105199.482   508.224   109.90   87.67
-104825.829   520.645    33.24   80.06
-104452.158   521.104     1.23   79.24
-104078.468   503.905   -46.02   94.59
-103704.760   445.964  -155.03  108.53
-103331.034   386.952  -157.89   96.96
-102957.290   343.100  -117.32   81.94
-102583.528   313.555   -79.04   66.22
-102209.748   298.854   -39.33   71.04
-101835.949   319.424    55.03   99.21
-101462.132   339.405    53.45  102.85
-101088.297   358.714    51.64   92.69
-100714.444   374.536    42.32   72.31
-100340.573   371.259    -8.76   63.70
 -99966.683   352.646   -49.78   64.29
 -99592.775   351.738    -2.43   69.89
 -99218.849   345.558   -16.53   73.50
 -98844.905   334.001   -30.90   76.60
 -98470.943   297.247   -98.27   87.11
 -98096.962   246.513  -135.65   83.63
 -97722.963   200.091  -124.11   60.38
 -97348.946   162.350  -100.90   26.10
 -96974.911   150.738   -31.04   14.91
 -96600.857   140.202   -28.16   12.97
 -96226.785   132.263   -21.22   12.16
 -95852.695   124.580   -20.53   13.10
 -95478.587   115.487   -24.30    9.66
 -95104.460   108.827   -17.80    9.08
 -94730.315   101.179   -20.44    8.29
 -94356.152    95.977   -13.90    7.70
 -93981.971    89.469   -17.39    6.69
 -93607.771    84.929   -12.13    5.39
 -93233.553    83.091    -4.91    7.83
 -92859.317    81.577    -4.04    8.88
 -92485.062    80.623    -2.55    9.41
 -92110.789    77.737    -7.71    9.23
 -91736.498    74.382    -8.96    8.76
 -91362.189    70.168   -11.26    7.11
 -90987.861    67.228    -7.86    6.07
 -90613.515    62.336   -13.07    7.87
 -90239.150    57.714   -12.34    7.24
 -89864.768    55.575    -5.71    7.33
 -89490.367    56.941     3.65   10.02
 -89115.947    59.203     6.04   10.56
 -88741.509    62.691     9.31   10.85
 -88367.053    66.905    11.25    8.27
 -87992.579    67.069     0.44    6.33
 -87618.086    65.668    -3.74    6.15
 -87243.575    62.327    -8.92    7.19
 -86869.045    56.827   -14.68    6.95
 -86494.498    53.008   -10.20    7.23
 -86119.931    49.759    -8.67    8.05
 -85745.347    46.048    -9.91    9.36
 -85370.744    42.891    -8.43    9.35
 -84996.122    38.827   -10.85    9.02
 -84621.482    34.668   -11.10    5.97
 -84246.824    30.873   -10.13    3.84
 -83872.148    28.566    -6.16    3.22
 -83497.453    27.168    -3.73    3.22
 -83122.739    27.620     1.20    5.89
 -82748.008    29.091     3.93    7.80
 -82373.257    30.136     2.79    8.65
 -81998.489    28.435    -4.54    7.22
 -81623.702    26.668    -4.71    6.87
 -81248.896    24.823    -4.92    5.98
 -80874.072    25.441     1.65    6.27
 -80499.230    29.831    11.71    8.67
 -80124.369    37.180    19.60   12.57
 -79749.490    48.247    29.52   14.67
 -79374.592    54.366    16.32   12.99
 -78999.676    57.055     7.17   12.03
 -78624.741    54.291    -7.37   14.38
 -78249.788    49.327   -13.24   13.93
 -77874.817    44.179   -13.73    9.69
 -77499.827    40.558    -9.66    7.59
 -77124.818    37.847    -7.23    7.19
 -76749.791    34.905    -7.84    8.63
 -76374.746    31.009   -10.39    7.89
 -75999.682    27.616    -9.05    6.79
 -75624.599    26.237    -3.68    6.63
 -75249.498    27.441     3.21    7.46
 -74874.378    30.100     7.09    7.80
 -74499.240    33.509     9.09    7.74
 -74124.084    36.739     8.61    7.97
 -73748.909    40.918    11.14    8.45
 -73373.715    42.569     4.40    7.72
 -72998.503    42.714     0.39    7.74
 -72623.272    42.396    -0.85    8.77
 -72248.023    41.077    -3.51   10.13
 -71872.755    37.691    -9.02    9.04
 -71497.469    38.024     0.89    9.68
 -71122.164    36.380    -4.38   11.27
 -70746.841    35.342    -2.76   12.10
 -70371.499    33.896    -3.85   13.47
 -69996.138    30.202    -9.84   15.27
 -69620.759    26.958    -8.64   16.82
 -69245.361    19.847   -18.94   13.00
 -68869.945    16.143    -9.86    7.57
 -68494.510    18.380     5.96    9.04
 -68119.057    24.435    16.13   12.46
 -67743.585    34.396    26.53   15.81
 -67368.094    42.987    22.88   20.16
 -66992.585    42.322    -1.77   21.42
 -66617.057    36.941   -14.33   22.54
 -66241.510    28.918   -21.36   19.40
 -65865.945    25.091   -10.19   15.68
 -65490.361    19.918   -13.77   12.67
 -65114.759    19.918     0.00   13.59
 -64739.138    17.827    -5.57   12.23
 -64363.498    18.623     2.12   11.38
 -63987.840    21.827     8.53   13.17
 -63612.163    24.941     8.29   14.83
 -63236.468    25.623     1.81   15.44
 -62860.753    22.024    -9.58   14.95
 -62485.020    18.782    -8.63   13.57
 -62109.269    15.396    -9.01   11.13
 -61733.498    12.714    -7.14    9.01
 -61357.709     9.469    -8.63    5.09
 -60981.902     8.055    -3.76    2.80
 -60606.076     6.805    -3.33    1.65
 -60230.231     6.669    -0.36    1.73
 -59854.367     6.620    -0.13    1.87
 -59478.484     6.517    -0.27    2.08
 -59102.583     6.365    -0.40    2.10
 -58726.663     6.536     0.45    2.35
 -58350.725     7.146     1.62    2.60
 -57974.768     7.366     0.58    2.44
 -57598.792     7.402     0.10    1.87
 -57222.797     7.643     0.64    1.59
 -56846.784     7.235    -1.09    1.56
 -56470.751     6.896    -0.90    1.82
 -56094.700     6.009    -2.36    2.26
 -55718.631     5.327    -1.81    1.86
 -55342.542     5.203    -0.33    1.80
 -54966.435     5.464     0.69    1.82
 -54590.309     6.501     2.76    1.66
 -54214.165     6.936     1.16    1.81
 -53838.001     7.327     1.04    1.93
 -53461.819     7.759     1.15    2.03
 -53085.618     7.964     0.54    2.03
 -52709.398     7.991     0.07    1.76
 -52333.159     7.555    -1.16    1.52
 -51956.902     7.226    -0.87    1.59
 -51580.626     7.158    -0.18    1.60
 -51204.331     7.002    -0.41    2.03
 -50828.017     6.784    -0.58    2.26
 -50451.684     6.077    -1.88    2.33
 -50075.333     5.127    -2.53    2.06
 -49698.963     4.873    -0.68    1.57
 -49322.573     5.168     0.78    1.55
 -48946.165     5.282     0.30    1.44
 -48569.739     5.714     1.15    1.27
 -48193.293     5.572    -0.38    1.17
 -47816.829     5.441    -0.35    1.12
 -47440.345     5.325    -0.31    1.20
 -47063.843     5.146    -0.48    1.44
 -46687.322     5.447     0.80    1.76
 -46310.782     5.600     0.41    1.58
 -45934.223     5.908     0.82    2.17
 -45557.646     5.813    -0.25    2.28
 -45181.049     5.980     0.44    2.24
 -44804.434     5.850    -0.34    2.11
 -44427.800     5.305    -1.45    1.81
 -44051.146     5.487     0.48    1.79
 -43674.474     5.737     0.66    2.65
 -43297.783     5.452    -0.76    2.46
 -42921.073     5.482     0.08    2.58
 -42544.345     5.202    -0.74    2.46
 -42167.597     5.100    -0.27    2.42
 -41790.830     5.113     0.03    2.57
 -41414.045     4.980    -0.35    2.10
 -41037.240     5.032     0.14    1.99
 -40660.417     5.047     0.04    1.90
 -40283.574     5.146     0.26    1.62
 -39906.713     5.441     0.78    1.82
 -39529.832     5.558     0.31    1.93
 -39152.933     5.691     0.35    2.01
 -38776.015     5.896     0.54    1.95
 -38399.078     5.756    -0.37    1.78
 -38022.122     5.491    -0.70    1.74
 -37645.147     5.424    -0.18    2.16
 -37268.152     5.784     0.95    2.36
 -36891.139     6.061     0.73    2.59
 -36514.107     6.296     0.62    2.56
 -36137.056     6.402     0.28    2.41
 -35759.986     6.282    -0.32    2.23
 -35382.897     6.086    -0.52    1.65
 -35005.789     6.032    -0.14    1.54
 -34628.662     5.566    -1.24    1.56
 -34251.516     5.447    -0.32    1.80
 -33874.350     5.577     0.35    2.07
 -33497.166     5.509    -0.18    1.98
 -33123.049     5.509     0.00    2.00
 -32749.601     5.667     0.42    2.10
 -32376.135     5.577    -0.24    2.00
 -32002.651     5.166    -1.10    2.04
 -31629.147     5.269     0.28    1.82
 -31255.626     5.807     1.44    1.89
 -30882.085     5.964     0.42    1.80
 -30508.526     5.824    -0.37    1.69
 -30134.948     5.691    -0.36    1.58
 -29761.351     5.305    -1.03    1.40
 -29387.736     5.466     0.43    1.44
 -29014.102     5.600     0.36    1.36
 -28640.449     5.691     0.24    1.51
 -28266.778     5.513    -0.48    1.47
 -27893.088     5.758     0.65    1.51
 -27519.379     6.040     0.76    1.60
 -27145.652     6.396     0.95    1.66
 -26771.905     6.591     0.52    1.55
 -26398.141     7.055     1.24    1.56
 -26024.357     7.156     0.27    1.33
 -25650.555     7.158     0.00    1.39
 -25276.734     7.091    -0.18    1.56
 -24902.894     7.017    -0.20    1.52
 -24529.035     6.987    -0.08    1.77
 -24155.158     6.691    -0.79    1.74
 -23781.262     6.668    -0.06    2.17
 -23407.347     6.761     0.25    2.13
 -23033.414     6.913     0.41    2.09
 -22659.461     7.282     0.99    2.16
 -22285.490     7.924     1.72    2.06
 -21911.501     7.891    -0.09    1.95
 -21537.492     7.991     0.27    1.67
 -21163.465     7.623    -0.98    1.69
 -20789.419     6.911    -1.90    1.51
 -20415.354     7.146     0.63    1.55
 -20041.270     7.373     0.61    1.71
 -19667.167     7.123    -0.67    1.85
 -19293.046     6.847    -0.74    1.88
 -18918.906     7.141     0.79    1.77
 -18544.747     6.896    -0.66    1.59
 -18170.569     6.929     0.09    1.45
 -17796.372     6.850    -0.21    1.31
 -17422.157     6.780    -0.19    1.73
 -17047.923     6.532    -0.66    1.89
 -16673.670     6.387    -0.39    1.98
 -16299.398     6.496     0.29    1.94
 -15925.107     6.669     0.46    1.70
 -15550.797     6.621    -0.13    1.56
 -15176.469     6.739     0.31    1.70
 -14802.121     6.827     0.24    1.79
 -14427.755     6.824    -0.01    1.74
 -14053.370     6.865     0.11    1.60
 -13678.966     6.905     0.11    1.57
 -13304.543     6.736    -0.45    1.40
 -12930.102     6.668    -0.18    1.42
 -12555.641     6.646    -0.06    1.33
 -12181.161     6.624    -0.06    1.42
 -11806.663     6.735     0.29    1.35
 -11432.146     6.624    -0.29    1.48
 -11057.610     6.429    -0.52    1.47
 -10683.054     6.291    -0.37    1.37
 -10308.480     6.552     0.70    1.55
  -9933.887     6.714     0.43    1.70
  -9559.275     6.691    -0.06    1.67
  -9184.645     6.495    -0.52    1.87
  -8809.995     6.646     0.40    1.94
  -8435.326     6.598    -0.13    1.85
  -8060.639     6.778     0.48    1.85
  -7685.932     6.782     0.01    1.27
  -7311.206     6.600    -0.49    1.81
  -6936.462     5.580    -2.72    3.25
  -6561.698     5.047    -1.42    3.79
  -6186.916     5.308     0.70    4.37
  -5812.114     5.913     1.61    4.38
  -5437.294     6.313     1.07    3.65
  -5062.455     7.168     2.28    2.83
  -4687.596     6.782    -1.03    2.11
  -4312.719     5.278    -4.01    2.97
  -3937.823     4.738    -1.44    3.64
  -3562.907     4.380    -0.95    4.16
  -3187.973     3.235    -3.05    4.05
  -2813.019     2.824    -1.09    3.92
  -2438.047     2.069    -2.01    3.87
  -2063.055     1.389    -1.81    3.65
  -1688.045     0.558    -2.22    2.88
  -1313.016     0.096    -1.23    1.84
   -937.967    -0.309    -1.08    0.00
   -562.899    -0.309     0.00    0.00
   -187.813    -0.309     0.00    0.00
    187.293    -0.309     0.00    0.00
    562.418    -0.309     0.00    0.00
    937.561    -0.309     0.00    0.00
   1312.724    -0.142     0.44    1.08
   1687.906     1.061     3.21    3.77
   2063.107     1.396     0.89    3.63
   2438.327     2.180     2.09    4.11
   2813.567     2.623     1.18    3.94
   3188.825     3.179     1.48    3.74
   3564.102     4.327     3.06    3.67
   3939.399     4.358     0.08    3.26
   4314.714     5.336     2.61    3.08
   4690.049     5.327    -0.02    2.79
   5065.403     5.714     1.03    1.96
   5440.775     5.737     0.06    1.49
   5816.168     6.086     0.93    1.90
   6191.579     6.123     0.10    1.90
   6567.009     5.905    -0.58    2.04
   6942.458     5.558    -0.93    2.07
   7317.927     5.536    -0.06    1.85
   7693.415     5.156    -1.01    1.74
   8068.922     5.158     0.00    1.59
   8444.448     5.191     0.09    1.55
   8819.993     5.168    -0.06    1.30
   9195.557     5.272     0.28    1.40
   9571.141     5.091    -0.48    1.51
   9946.743     5.077    -0.04    1.47
  10322.365     4.947    -0.35    1.48
  10698.006     5.091     0.38    1.51
  11073.667     5.616     1.40    1.47
  11449.346     6.032     1.11    1.43
  11825.045     6.380     0.93    1.62
  12200.763     6.509     0.34    1.74
  12576.500     6.247    -0.70    1.59
  12952.256     6.327     0.22    1.77
  13328.031     6.669     0.91    2.23
  13703.826     7.715     2.78    3.47
  14079.640    10.009     6.11    4.62
  14455.473    13.736     9.91    5.05
  14831.326    16.387     7.05    4.90
  15207.197    17.602     3.23    4.61
  15583.088    17.941     0.90    3.80
  15958.999    17.082    -2.28    4.13
  16334.928    15.418    -4.43    3.64
  16710.877    13.713    -4.54    3.62
  17086.845    12.168    -4.11    3.30
  17462.832    10.778    -3.70    3.04
  17838.839     9.536    -3.30    2.04
  18214.864     9.009    -1.40    1.81
  18590.909     8.824    -0.49    1.82
  18966.974     8.714    -0.29    1.78
  19343.058     8.441    -0.73    1.92
  19719.161     8.158    -0.75    1.80
  20095.283     7.272    -2.35    1.80
  20471.425     6.358    -2.43    1.75
  20847.585     6.017    -0.91    1.69
  21223.766     5.891    -0.34    1.49
  21599.965     5.691    -0.53    1.63
  21976.184     5.854     0.43    1.48
  22352.423     6.180     0.87    2.11
  22728.680     6.405     0.60    2.28
  23104.957     7.039     1.68    2.50
  23481.253     7.714     1.79    2.59
  23857.569     7.365    -0.93    2.33
  24233.904     7.077    -0.76    2.26
  24610.258     7.106     0.08    2.45
  24986.632     7.146     0.11    2.11
  25363.025     7.786     1.70    2.21
  25739.438     8.980     3.17    2.50
  26115.870     9.936     2.54    2.58
  26492.321    10.807     2.32    2.86
  26868.792    12.009     3.19    3.69
  27245.282    13.048     2.76    4.05
  27621.791    14.350     3.46    4.73
  27998.320    15.900     4.12    4.78
  28374.869    16.558     1.75    4.43
  28751.436    18.158     4.25    4.10
  29128.024    19.524     3.63    3.86
  29504.630    19.555     0.08    3.33
  29881.256    19.228    -0.87    3.51
  30257.902    18.668    -1.49    3.68
  30634.567    20.343     4.45    6.89
  31011.251    26.805    17.15   15.33
  31387.955    26.627    -0.47   14.75
  31764.678    27.096     1.24   14.56
  32141.421    25.624    -3.91   13.78
  32518.183    30.389    12.65   25.04
  32894.965    39.237    23.48   32.10
  33271.766    40.469     3.27   29.94
  33648.587    36.822    -9.68   25.55
  34025.427    36.123    -1.85   21.53
  34402.287    37.091     2.57   19.89
  34779.166    39.936     7.55   19.22
  35156.064    42.113     5.78   18.49
  35532.983    43.055     2.50   16.95
  35909.920    44.713     4.40   15.97
  36286.877    48.191     9.23   17.46
  36663.854    49.336     3.04   15.89
  37040.851    51.180     4.89   13.86
  37417.866    49.646    -4.07   11.91
  37794.902    49.327    -0.84   12.23
  38171.957    51.358     5.38   21.14
  38549.031    59.082    20.49   29.26
  38926.125    67.691    22.83   31.62
  39303.239    68.224     1.41   30.63
  39680.372    63.598   -12.27   34.78
  40057.524    56.738   -18.19   38.02
  40434.697    37.918   -49.90   28.32
  40811.888    28.398   -25.24   12.05
  41189.100    30.202     4.78   14.01
  41566.331    34.032    10.15   17.37
  41940.052    32.941    -2.92   21.71
  42313.438    24.869   -21.62   22.56
  42686.844    15.953   -23.88   17.13
  43060.269     8.577   -19.75    4.22
  43433.713     6.941    -4.38    1.30
  43807.177     7.447     1.35    1.86
  44180.660     7.784     0.90    1.97
  44554.161     7.980     0.52    1.87
  44927.682     7.736    -0.65    1.72
  45301.223     7.358    -1.01    1.34
  45674.782     7.100    -0.69    1.00
  46048.361     7.167     0.18    1.02
  46421.959     8.577     3.77    3.11
  46795.576    10.133     4.16    4.32
  47169.212    11.758     4.35    5.00
  47542.868    12.869     2.97    5.03
  47916.543    13.203     0.89    5.02
  48290.237    11.980    -3.27    3.80
  48663.950    11.891    -0.24    3.00
  49037.683    13.214     3.54    3.51
  49411.435    15.850     7.05    4.09
  49785.206    18.069     5.94    4.20
  50158.997    20.896     7.56    3.95
  50532.806    23.146     6.02    4.13
  50906.635    24.424     3.42    3.24
  51280.484    24.816     1.05    3.01
  51654.351    23.737    -2.89    3.37
  52028.238    21.032    -7.23    4.05
  52402.144    19.110    -5.14    3.92
  52776.070    16.580    -6.77    3.45
  53150.015    14.373    -5.90    2.67
  53523.979    12.822    -4.15    2.37
  53897.962    11.810    -2.70    1.80
  54271.965    11.847     0.10    2.01
  54645.987    12.063     0.58    1.99
  55020.029    12.214     0.40    1.80
  55394.089    12.491     0.74    1.46
  55768.170    12.778     0.77    1.33
  56142.269    12.913     0.36    1.20
  56516.388    12.896    -0.05    1.34
  56890.526    13.061     0.44    1.40
  57264.684    13.459     1.06    1.89
  57638.861    13.202    -0.69    2.05
  58013.057    12.780    -1.13    2.39
  58387.273    12.800     0.05    2.92
  58761.508    14.202     3.75    4.04
  59135.762    15.532     3.55    4.57
  59510.036    17.539     5.36    4.52
  59884.329    18.987     3.87    4.16
  60258.642    20.069     2.89    4.25
  60632.974    21.513     3.86    3.91
  61007.326    23.558     5.46    3.60
  61381.697    25.891     6.23    3.88
  61756.087    28.168     6.08    3.80
  62130.497    29.136     2.58    2.69
  62504.926    28.032    -2.95    3.87
  62879.375    25.691    -6.25    4.59
  63253.843    23.158    -6.77    3.93
  63628.331    21.691    -3.92    3.00
  64002.838    22.169     1.28    3.17
  64377.364    23.214     2.79    3.02
  64751.910    24.136     2.46    2.91
  65126.475    25.061     2.47    2.71
  65501.060    25.958     2.40    2.77
  65875.665    26.941     2.63    3.05
  66250.289    28.620     4.48    3.78
  66624.932    29.604     2.63    3.25
  66999.595    31.133     4.08    3.75
  67374.277    32.869     4.63    3.83
  67748.979    34.305     3.83    3.92
  68123.700    35.930     4.34    4.37
  68498.441    37.782     4.94    4.03
  68873.202    39.024     3.32    4.07
  69247.982    40.941     5.11    4.04
  69622.781    42.167     3.27    4.32
  69997.600    44.824     7.09    5.06
  70372.438    47.941     8.32    7.73
  70747.297    55.532    20.25   15.85
  71122.174    66.168    28.37   26.77
  71497.071    79.621    35.89   34.02
  71871.988    89.191    25.53   31.36
  72246.924    98.120    23.82   26.38
  72621.880   110.758    33.71   23.42
  72996.856   124.602    36.92   24.17
  73371.851   132.319    20.58   21.17
  73746.865   122.869   -25.20   30.04
  74121.899   103.016   -52.94   31.74
  74496.953    83.623   -51.71   20.13
  74872.027    70.667   -34.54   11.47
  75247.120    67.668    -8.00   12.24
  75622.232    63.782   -10.36   13.28
  75997.364    59.896   -10.36   12.47
  76372.516    57.235    -7.09   11.99
  76747.688    57.594     0.96   12.21
  77122.879    55.291    -6.14    9.98
  77498.089    54.110    -3.15    7.90
  77873.320    50.831    -8.74    6.92
  78248.570    48.387    -6.51    5.06
  78623.839    47.995    -1.04    5.43
  78999.129    46.691    -3.48    5.90
  79374.438    45.977    -1.90    5.91
  79749.766    44.869    -2.95    5.00
  80125.115    45.482     1.63    4.77
  80500.483    48.055     6.85    5.74
  80875.870    51.322     8.70    5.90
  81251.278    52.713     3.71    5.81
  81626.705    53.358     1.72    5.75
  82002.151    55.424     5.50    6.73
  82377.618    56.561     3.03    8.69
  82753.104    61.291    12.60   13.21
  83128.610    67.032    15.29   20.53
  83504.135    85.300    48.65   44.94
  83879.680   103.941    49.64   57.76
  84255.245   128.802    66.20   61.35
  84630.830   145.648    44.85   55.41
  85006.435   152.408    18.00   42.89
  85382.059   154.936     6.73   41.45
  85757.703   145.040   -26.35   46.54
  86133.366   120.474   -65.40   44.97
  86509.050    97.429   -61.35   39.86
  86884.753    72.887   -65.33   17.47
  87260.476    64.300   -22.86   13.63
  87636.219    56.539   -20.66   10.19
  88011.981    51.380   -13.73    8.84
  88387.763    48.715    -7.09    9.03
  88763.565    44.402   -11.48    8.85
  89139.387    41.548    -7.59    7.99
  89515.229    39.091    -6.54    4.92
  89891.090    37.918    -3.12    4.03
  90266.972    38.373     1.21    4.75
  90642.873    38.669     0.79    5.20
  91018.793    39.482     2.16    6.00
  91394.734    41.032     4.12    6.23
  91770.695    43.191     5.74    5.97
  92146.675    45.691     6.65    7.15
  92522.675    51.269    14.84    9.67
  92898.695    56.854    14.85    9.79
  93274.735    59.269     6.42    8.98
  93650.795    60.841     4.18    9.24
  94026.874    61.850     2.68   10.49
  94402.974    63.542     4.50   10.51
  94779.093    68.964    14.42   10.80
  95155.232    74.313    14.22   11.09
  95531.391    79.168    12.91   11.71
  95907.570    83.669    11.97   11.82
  96283.769    85.453     4.74   11.71
  96659.988    86.891     3.82   11.18
  97036.226    88.714     4.85   12.12
  97412.485    93.822    13.58   15.71
  97788.763    98.158    11.53   20.24
  98165.061    98.896     1.96   24.47
  98541.380    94.585   -11.46   20.90
  98917.718    88.418   -16.39   14.95
  99294.076    86.136    -6.07   12.63
  99670.454    83.513    -6.97   14.01
 100046.852    78.736   -12.69   14.25
 100423.270    77.138    -4.24   16.78
 100799.707    71.487   -15.01   15.11
 101176.165    69.402    -5.54   13.91
 101552.643    65.737    -9.74   10.74
 101929.140    66.100     0.97    9.71
 102305.658    68.224     5.64   11.40
 102682.196    72.739    11.99   11.46
 103058.753    78.343    14.89   11.47
 103435.331    83.513    13.73   10.38
 103811.929    88.313    12.75    9.54
 104188.546    94.396    16.15    9.25
 104565.184    98.509    10.92   11.38
 104941.841   103.941    14.42   10.07
 105318.519   105.466     4.05    9.16
 105695.216   105.180    -0.76    7.84
 106071.934   104.214    -2.56    8.07
 106448.672   105.758     4.10    8.77
 106825.429   107.847     5.54    7.69
 107202.207   104.252    -9.54    9.87
 107579.005    99.032   -13.86   11.02
 107955.822    91.412   -20.22   10.69
 108332.660    85.555   -15.54   11.47
 108709.518    80.024   -14.68   10.17
 109086.396    76.964    -8.12    9.12
 109463.294    74.495    -6.55    9.68
 109840.212    73.423    -2.85    9.34
 110217.150    71.402    -5.36    8.88
 110594.108    70.464    -2.49    9.12
 110971.087    68.224    -5.94    9.00
 111348.085    67.091    -3.01    9.81
 111725.104    66.350    -1.97   10.11
 112102.142    65.039    -3.48   10.34
 112479.201    61.441    -9.54    9.73
 112856.280    58.402    -8.06    9.72
 113233.379    56.291    -5.60    9.65
 113610.498    54.224    -5.48    8.49
 113987.637    56.566     6.21   11.36
 114364.796    56.464    -0.27   11.42
 114741.975    56.447    -0.05   10.30
 115119.175    57.759     3.48    9.55
 115496.395    57.396    -0.96    8.36
 115873.635    61.247    10.21    9.42
 116250.895    67.334    16.14    7.64
 116628.175    67.322    -0.03    8.13
 117001.503    65.091    -5.98   10.01
 117374.827    60.713   -11.73    9.89
 117748.170    57.509    -8.58    8.41
 118121.533    56.691    -2.19    8.49
 118494.915    56.536    -0.42    9.06
 118868.317    59.301     7.41    8.97
 119241.739    64.061    12.75   11.06
 119615.181    67.453     9.08    9.87
 119988.643    67.180    -0.73   10.37
 120362.124    63.259   -10.50   14.81
 120735.625    55.464   -20.87   15.04
 121109.146    51.123   -11.62   10.42
 121482.687    51.598     1.27   10.18
 121856.247    58.668    18.93    9.18
 122229.827    64.596    15.87    9.92
 122603.427    65.824     3.29   10.37
 122977.047    63.558    -6.07   10.59
 123350.687    59.158   -11.78   10.44
 123724.346    54.802   -11.66   10.56
 124098.025    51.739    -8.20   10.20
 124471.724    50.259    -3.96    9.54
 124845.443    45.645   -12.35   10.27
 125219.182    41.336   -11.53    9.83
 125592.940    39.759    -4.22    9.08
 125966.719    39.158    -1.61    8.43
 126340.517    41.891     7.31    8.29
 126714.335    45.429     9.47    6.65
 127088.173    47.558     5.69    6.26
 127462.030    49.496     5.18    7.47
 127835.908    52.669     8.49    8.53
 128209.805    57.649    13.32    7.29
 128583.723    59.646     5.34    6.01
 128957.660    59.291    -0.95    5.55
 129331.617    57.780    -4.04    6.00
 129705.594    56.104    -4.48    4.50
 130079.591    54.548    -4.16    4.52
 130453.607    53.958    -1.58    3.81
 130827.644    54.464     1.35    3.92
 131201.701    54.509     0.12    3.45
 131575.777    54.778     0.72    3.70
 131949.873    53.691    -2.91    4.79
 132323.990    52.858    -2.23    4.76
 132698.126    51.714    -3.06    4.85
 133072.282    51.561    -0.41    4.16
 133446.458    51.146    -1.11    3.42
 133820.654    49.802    -3.59    3.73
 134194.870    48.778    -2.74    4.31
 134569.106    48.822     0.12    4.09
 134943.362    49.602     2.09    4.00
 135317.638    50.600     2.67    3.70
 135691.934    51.343     1.99    3.85
 136066.249    51.191    -0.41    4.36
 136440.585    50.713    -1.28    4.15
 136814.941    48.469    -6.00    4.11
 137189.317    46.896    -4.20    3.32
 137563.712    46.322    -1.53    4.03
 137938.128    46.168    -0.41    4.10
 138312.564    46.778     1.63    3.53
 138687.020    45.865    -2.44    4.13
 139061.495    43.495    -6.33    4.75
 139435.991    40.802    -7.19    3.59
 139810.507    40.382    -1.12    3.56
 140185.043    39.691    -1.84    3.85
 140559.598    38.598    -2.92    4.70
 140934.174    36.582    -5.38    4.65
 141308.770    34.032    -6.81    4.80
 141683.386    32.365    -4.45    4.77
 142058.022    31.032    -3.56    3.85
 142432.678    29.296    -4.63    4.24
 142807.355    28.168    -3.01    4.23
 143182.051    26.667    -4.01    4.55
 143556.767    25.180    -3.97    4.64
 143931.503    24.737    -1.18    5.05
 144306.260    23.402    -3.56    4.85
 144681.036    24.936     4.09    4.91
 145055.833    24.691    -0.65    4.40
 145430.650    23.987    -1.88    4.21
 145805.487    21.668    -6.19    5.18
 146180.344    19.202    -6.58    4.56
 146555.221    17.396    -4.82    3.51
 146930.118    15.714    -4.49    3.01
 147305.035    14.822    -2.38    3.41
 147679.973    13.837    -2.63    3.06
 148054.930    13.824    -0.03    2.73
 148429.908    14.048     0.60    3.10
 148804.906    15.491     3.85    3.99
 149179.924    16.095     1.61    4.69
 149554.962    15.865    -0.61    5.29
 149930.020    14.159    -4.55    5.39
 150305.099    11.646    -6.70    4.20
 150680.198    10.082    -4.17    1.90
 151055.317     9.691    -1.04    0.00
 151430.456    10.536     2.25    2.77
 151805.615    11.380     2.25    3.86
 152180.794    13.104     4.60    5.24
 152555.994    15.424     6.19    5.66
 152931.214    17.418     5.31    5.30
 153306.454    19.474     5.48    4.26
 153681.714    22.055     6.88    3.98
 154056.994    23.536     3.95    5.19
 154432.295    26.313     7.40    5.47
 154807.616    28.555     5.97    6.22
 155182.957    32.343    10.10    6.10
 155558.319    34.123     4.74    6.05
 155933.700    37.039     7.77    6.34
 156309.102    37.343     0.81    7.06
 156684.524    36.452    -2.37    7.76
 157059.967    34.069    -6.35    8.00
 157435.429    32.096    -5.26    9.52
 157810.912    32.322     0.60   10.50
 158186.415    31.214    -2.95   11.57
 158561.939    28.887    -6.20   11.05
 158937.483    24.600   -11.42    9.20
 159313.047    21.313    -8.75    6.56
 159688.631    20.123    -3.17    3.69
 160064.236    21.286     3.10    4.08
 160439.861    23.623     6.22    4.94
 160815.506    26.667     8.11    5.13
 161191.172    27.766     2.93    5.44
 161566.858    29.013     3.32    5.46
