# NaN NaN NaN ;Mean Elev.(m), Avg Gradient(m/km), RMS Gradient(m/km) - SRTM1     
#    6.715  -0.090   3.478 ;Mean Elev.(m), Avg Gradient(m/km), RMS Gradient(m/km) - ASTER GDEM
#   17.756   0.191   2.461 ;Mean Elev.(m), Avg Gradient(m/km), RMS Gradient(m/km) - GMTED2010 
  8 114.461251  30.678573    27.223    27.223  2 52499.11290960 29.127
 10 114.465139  30.680604    24.327    24.279  3 52569.11292526 20.545
 11 114.457857  30.678743    25.356    27.091  3 52604.11291183 18.214
 12 114.462850  30.678918    22.200    22.200  2 52639.11289102 23.692
 13 114.459949  30.677412    18.166    13.917  3 52674.11288816 24.668
 14 114.464304  30.680670    22.987    23.046  3 52709.11290092 21.616
 15 114.453919  30.676559    25.198    26.640  3 52744.11293138 23.722
 17 114.462326  30.678124    27.160    27.124  3 52814.11295032 21.252
 18 114.464649  30.679717    23.413    23.413  2 52849.11300299 28.356
 19 114.458509  30.678504    24.306    23.307  3 52884.11303905 19.045
 20 114.460420  30.677609    20.163    19.214  3 52919.11299565 25.772
 21 114.471661  30.682204    23.167    23.729  3 52954.11295759 20.012
 22 114.472847  30.681773    16.736    13.153  3 52989.11296583 25.686
 23 114.467799  30.680784    23.062    23.062  2 53024.11295090 20.508
 24 114.472624  30.681732    15.454    11.347  3 53059.11294733 24.098
 25 114.451565  30.676333    27.931    28.007  3 53094.11298671 15.791
 26 114.470134  30.680226    24.012    24.018  3 53129.11295683 24.953
 28 114.463170  30.679820    25.636    27.291  3 53199.11302606 20.111
 29 114.470477  30.682008    22.969    23.538  3 53234.11299556 27.164
 30 114.456844  30.678263    25.502    27.060  3 53269.11296373 22.354
 31 114.455840  30.676045    24.493    25.814  3 53304.11302475 19.613
 32 114.460045  30.678372    23.172    21.612  3 53339.11299320 20.000
 33 114.460722  30.678021    27.386    27.388  3 53374.11292546 16.745
 35 114.458126  30.678060    27.689    27.527  3 53444.11295070 18.671
 36 114.458034  30.678756    27.310    27.346  3 53479.11302785 19.629
 37 114.461993  30.678710    25.217    26.931  3 53514.11303574 21.855
 38 114.455309  30.676761    25.793    26.717  4 53549.11305521 28.287
 39 114.462238  30.679563    25.269    27.080  3 53584.11301849 19.078
 40 114.454122  30.675985    25.825    26.931  3 53619.11297580 27.559
 41 114.463250  30.679388    22.103    22.103  2 53654.11299961 17.817
 42 114.458203  30.677500    27.561    27.696  3 53689.11299683 20.768
 43 114.460832  30.679245    25.269    27.235  3 53724.11292101 15.366
 44 114.473459  30.681825    12.585    12.585  2 53759.11286087 24.016
 45 114.464644  30.679304    27.411    27.323  3 53794.11288161 20.139
 46 114.470475  30.680761    22.426    21.671  3 53829.11285493 18.069
 47 114.461147  30.678462    27.609    27.767  3 53864.11293647 25.133
 48 114.463309  30.680383    18.288    18.476  3 53899.11296076 29.706
 49 114.451290  30.675832    27.248    27.411  4 53934.11300644 20.336
 50 114.455051  30.677538    25.081    27.173  3 53969.11297716 19.187
 51 114.469803  30.680999    13.352    13.352  2 54004.11294822 24.229
 52 114.467582  30.680898    14.767    14.767  2 54039.11298197 22.327
 53 114.462433  30.678395    20.686    20.989  3 54074.11297719 19.684
 54 114.456046  30.676265    27.244    27.520  3 54109.11292335 19.772
 55 114.464294  30.679701    27.796    27.793  3 54144.11291399 22.609
 57 114.463021  30.680041    22.684    27.493  3 54214.11292149 20.051
 58 114.462454  30.678957    17.480    13.980  3 54249.11294945 23.077
 59 114.462865  30.679163    27.362    27.362  2 54284.11295770 19.501
 60 114.463467  30.679311    23.486    23.488  3 54319.11295518 32.097
 61 114.460260  30.678226    25.488    27.037  3 54354.11291903 19.895
 62 114.464248  30.680728    15.339    15.371  3 54389.11289516 30.409
 63 114.460452  30.677656    25.269    27.743  3 54424.11286925 18.630
 64 114.466260  30.680205    19.362    19.362  2 54459.11287036 19.932
 65 114.462118  30.680156    11.920    11.905  3 54494.11287321 46.084
 66 114.466516  30.680859    22.493    22.493  2 54529.11288305 18.765
 67 114.458805  30.677212    28.064    27.572  3 54564.11288058 22.848
 68 114.462740  30.679123    20.178    16.389  3 54599.11287874 24.323
 69 114.461055  30.678846    28.272    28.272  2 54634.11289186 18.192
 70 114.460799  30.679643    27.457    27.698  3 54669.11289641 19.523
 71 114.461140  30.677538    25.266    26.812  3 54704.11286073 23.501
 72 114.464854  30.680086    20.372    20.372  2 54739.11285865 24.742
 73 114.462208  30.679686    27.523    27.252  3 54774.11284192 18.112
 74 114.465011  30.680185    26.884    26.884  2 54809.11285199 16.759
 75 114.461221  30.678577    23.234    21.662  3 54844.11283994 19.945
 76 114.462008  30.679127    26.673    27.462  3 54879.11285588 19.485
 77 114.457671  30.678459    27.244    27.329  3 54914.11284416 20.378
 78 114.461765  30.678529    27.293    27.480  3 54949.11284760 18.322
 79 114.460616  30.677956    27.352    27.508  3 54984.11287316 23.531
 80 114.462916  30.678977    24.559    23.979  3 55019.11286945 22.661
 81 114.462623  30.679031    24.485    24.485  2 55054.11286519 22.057
 82 114.458833  30.679058    25.438    26.432  3 55089.11282634 18.519
 83 114.464948  30.680337    11.858    11.908  3 55124.11280234 26.582
 84 114.459075  30.676756    25.744    27.597  3 55159.11278782 18.826
 85 114.465268  30.680861    20.039    21.138  3 55194.11279197 20.248
 87 114.463865  30.680002    27.076    27.342  3 55264.11278760 18.835
 88 114.460015  30.677492    27.790    27.891  3 55299.11277237 18.526
 89 114.460429  30.678051    27.170    27.371  3 55334.11276553 24.839
 90 114.462425  30.679471    23.153    21.313  3 55369.11275671 27.142
 91 114.465402  30.680523    24.784    24.784  2 55404.11277281 28.193
 92 114.462898  30.680134    20.773    20.886  3 55439.11277456 29.507
 93 114.459658  30.677468    27.365    27.357  3 55474.11272215 19.707
