# NaN NaN NaN ;Mean Elev.(m), Avg Gradient(m/km), RMS Gradient(m/km) - SRTM1     
#    4.085  -0.245   0.936 ;Mean Elev.(m), Avg Gradient(m/km), RMS Gradient(m/km) - ASTER GDEM
#    0.016  -0.279   0.854 ;Mean Elev.(m), Avg Gradient(m/km), RMS Gradient(m/km) - GMTED2010 
  7 119.898825  32.163504     3.723     3.741 16 52471.09866571 26.089
  8 119.899405  32.161713    -3.390    -3.352 16 52506.09864601 27.348
  9 119.904246  32.138185     3.310     3.267 14 52541.09863272 29.801
 10 119.898747  32.163122     2.346     2.428 17 52576.09867585 28.090
 11 119.898854  32.160598     2.145     2.200 16 52611.09863839 27.440
 12 119.900712  32.150918     1.905     1.940 15 52646.09862756 28.333
 13 119.902581  32.143708     2.373     2.115 13 52681.09860168 26.769
 15 119.893385  32.180367     2.965     3.161 17 52751.09867459 26.661
 16 119.901654  32.149502     2.620     2.515 14 52786.09862358 28.106
 17 119.901535  32.150930     3.124     3.036 14 52821.09869738 30.577
 18 119.902158  32.146475     3.762     3.829 14 52856.09874588 29.924
 19 119.899042  32.163476     2.931     2.866 16 52891.09877540 26.780
 20 119.897625  32.165931     2.883     2.856 16 52926.09872778 24.762
 21 119.904796  32.134184     2.511     2.088 13 52961.09870149 27.460
 22 119.899869  32.156424     1.801     1.991 16 52996.09873611 32.275
 23 119.898366  32.164611     1.807     1.800 17 53031.09869685 28.567
 24 119.902336  32.145414     1.932     1.808 13 53066.09870779 27.280
 25 119.896298  32.169166     1.927     1.824 17 53101.09870396 27.132
 26 119.903146  32.140710     2.822     2.841 14 53136.09870970 37.776
 27 119.899860  32.158669     2.222     2.458 16 53171.09875920 30.132
 28 119.899783  32.160509     2.968     3.077 16 53206.09877200 28.247
 29 119.901194  32.151718     3.033     3.106 14 53241.09874138 26.494
 30 119.902741  32.143292     2.858     2.934 14 53276.09871222 34.306
 31 119.899062  32.160148     2.209     2.090 16 53311.09875176 27.404
 32 119.900186  32.156310     2.089     2.292 16 53346.09871845 30.527
 33 119.903089  32.141069     1.844     1.882 14 53381.09867777 31.905
 34 119.903105  32.143927     2.855     2.583 14 53416.09869854 31.542
 35 119.903555  32.142387     2.249     2.520 13 53451.09869539 29.717
 36 119.897175  32.167581     2.249     2.219 16 53486.09877591 24.463
 37 119.900924  32.150602     2.789     2.709 15 53521.09877248 30.049
 38 119.896454  32.168544     2.449     2.371 16 53556.09879350 25.412
 39 119.902178  32.145313     3.489     3.576 14 53591.09873770 32.196
 40 119.899567  32.159152     3.090     3.126 16 53626.09872065 27.977
 41 119.900052  32.157440     2.722     2.692 16 53661.09874704 31.094
 42 119.899205  32.159172     2.237     2.335 16 53696.09871697 28.459
 43 119.899965  32.154406     1.900     1.777 15 53731.09864057 28.075
 44 119.903912  32.138060     2.644     2.662 13 53766.09861403 30.842
 45 119.900737  32.151910     2.321     2.270 14 53801.09861425 26.033
 46 119.902280  32.145549     2.217     2.253 14 53836.09862127 31.203
 47 119.900574  32.153545     2.617     2.613 14 53871.09867667 25.395
 49 119.895409  32.172245     3.133     3.180 17 53941.09874073 27.399
 50 119.897739  32.165209     2.434     2.467 17 53976.09869832 28.274
 51 119.903079  32.143044     1.711     1.632 14 54011.09870297 32.665
 52 119.903785  32.140920     2.292     2.296 13 54046.09871852 27.826
 53 119.899825  32.160291     2.118     2.153 16 54081.09870802 30.304
 54 119.898546  32.163654     3.624     2.832 17 54116.09864058 26.918
 55 119.899859  32.155472     1.788     1.919 15 54151.09865866 29.424
 56 119.898767  32.162085     2.382     2.200 17 54186.09863311 26.843
 57 119.900594  32.153744     2.124     2.061 14 54221.09866812 24.309
 58 119.900162  32.154944     2.550     2.524 15 54256.09869106 26.294
 59 119.900926  32.150281     3.120     2.968 15 54291.09869402 31.544
 60 119.900736  32.151756     3.573     3.684 14 54326.09869126 28.636
 61 119.899033  32.162372     4.059     3.391 16 54361.09864107 24.242
 62 119.900921  32.148583     2.120     2.149 14 54396.09863194 28.394
 63 119.900251  32.157456     2.628     2.235 15 54431.09859219 23.516
 64 119.901801  32.146079     2.140     1.959 14 54466.09861294 28.712
 65 119.899932  32.154743     1.962     1.754 15 54501.09860585 28.031
 66 119.900960  32.151393     1.926     1.922 15 54536.09862693 28.593
 67 119.899735  32.159304     2.335     1.799 16 54571.09860701 26.007
 68 119.900526  32.153830     2.680     2.353 15 54606.09862019 25.702
 69 119.899005  32.154520     3.608     3.420 14 54641.09862979 30.485
 70 119.899876  32.157479     3.285     3.131 15 54676.09863114 26.799
 71 119.900171  32.157243     3.380     3.432 15 54711.09858670 26.525
 72 119.900229  32.152435     4.516     4.342 15 54746.09860018 30.099
 73 119.900489  32.153652     3.728     4.021 15 54781.09857279 25.727
 74 119.900961  32.150491     3.386     3.273 14 54816.09859330 24.540
 75 119.900228  32.156917     3.804     4.159 15 54851.09857013 23.755
 76 119.900164  32.155725     4.210     3.931 15 54886.09859676 26.579
 77 119.897439  32.165949     4.961     4.448 16 54921.09856952 22.952
 78 119.900807  32.154028     3.308     3.516 15 54956.09859210 24.759
 79 119.899052  32.158411     4.611     4.682 16 54991.09861501 28.165
 80 119.900293  32.155030     2.566     2.845 16 55026.09860662 27.351
 81 119.900394  32.154187     3.196     2.856 14 55061.09860000 24.192
 82 119.898409  32.164310     4.116     4.482 17 55096.09854860 25.975
 83 119.900453  32.153368     2.084     1.762 14 55131.09854322 24.176
 84 119.900562  32.155252     1.609     1.367 15 55166.09851227 26.050
 85 119.900377  32.153261     3.758     4.121 15 55201.09853500 22.450
 86 119.899251  32.161221     4.089     4.607 16 55236.09851775 27.374
 87 119.900027  32.153781     2.703     2.508 15 55271.09852929 26.854
 88 119.899479  32.160011     4.203     4.380 16 55306.09849880 26.986
 89 119.900724  32.152912     2.380     2.402 15 55341.09850005 26.512
 90 119.900372  32.156590     4.366     4.537 15 55376.09849243 25.770
 91 119.901254  32.149479     4.203     4.185 15 55411.09851617 25.302
 92 119.900792  32.155288     4.112     4.374 15 55446.09850805 23.913
 93 119.899035  32.161968     4.332     4.794 16 55481.09844011 25.055
