-209596.604    -0.016     0.00    0.00
-209222.086    -0.016     0.00    0.00
-208847.588    -0.016     0.00    0.00
-208473.112    -0.016     0.00    0.00
-208098.657    -0.016     0.00    0.00
-207724.223    -0.016     0.00    0.00
-207349.810    -0.016     0.00    0.00
-206975.419    -0.016     0.00    0.00
-206601.048    -0.016     0.00    0.00
-206226.698     0.007     0.06    0.26
-205852.369     0.115     0.29    0.50
-205478.061     0.180     0.17    1.02
-205103.775     0.219     0.10    1.11
-204729.509     0.207    -0.03    1.17
-204355.264     0.175    -0.08    1.19
-203981.041     0.180     0.01    0.81
-203606.838     0.101    -0.21    0.70
-203232.656     0.346     0.66    0.70
-202858.495     0.689     0.92    1.05
-202484.356     0.942     0.68    1.38
-202110.237     1.384     1.18    1.54
-201736.139     1.666     0.75    1.62
-201362.062     1.644    -0.06    1.46
-200988.006     1.770     0.34    1.65
-200613.971     1.851     0.22    1.58
-200239.957     1.916     0.17    1.44
-199865.964     2.118     0.54    1.38
-199491.992     1.940    -0.48    1.31
-199118.041     1.803    -0.37    1.32
-198744.111     1.550    -0.68    1.15
-198370.201     1.228    -0.86    0.92
-197996.313     1.340     0.30    1.00
-197622.445     1.304    -0.10    0.98
-197248.599     1.166    -0.37    0.90
-196874.773     1.332     0.44    0.92
-196500.968     1.267    -0.17    1.07
-196127.184     1.380     0.30    1.23
-195753.421     1.462     0.22    1.39
-195379.679     1.137    -0.87    1.32
-195005.958     1.030    -0.29    1.35
-194632.257     0.896    -0.36    1.28
-194258.578     0.857    -0.10    0.90
-193884.919     0.811    -0.12    0.97
-193511.281     0.941     0.35    1.19
-193137.664     1.121     0.48    1.19
-192764.068     1.193     0.19    1.22
-192390.493     1.158    -0.09    1.14
-192016.938     1.176     0.05    0.97
-191643.404     1.340     0.44    1.13
-191269.891     1.462     0.33    1.21
-190896.399     1.516     0.15    1.20
-190522.928     1.644     0.34    1.26
-190149.478     1.410    -0.63    1.14
-189776.048     1.332    -0.21    1.02
-189402.639     1.441     0.29    1.03
-189029.251     1.311    -0.35    0.97
-188655.884     1.346     0.10    1.07
-188282.537     1.407     0.16    1.16
-187909.211     1.413     0.02    1.19
-187535.906     1.484     0.19    1.13
-187162.622     1.348    -0.37    1.12
-186789.358     1.245    -0.28    1.22
-186416.116     1.053    -0.52    1.15
-186042.894     1.158     0.28    1.16
-185669.692     1.007    -0.41    1.12
-185296.512     1.030     0.06    1.24
-184921.761     1.007    -0.06    1.15
-184544.421     0.915    -0.25    0.86
-184167.102     0.940     0.07    0.82
-183789.804     0.873    -0.18    0.86
-183412.527     0.689    -0.49    0.88
-183035.272     0.516    -0.46    0.83
-182658.038     0.342    -0.46    0.69
-182280.825     0.311    -0.08    0.70
-181903.633     0.257    -0.14    0.59
-181526.462     0.207    -0.13    0.60
-181149.313     0.176    -0.08    0.65
-180772.184     0.115    -0.16    0.62
-180395.077     0.172     0.15    0.61
-180017.991     0.280     0.29    0.67
-179640.926     0.311     0.08    0.76
-179263.882     0.407     0.26    1.01
-178886.860     0.553     0.39    1.13
-178509.858     0.637     0.22    1.14
-178132.878     0.757     0.32    1.05
-177755.919     1.255     1.32    1.85
-177378.981     1.637     1.01    2.27
-177002.064     1.793     0.41    2.28
-176625.168     2.006     0.57    2.41
-176248.293     1.803    -0.54    2.31
-175871.439     1.118    -1.82    1.63
-175494.607     0.984    -0.35    1.04
-175117.795     1.115     0.35    1.11
-174741.005     1.096    -0.05    1.13
-174364.235     1.118     0.06    1.08
-173987.487     1.029    -0.24    0.93
-173610.760     1.101     0.19    1.05
-173234.054     0.984    -0.31    1.03
-172857.369     0.829    -0.41    0.95
-172480.705     0.780    -0.13    0.85
-172104.062     0.767    -0.03    0.84
-171727.440     0.724    -0.12    0.88
-171350.839     0.571    -0.40    0.80
-170974.259     0.543    -0.08    0.80
-170597.700     0.384    -0.42    0.69
-170221.162     0.296    -0.24    0.63
-169844.645     0.257    -0.10    0.62
-169468.149     0.267     0.03    0.62
-169091.674     0.462     0.52    1.02
-168715.220     0.571     0.29    1.11
-168338.787     0.398    -0.46    1.00
-167962.375     0.580     0.49    1.06
-167585.984     0.518    -0.17    0.87
-167209.614     0.394    -0.33    0.76
-166833.265     0.484     0.24    0.84
-166456.937     0.394    -0.24    0.79
-166080.630     0.495     0.27    0.80
-165704.344     0.615     0.32    0.80
-165328.079     0.593    -0.06    0.80
-164951.834     0.702     0.29    0.89
-164575.611     0.598    -0.28    0.81
-164199.408     0.734     0.36    0.92
-163823.227     0.794     0.16    0.92
-163447.066     0.658    -0.36    0.87
-163070.927     0.607    -0.14    0.78
-162694.808     0.584    -0.06    0.94
-162318.710     0.629     0.12    0.93
-161942.633     0.521    -0.29    0.95
-161566.577     0.416    -0.28    0.66
-161190.541     0.325    -0.24    0.61
-160814.527     0.398     0.19    0.72
-160438.534     0.506     0.29    0.81
-160062.561     0.615     0.29    0.90
-159686.609     0.495    -0.32    0.86
-159310.678     0.371    -0.33    0.75
-158934.768     0.354    -0.04    0.74
-158558.879     0.234    -0.32    0.58
-158183.011     0.362     0.34    0.68
-157807.163     0.354    -0.02    0.68
-157431.336     0.419     0.17    0.75
-157055.531     0.431     0.03    0.72
-156679.745     0.371    -0.16    0.69
-156303.981     0.538     0.44    0.88
-155928.238     0.484    -0.14    0.85
-155552.515     0.451    -0.09    0.84
-155176.813     0.376    -0.20    0.80
-154801.132     0.394     0.05    0.82
-154425.472     0.528     0.36    0.84
-154049.832     0.680     0.41    0.96
-153674.214     0.680     0.00    0.89
-153298.616     0.740     0.16    0.91
-152923.039     0.665    -0.20    0.86
-152547.482     0.762     0.26    1.00
-152171.946     0.887     0.33    1.04
-151796.432     0.873    -0.04    1.21
-151420.937     1.166     0.78    1.28
-151045.464     1.273     0.29    1.16
-150670.011     1.429     0.41    1.56
-150294.579     1.473     0.12    1.88
-149919.168     1.318    -0.41    2.15
-149543.777     1.056    -0.70    2.15
-149168.408     1.394     0.90    2.13
-148793.058     1.615     0.59    1.77
-148417.730     1.829     0.57    1.61
-148042.422     1.941     0.30    1.75
-147667.135     1.740    -0.54    1.54
-147291.869     1.789     0.13    1.42
-146916.623     1.667    -0.32    1.31
-146541.398     1.607    -0.16    1.21
-146166.194     1.273    -0.89    0.99
-145791.010     1.184    -0.24    0.94
-145415.847     0.942    -0.65    0.91
-145040.705     0.851    -0.24    0.94
-144665.583     0.665    -0.50    0.91
-144290.482     0.518    -0.39    0.89
-143915.401     0.484    -0.09    0.86
-143540.342     0.340    -0.39    0.77
-143165.302     0.325    -0.04    0.64
-142790.284     0.354     0.08    0.68
-142415.286     0.280    -0.20    0.59
-142040.308     0.297     0.05    0.75
-141665.352     0.245    -0.14    0.71
-141290.416     0.376     0.35    0.74
-140915.500     0.507     0.35    0.85
-140540.605     0.712     0.55    0.92
-140165.731     0.984     0.73    0.95
-139790.877     1.199     0.57    1.07
-139416.044     1.267     0.18    1.11
-139041.231     1.318     0.14    1.02
-138666.439     1.304    -0.04    1.00
-138291.667     1.207    -0.26    0.93
-137916.916     1.346     0.37    0.90
-137542.186     1.257    -0.24    0.95
-137167.476     1.365     0.29    0.91
-136792.787     1.384     0.05    0.99
-136418.118     1.403     0.05    1.01
-136043.469     1.473     0.19    1.06
-135668.842     1.207    -0.71    0.95
-135294.234     1.078    -0.34    0.92
-134919.648     1.140     0.17    0.98
-134545.081     0.937    -0.54    1.03
-134170.536     0.984     0.13    1.03
-133796.010     0.871    -0.30    0.97
-133421.505     0.940     0.18    1.09
-133047.021     1.224     0.76    1.37
-132672.557     1.234     0.03    1.45
-132298.114     1.332     0.26    1.40
-131923.691     1.461     0.34    1.49
-131549.289     1.518     0.15    1.12
-131174.907     1.682     0.44    1.24
-130800.545     2.229     1.46    1.55
-130426.204     2.593     0.97    1.56
-130051.883     2.484    -0.29    1.57
-129677.583     2.219    -0.71    1.58
-129303.303     1.848    -0.99    1.19
-128929.044     1.708    -0.37    1.31
-128554.805     1.507    -0.54    1.30
-128180.587     1.429    -0.21    1.24
-127806.388     1.229    -0.53    1.17
-127432.211     1.158    -0.19    1.00
-127058.053     1.282     0.33    1.12
-126683.917     1.121    -0.43    1.05
-126309.800     1.158     0.10    0.93
-125935.704     1.093    -0.17    1.02
-125561.628     1.007    -0.23    0.87
-125187.573     0.918    -0.24    0.89
-124813.538     0.962     0.12    0.82
-124439.523     1.158     0.53    0.90
-124065.529     1.121    -0.10    0.98
-123691.555     1.276     0.42    1.03
-123317.601     1.289     0.03    1.07
-122943.668     1.224    -0.17    1.04
-122569.755     1.303     0.21    1.09
-122195.862     1.371     0.18    1.10
-121821.990     1.607     0.63    1.11
-121448.138     1.723     0.31    1.04
-121074.307     1.854     0.35    1.09
-120700.495     1.780    -0.20    1.02
-120326.704     1.767    -0.03    1.03
-119952.934     1.851     0.22    1.06
-119579.183     1.896     0.12    1.12
-119205.453     1.916     0.06    1.13
-118831.743     2.008     0.25    1.02
-118458.054     1.871    -0.37    1.06
-118084.384     2.104     0.62    1.13
-117710.735     2.007    -0.26    1.12
-117337.106     2.118     0.30    1.06
-116963.498     2.166     0.13    1.08
-116589.910     2.029    -0.37    1.11
-116216.342     1.961    -0.18    1.02
-115842.794     1.825    -0.36    0.99
-115469.266     1.519    -0.82    1.03
-115095.759     1.496    -0.06    0.99
-114722.272     1.398    -0.26    0.93
-114348.805     1.280    -0.31    0.90
-113975.358     1.050    -0.62    0.85
-113601.932     1.007    -0.11    0.95
-113228.526     1.028     0.06    0.97
-112855.140     1.032     0.01    0.94
-112481.774     1.229     0.53    0.96
-112108.428     1.158    -0.19    1.00
-111735.103     1.093    -0.17    0.92
-111361.798     0.941    -0.41    0.89
-110988.513     1.115     0.47    0.98
-110615.248     1.071    -0.12    0.96
-110242.003     1.078     0.02    1.06
-109866.776     1.115     0.10    0.93
-109489.486     1.053    -0.17    0.95
-109112.217     1.234     0.48    0.94
-108734.969     1.267     0.09    1.00
-108357.741     1.394     0.34    1.09
-107980.534     1.296    -0.26    1.10
-107603.347     1.245    -0.13    1.08
-107226.181     1.093    -0.40    0.99
-106849.036     1.096     0.01    0.93
-106471.911     1.098     0.01    0.95
-106094.807     1.006    -0.24    0.88
-105717.723     1.075     0.18    0.91
-105340.660     0.898    -0.47    0.86
-104963.617     1.140     0.64    0.90
-104586.595     1.240     0.26    0.92
-104209.594     1.280     0.11    0.82
-103832.613     1.318     0.10    0.82
-103455.653     1.229    -0.24    0.86
-103078.713     1.171    -0.15    0.88
-102701.794     1.229     0.15    0.88
-102324.895     1.162    -0.18    0.91
-101948.017     1.101    -0.16    0.93
-101571.159     0.940    -0.43    0.82
-101194.322     0.984     0.12    0.94
-100817.505     0.848    -0.36    0.90
-100440.709     0.963     0.30    0.93
-100063.933     0.894    -0.18    0.91
 -99687.178     0.984     0.24    0.99
 -99310.443     1.054     0.19    0.91
 -98933.729     1.006    -0.13    0.93
 -98557.035     1.194     0.50    0.94
 -98180.362     1.162    -0.08    0.81
 -97803.709     1.267     0.28    0.83
 -97427.077     1.441     0.46    0.81
 -97050.465     1.562     0.32    0.97
 -96673.873     1.575     0.03    0.97
 -96297.302     1.623     0.13    0.97
 -95920.752     1.507    -0.31    0.93
 -95544.222     1.362    -0.38    0.91
 -95167.712     1.451     0.24    1.04
 -94791.223     1.416    -0.09    1.07
 -94414.754     1.463     0.12    1.05
 -94038.305     1.593     0.35    1.11
 -93661.877     1.745     0.40    1.06
 -93285.470     1.896     0.40    1.06
 -92909.082     1.871    -0.07    1.10
 -92532.715     1.873     0.01    0.98
 -92156.369     1.984     0.30    0.99
 -91780.043     2.093     0.29    0.92
 -91403.737     2.098     0.01    0.99
 -91027.452     1.939    -0.42    1.03
 -90651.187     1.873    -0.17    0.91
 -90274.942     1.780    -0.25    1.02
 -89898.718     2.212     1.15    1.12
 -89522.514     2.380     0.45    1.16
 -89146.330     2.384     0.01    1.14
 -88770.167     2.394     0.02    1.30
 -88394.024     2.212    -0.48    1.36
 -88017.901     2.202    -0.03    1.17
 -87641.799     2.692     1.30    1.21
 -87265.717     2.696     0.01    1.32
 -86889.655     2.473    -0.59    1.24
 -86513.614     2.251    -0.59    1.21
 -86137.593     2.028    -0.59    1.03
 -85761.592     2.050     0.06    1.04
 -85385.612     1.899    -0.40    0.93
 -85009.651     2.098     0.53    1.15
 -84633.711     1.832    -0.71    1.13
 -84257.792     1.553    -0.74    1.17
 -83881.892     1.384    -0.45    1.07
 -83506.013     1.354    -0.08    1.06
 -83130.155     1.289    -0.17    1.15
 -82754.316     1.431     0.38    1.12
 -82378.498     1.296    -0.36    1.10
 -82002.700     1.296     0.00    1.08
 -81626.922     1.575     0.74    1.06
 -81251.164     1.348    -0.60    1.06
 -80875.427     1.580     0.62    1.28
 -80499.710     1.825     0.65    1.35
 -80124.013     1.724    -0.27    1.31
 -79748.336     2.137     1.10    1.26
 -79372.679     1.919    -0.58    1.29
 -78997.043     1.871    -0.13    1.32
 -78621.427     2.147     0.74    1.29
 -78245.831     1.962    -0.49    1.29
 -77870.255     1.746    -0.57    1.14
 -77494.700     1.745    -0.00    1.04
 -77119.164     1.439    -0.82    0.93
 -76743.649     1.280    -0.42    1.02
 -76368.154     1.340     0.16    1.13
 -75992.679     1.473     0.35    1.10
 -75617.224     1.484     0.03    1.02
 -75241.790     1.437    -0.13    0.92
 -74866.375     1.651     0.57    1.00
 -74490.981     1.871     0.59    1.13
 -74115.607     1.718    -0.41    1.19
 -73740.253     1.829     0.30    1.21
 -73364.919     1.723    -0.28    1.08
 -72989.605     1.439    -0.76    0.87
 -72614.311     1.365    -0.20    0.85
 -72239.038     1.530     0.44    0.98
 -71863.784     1.637     0.28    0.95
 -71488.551     1.507    -0.34    0.98
 -71113.338     1.658     0.40    1.01
 -70738.145     1.752     0.25    1.00
 -70362.972     1.898     0.39    1.07
 -69987.819     2.124     0.60    1.25
 -69612.686     2.162     0.10    1.35
 -69237.573     2.115    -0.13    1.29
 -68862.480     2.137     0.06    1.35
 -68487.407     1.940    -0.52    1.00
 -68112.355     2.075     0.36    1.03
 -67737.322     2.240     0.44    1.21
 -67362.309     2.462     0.59    1.36
 -66987.317     2.562     0.27    1.34
 -66612.344     2.562     0.00    1.41
 -66237.392     2.362    -0.53    1.39
 -65862.459     2.158    -0.54    1.16
 -65487.547     1.780    -1.01    1.07
 -65112.654     1.896     0.31    1.08
 -64737.782     1.941     0.12    0.92
 -64362.929     1.712    -0.61    1.09
 -63988.097     1.673    -0.10    1.12
 -63613.285     1.462    -0.56    1.05
 -63238.492     1.158    -0.81    0.95
 -62863.720     1.144    -0.04    0.86
 -62488.967     1.202     0.16    0.87
 -62114.235     1.137    -0.17    0.89
 -61739.522     0.832    -0.81    0.89
 -61364.829     0.940     0.29    0.98
 -60990.157     0.818    -0.33    0.93
 -60615.504     1.006     0.50    1.04
 -60240.871     1.175     0.45    1.11
 -59866.258     1.267     0.25    1.09
 -59491.666     1.439     0.46    1.25
 -59117.093     1.644     0.55    1.27
 -58742.540     1.762     0.32    1.24
 -58368.006     1.705    -0.15    1.20
 -57993.493     1.689    -0.04    1.09
 -57619.000     1.675    -0.04    1.02
 -57244.527     1.562    -0.30    1.01
 -56870.073     1.607     0.12    1.05
 -56495.640     1.584    -0.06    1.01
 -56121.226     1.696     0.30    0.94
 -55746.832     1.699     0.01    0.94
 -55372.458     1.666    -0.09    0.96
 -54998.104     1.729     0.17    0.98
 -54623.770     1.629    -0.27    1.00
 -54249.456     1.394    -0.63    0.84
 -53875.161     1.484     0.24    0.93
 -53500.887     1.680     0.52    1.07
 -53126.632     2.008     0.88    1.12
 -52752.397     2.093     0.23    1.16
 -52378.182     2.318     0.60    1.24
 -52003.987     2.184    -0.36    1.25
 -51629.811     2.048    -0.36    1.24
 -51255.656     2.137     0.24    1.26
 -50881.520     2.118    -0.05    1.14
 -50507.404     1.962    -0.42    1.15
 -50133.308     2.180     0.58    1.45
 -49759.232     2.199     0.05    1.60
 -49385.175     2.118    -0.22    1.65
 -49011.138     1.644    -1.27    1.64
 -48637.121     1.121    -1.40    1.36
 -48263.124     0.873    -0.66    1.34
 -47889.147     0.416    -1.22    0.93
 -47515.189     0.367    -0.13    0.77
 -47141.251     0.371     0.01    0.58
 -46767.333     0.593     0.59    0.65
 -46393.435     0.740     0.39    0.88
 -46019.557     0.780     0.11    0.82
 -45645.698     0.807     0.07    0.86
 -45271.859     0.918     0.30    0.89
 -44898.039     0.793    -0.33    0.82
 -44524.240     0.916     0.33    0.79
 -44150.460     0.940     0.06    0.80
 -43776.700     1.075     0.36    0.83
 -43402.959     1.051    -0.06    0.84
 -43029.239     1.184     0.36    0.92
 -42655.538     1.348     0.44    0.97
 -42281.856     1.267    -0.22    0.96
 -41908.195     1.484     0.58    0.95
 -41534.553     1.718     0.62    1.25
 -41160.931     2.028     0.83    1.35
 -40787.328     2.407     1.01    1.22
 -40413.745     2.896     1.31    1.04
 -40040.182     3.080     0.49    1.05
 -39666.639     3.550     1.26    1.13
 -39293.115     4.078     1.41    1.36
 -38919.611     4.398     0.86    1.26
 -38546.126     4.745     0.93    1.29
 -38172.661     5.137     1.05    1.19
 -37799.216     5.273     0.37    1.10
 -37425.790     5.532     0.69    0.97
 -37052.384     5.584     0.14    0.99
 -36678.998     5.794     0.56    1.06
 -36305.631     5.919     0.34    1.14
 -35932.284     6.007     0.24    1.23
 -35558.957     6.118     0.30    1.46
 -35185.649     6.371     0.68    1.45
 -34809.948     6.450     0.21    1.64
 -34432.712     6.666     0.57    1.68
 -34055.496     6.709     0.11    1.55
 -33678.300     6.562    -0.39    1.73
 -33301.125     6.207    -0.94    1.65
 -32923.969     5.851    -0.94    1.69
 -32546.833     5.562    -0.77    1.48
 -32169.717     5.534    -0.07    1.38
 -31792.622     6.030     1.31    1.88
 -31415.546     6.380     0.93    2.23
 -31038.490     6.394     0.04    2.48
 -30661.455     6.429     0.09    2.47
 -30284.439     5.896    -1.41    2.10
 -29907.443     5.506    -1.03    1.89
 -29530.467     5.302    -0.54    1.82
 -29153.512     5.118    -0.49    1.77
 -28776.576     4.962    -0.41    1.59
 -28399.660     4.550    -1.09    1.47
 -28022.764     4.696     0.39    1.47
 -27645.888     4.212    -1.28    1.65
 -27269.032     4.006    -0.55    1.65
 -26892.196     3.962    -0.12    1.41
 -26515.380     3.940    -0.06    1.49
 -26138.584     4.273     0.88    1.47
 -25761.807     4.584     0.83    1.48
 -25385.051     4.245    -0.90    1.45
 -25008.315     4.325     0.21    1.43
 -24631.598     4.473     0.39    1.62
 -24254.902     4.757     0.75    1.55
 -23878.225     4.962     0.54    1.49
 -23501.568     5.473     1.36    1.60
 -23124.931     5.818     0.91    1.54
 -22748.314     5.832     0.04    1.56
 -22371.717     5.562    -0.72    1.41
 -21995.140     5.429    -0.35    1.50
 -21618.582     5.607     0.47    1.54
 -21242.045     5.604    -0.01    1.43
 -20865.527     5.348    -0.68    1.30
 -20489.029     5.424     0.20    1.14
 -20112.552     5.318    -0.28    1.33
 -19736.093     5.553     0.62    1.34
 -19359.655     5.621     0.18    1.37
 -18983.237     5.940     0.85    1.59
 -18606.838     6.033     0.25    1.75
 -18230.459     6.030    -0.01    1.79
 -17854.100     6.217     0.50    1.65
 -17477.761     6.053    -0.44    1.69
 -17101.442     6.166     0.30    1.50
 -16725.143     6.144    -0.06    1.40
 -16348.863     5.963    -0.48    1.20
 -15972.603     5.814    -0.40    1.20
 -15596.363     5.829     0.04    1.49
 -15220.142     6.140     0.83    1.74
 -14843.942     6.234     0.25    1.87
 -14467.761     6.550     0.84    2.12
 -14091.600     6.407    -0.38    1.94
 -13715.459     6.658     0.67    1.79
 -13339.337     6.865     0.55    1.82
 -12963.236     7.096     0.61    1.76
 -12587.154     6.825    -0.72    1.68
 -12211.092     6.121    -1.87    1.71
 -11835.049     5.318    -2.14    1.73
 -11459.026     4.416    -2.40    1.32
 -11083.023     4.093    -0.86    1.25
 -10707.040     3.916    -0.47    1.28
 -10331.076     3.829    -0.23    1.45
  -9955.133     3.784    -0.12    1.59
  -9579.208     3.757    -0.07    1.60
  -9203.304     3.724    -0.09    1.61
  -8827.419     3.734     0.03    1.57
  -8451.554     4.096     0.96    1.47
  -8075.709     4.506     1.09    1.66
  -7699.883     4.848     0.91    1.81
  -7324.077     4.718    -0.35    2.05
  -6948.291     4.461    -0.68    2.10
  -6572.524     4.398    -0.17    1.87
  -6196.777     4.273    -0.33    2.42
  -5821.050     4.162    -0.30    2.45
  -5445.342     4.212     0.13    2.44
  -5069.654     4.155    -0.15    1.58
  -4693.986     3.848    -0.82    1.56
  -4318.337     3.684    -0.44    1.74
  -3942.708     2.740    -2.51    1.98
  -3567.099     2.403    -0.90    2.10
  -3191.509     1.807    -1.59    1.97
  -2815.939     1.362    -1.18    1.85
  -2440.388     0.937    -1.13    1.65
  -2064.857     0.712    -0.60    1.53
  -1689.346     0.437    -0.73    1.25
  -1313.854     0.207    -0.61    0.74
   -938.382     0.098    -0.29    0.54
   -562.929    -0.016    -0.30    0.00
   -187.496    -0.016     0.00    0.00
    187.917    -0.016     0.00    0.00
    563.311    -0.016     0.00    0.00
    938.685    -0.016     0.00    0.00
   1314.040    -0.016     0.00    0.00
   1689.375     0.050     0.17    0.44
   2064.691     0.371     0.86    1.37
   2439.987     1.245     2.33    2.45
   2815.263     2.270     2.73    3.08
   3190.520     2.789     1.38    3.31
   3565.757     3.651     2.30    3.38
   3940.975     3.689     0.10    3.14
   4316.174     4.093     1.08    2.75
   4691.353     3.702    -1.04    2.60
   5066.512     3.789     0.23    2.46
   5441.652     3.939     0.40    2.27
   5816.772     4.137     0.53    2.47
   6191.873     4.371     0.62    2.43
   6566.954     4.184    -0.50    2.26
   6942.016     3.696    -1.30    2.13
   7317.058     3.724     0.07    1.90
   7692.081     3.784     0.16    1.78
   8067.084     3.757    -0.07    2.02
   8442.068     3.473    -0.76    2.34
   8817.033     2.575    -2.39    2.52
   9191.978     2.473    -0.27    2.60
   9566.903     2.251    -0.59    2.38
   9941.809     2.325     0.20    2.23
  10316.696     2.629     0.81    2.14
  10691.563     3.144     1.37    2.23
  11066.411     3.273     0.35    2.16
  11441.239     3.598     0.87    2.86
  11816.048     3.780     0.49    2.78
  12190.837     4.096     0.84    3.10
  12565.607     3.865    -0.61    2.95
  12940.358     4.463     1.59    2.91
  13315.089     5.053     1.57    2.89
  13689.801     4.963    -0.24    2.78
  14064.493     5.518     1.48    2.97
  14439.166     5.918     1.07    2.73
  14813.820     5.962     0.12    2.78
  15188.454     5.741    -0.59    2.31
  15563.069     5.311    -1.15    2.14
  15937.665     5.575     0.71    2.35
  16312.241     6.296     1.92    2.65
  16686.797     7.030     1.96    2.95
  17061.335     7.940     2.43    2.92
  17435.853     9.280     3.58    2.58
  17810.352     9.059    -0.59    2.58
  18184.831     8.918    -0.38    2.36
  18559.291     8.101    -2.18    2.36
  18933.732     7.629    -1.26    2.32
  19308.153     6.673    -2.55    2.04
  19682.555     6.426    -0.66    2.10
  20056.938     6.962     1.43    2.13
  20431.301     7.104     0.38    1.94
  20805.645     6.825    -0.74    1.82
  21179.970     6.426    -1.07    1.91
  21554.275     6.318    -0.29    1.78
  21928.562     6.162    -0.42    1.45
  22302.828     6.124    -0.10    1.49
  22677.076     6.051    -0.19    1.50
  23051.304     5.984    -0.18    1.69
  23425.513     5.803    -0.49    1.81
  23799.703     5.752    -0.14    1.54
  24173.874     5.962     0.56    1.62
  24548.025     6.348     1.03    1.67
  24922.157     6.916     1.52    1.61
  25296.270     7.051     0.36    1.53
  25670.363     7.109     0.16    1.49
  26044.437     6.894    -0.58    1.83
  26418.492     6.589    -0.81    1.68
  26792.528     6.729     0.37    1.72
  27166.545     6.473    -0.68    1.83
  27540.542     6.644     0.46    1.96
  27914.520     6.941     0.80    2.17
  28288.479     6.770    -0.46    2.16
  28662.419     6.784     0.04    2.15
  29036.339     6.403    -1.02    1.95
  29410.241     6.144    -0.69    1.58
  29784.123     6.251     0.29    1.72
  30157.986     6.245    -0.02    1.63
  30531.829     6.540     0.79    1.90
  30905.654     6.056    -1.30    1.77
  31279.459     6.202     0.39    1.81
  31653.245     6.078    -0.33    1.92
  32027.012     5.873    -0.55    1.61
  32400.760     5.807    -0.18    1.67
  32774.489     5.898     0.24    1.87
  33148.199     6.007     0.29    1.83
  33521.889     5.803    -0.55    1.66
  33895.560     5.876     0.20    1.79
  34269.212     6.734     2.30    2.19
  34642.845     6.851     0.31    2.31
  35016.459     7.121     0.72    2.16
  35390.054     6.780    -0.91    2.31
  35763.630     6.407    -1.00    2.04
  36137.186     6.280    -0.34    2.05
  36510.724     6.384     0.28    1.90
  36884.242     6.296    -0.24    1.76
  37257.741     6.051    -0.65    1.68
  37631.222     5.962    -0.24    1.56
  38004.683     6.257     0.79    1.72
  38378.125     6.296     0.10    1.76
  38751.548     6.280    -0.04    1.56
  39124.951     6.296     0.04    1.83
  39498.336     6.050    -0.66    1.60
  39871.702     5.851    -0.53    1.59
  40247.874     5.784    -0.18    1.70
  40625.065     5.575    -0.55    1.62
  41002.237     5.516    -0.16    1.67
  41379.389     5.553     0.10    1.84
  41756.522     5.666     0.30    1.74
  42133.635     5.637    -0.08    1.74
  42510.728     5.940     0.80    1.76
  42887.803     5.873    -0.18    1.56
  43264.858     5.984     0.29    1.59
  43641.893     5.984     0.00    1.53
  44018.909     6.008     0.06    1.90
  44395.905     6.184     0.47    2.10
  44772.882     6.348     0.43    2.00
  45149.840     5.961    -1.03    1.74
  45526.778     5.825    -0.36    1.74
  45903.697     5.634    -0.51    1.73
  46280.597     5.740     0.28    1.48
  46657.477     5.984     0.65    1.59
  47034.338     5.712    -0.72    2.05
  47411.179     6.184     1.25    2.29
  47788.001     6.277     0.25    2.44
  48164.803     6.189    -0.23    2.55
  48541.586     6.472     0.75    2.04
  48918.350     6.484     0.03    2.02
  49295.095     6.030    -1.21    1.98
  49671.820     5.598    -1.15    1.94
  50048.525     5.784     0.49    1.84
  50425.212     5.809     0.07    1.77
  50801.879     5.644    -0.44    1.63
  51178.526     5.607    -0.10    1.90
  51555.155     5.598    -0.02    2.08
  51931.764     5.496    -0.27    2.05
  52308.354     5.371    -0.33    2.01
  52684.924     5.071    -0.80    2.11
  53061.475     4.865    -0.55    1.76
  53438.007     5.007     0.38    1.70
  53814.519     5.394     1.03    1.63
  54191.012     5.506     0.30    1.63
  54567.486     5.562     0.15    1.63
  54943.941     5.530    -0.09    1.82
  55320.376     5.407    -0.33    1.80
  55696.792     5.530     0.33    1.62
  56073.189     5.496    -0.09    1.70
  56449.566     5.562     0.18    1.56
  56825.925     5.362    -0.53    1.50
  57202.263     5.229    -0.35    1.54
  57578.583     4.984    -0.65    1.51
  57954.884     4.673    -0.83    1.44
  58331.165     4.607    -0.18    1.95
  58707.427     4.147    -1.22    2.17
  59083.669     3.637    -1.36    2.41
  59459.893     3.342    -0.78    2.38
  59836.097     3.629     0.76    2.11
  60212.282     4.180     1.47    1.95
  60588.448     5.118     2.49    1.42
  60964.595     5.473     0.95    1.41
  61340.722     5.913     1.17    1.50
  61716.830     5.718    -0.52    1.70
  62092.919     5.437    -0.75    1.90
  62468.989     5.180    -0.68    1.64
  62845.040     4.666    -1.37    1.67
  63221.071     4.507    -0.42    1.58
  63597.083     4.348    -0.42    1.31
  63973.077     3.984    -0.97    1.36
  64349.051     4.189     0.54    1.27
  64725.005     4.426     0.63    1.52
  65100.941     4.762     0.89    1.82
  65476.857     5.184     1.12    1.80
  65852.755     5.450     0.71    1.96
  66228.633     5.507     0.15    1.99
  66604.492     5.009    -1.33    1.96
  66980.332     5.234     0.60    1.89
  67356.153     5.553     0.85    1.80
  67731.954     5.696     0.38    1.79
  68107.737     5.740     0.12    1.63
  68483.500     5.413    -0.87    1.77
  68859.244     5.212    -0.54    1.85
  69234.970     5.424     0.56    2.05
  69610.676     6.053     1.67    2.12
  69986.363     6.651     1.59    2.04
  70362.031     6.803     0.40    1.92
  70737.679     7.071     0.72    1.82
  71113.309     6.889    -0.49    1.66
  71488.920     6.940     0.14    1.73
  71864.511     6.636    -0.81    1.82
  72240.084     6.303    -0.89    2.03
  72615.637     5.873    -1.14    2.52
  72991.172     5.876     0.01    2.44
  73366.687     5.518    -0.95    2.38
  73742.184     5.651     0.36    2.28
  74117.661     5.518    -0.36    2.00
  74493.119     5.496    -0.06    1.87
  74868.558     6.098     1.60    2.50
  75243.978     6.121     0.06    2.72
  75619.380     6.289     0.45    2.81
  75994.762     7.007     1.91    3.69
  76370.125     6.825    -0.48    3.44
  76745.469     6.896     0.19    3.30
  77120.794     6.318    -1.54    3.18
  77496.100     5.257    -2.83    1.95
  77871.387     4.962    -0.79    1.91
  78246.655     4.916    -0.12    2.11
  78621.905     4.696    -0.59    2.10
  78997.135     4.984     0.77    2.35
  79372.346     4.916    -0.18    1.87
  79747.538     5.073     0.42    1.84
  80122.711     4.891    -0.48    1.81
  80497.866     4.419    -1.26    1.93
  80873.001     4.303    -0.31    2.00
  81248.117     4.429     0.34    1.87
  81623.215     4.463     0.09    2.17
  81998.293     4.740     0.74    3.00
  82373.353     4.962     0.59    3.96
  82748.394     4.729    -0.62    4.27
  83123.415     4.680    -0.13    3.93
  83498.418     4.775     0.25    3.62
  83873.402     4.651    -0.33    3.15
  84248.367     4.696     0.12    3.13
  84623.313     3.962    -1.96    3.22
  84998.240     3.340    -1.66    2.78
  85373.148     2.770    -1.52    2.49
  85748.038     3.093     0.86    2.41
  86122.908     3.937     2.25    1.64
  86497.760     4.207     0.72    1.59
  86872.592     4.644     1.17    1.57
  87247.406     4.807     0.44    1.80
  87622.201     4.507    -0.80    2.36
  87996.977     4.180    -0.87    2.37
  88371.734     4.325     0.39    2.37
  88746.473     4.723     1.06    2.42
  89121.192     5.184     1.23    1.71
  89495.893     5.030    -0.41    1.76
  89870.575     5.007    -0.06    2.27
  90245.238     5.553     1.46    2.52
  90619.882     5.784     0.62    2.78
  90994.507     5.962     0.47    2.72
  91369.114     5.984     0.06    2.06
  91743.701     5.740    -0.65    2.15
  92118.270     5.784     0.12    2.03
  92492.820     5.729    -0.15    2.08
  92867.352     6.007     0.74    2.14
  93241.864     7.887     5.02    6.53
  93616.358     9.734     4.93    8.43
  93990.833    12.217     6.63    9.45
  94365.289    20.384    21.81   20.17
  94739.726    41.762    57.09   41.78
  95114.145    72.868    83.07   59.16
  95488.544   111.030   101.92   59.73
  95862.925   131.909    55.77   58.91
  96237.288   160.394    76.08   70.95
  96611.631   165.403    13.38   67.30
  96985.956   148.962   -43.92   73.26
  97360.262   120.416   -76.26   84.66
  97734.549    72.566  -127.83   61.80
  98108.818    45.607   -72.03   29.27
  98483.067    36.384   -24.64   27.02
  98857.298    29.121   -19.41   26.18
  99231.511    20.124   -24.04   24.21
  99605.704    10.184   -26.56    8.16
  99979.879    14.007    10.22   13.29
 100354.035    17.868    10.32   13.45
 100728.173    22.918    13.50   12.20
 101102.292    24.884     5.26   10.78
 101476.392    21.598    -8.78   11.03
 101850.473    17.234   -11.66    8.04
 102224.536    14.473    -7.38    5.20
 102598.580    12.340    -5.70    4.50
 102972.605    11.325    -2.71    4.71
 103346.612     9.811    -4.05    2.45
 103720.600    10.350     1.44    2.67
 104094.569    12.607     6.03    4.15
 104468.520    18.666    16.20   10.51
 104842.452    24.270    14.98   13.36
 105216.365    33.234    23.97   18.71
 105590.260    36.807     9.55   19.36
 105964.136    37.441     1.70   18.64
 106337.994    42.936    14.70   21.85
 106711.832    54.740    31.57   25.28
 107085.653    60.775    16.14   20.25
 107459.454    63.566     7.46   17.14
 107833.237    61.029    -6.79   12.00
 108207.001    61.829     2.14    7.75
 108580.747    69.429    20.33    9.79
 108954.474    77.104    20.53   10.35
 109328.183    87.207    27.03   13.56
 109701.873   103.124    42.59   22.37
 110075.544   124.629    57.54   43.91
 110449.197   156.518    85.34   59.32
 110822.831   185.984    78.86   60.85
 111196.447   208.325    59.79   55.09
 111570.044   241.437    88.62   57.42
 111943.622   266.096    66.00   60.51
 112317.182   279.984    37.18   52.80
 112690.724   269.229   -28.79   60.35
 113064.246   220.251  -131.11   66.77
 113437.751   204.767   -41.45   62.44
 113811.237   206.257     3.99   64.72
 114184.704   217.257    29.45   73.68
 114558.152   240.550    62.36   81.26
 114931.583   267.403    71.90   89.40
 115308.226   288.629    56.35   90.28
 115685.366   307.451    49.90   76.98
 116062.486   295.071   -32.82   68.89
 116439.588   274.829   -53.67   69.25
 116816.671   250.762   -63.82   54.05
 117193.734   267.273    43.78   67.31
 117570.779   282.807    41.19   67.57
 117947.805   286.054     8.61   66.26
 118324.812   259.829   -69.55   69.97
 118701.801   211.962  -126.96   49.54
 119078.770   172.362  -105.04   38.71
 119455.721   148.584   -63.07   37.89
 119832.652   126.257   -59.23   27.87
 120209.565   112.121   -37.50   10.13
 120586.459   106.913   -13.82    8.36
 120963.334   114.071    18.99   24.81
 121340.190   114.607     1.42   26.79
 121717.028   108.984   -14.92   21.26
 122093.846   106.556    -6.44   18.20
 122470.646   103.217    -8.86   12.64
 122847.427   102.053    -3.09   14.33
 123224.189   105.384     8.84   17.73
 123600.932   101.940    -9.14   13.14
 123977.657   104.144     5.85   11.64
 124354.362   102.871    -3.38   10.21
 124731.049   100.894    -5.25   10.87
 125107.717   100.180    -1.90   11.19
 125484.367   104.212    10.70   24.17
 125860.997   106.127     5.09   28.28
 126237.609   105.940    -0.50   29.76
 126614.202   101.096   -12.86   20.83
 126990.776    96.612   -11.90   18.58
 127367.331    97.757     3.04   22.53
 127743.868    92.434   -14.13   16.37
 128120.386    89.371    -8.14   15.98
 128496.885    84.780   -12.19   13.40
 128873.365    83.212    -4.16   11.09
 129249.827    83.118    -0.25   15.62
 129626.270    79.818    -8.77   14.15
 130002.694    75.939   -10.30   14.44
 130379.099    72.643    -8.76   14.25
 130755.486    69.757    -7.67   13.82
 131131.854    68.598    -3.08   14.11
 131508.203    64.348   -11.29   10.02
 131884.533    59.528   -12.81    9.32
 132260.845    56.302    -8.57    7.75
 132637.138    57.051     1.99    9.77
 133013.413    60.621     9.49   12.97
 133389.668    63.636     8.01   13.97
 133765.905    64.734     2.92   12.76
 134142.124    64.553    -0.48   14.87
 134518.323    61.071    -9.25   15.96
 134894.504    58.056    -8.02   19.51
 135270.667    60.118     5.48   27.90
 135646.810    59.212    -2.41   29.16
 136022.935    60.984     4.71   34.99
 136399.042    60.384    -1.60   37.74
 136775.129    60.757     0.99   40.37
 137151.198    50.829   -26.40   32.63
 137527.249    41.780   -24.06   20.30
 137903.280    35.296   -17.24   11.23
 138279.294    31.053   -11.28    6.46
 138655.288    30.273    -2.07    6.64
 139031.264    30.518     0.65    8.07
 139407.221    32.984     6.56    9.56
 139783.160    37.318    11.53   11.27
 140159.080    42.144    12.84   12.50
 140534.981    46.450    11.45   12.36
 140910.864    51.962    14.66   10.28
 141286.728    53.008     2.78    7.96
 141662.574    54.075     2.84    5.45
 142038.401    53.919    -0.42    4.62
 142414.209    53.712    -0.55    3.98
 142789.999    53.696    -0.04    3.73
 143165.770    52.798    -2.39    4.62
 143541.523    52.484    -0.84    5.47
 143917.257    52.699     0.57    5.84
 144292.973    54.848     5.72    5.46
 144668.670    56.562     4.56    4.05
 145044.349    56.031    -1.41    4.08
 145420.009    54.518    -4.03    4.58
 145795.650    52.770    -4.65    5.12
 146171.273    50.115    -7.07    4.81
 146546.877    47.627    -6.62    4.32
 146922.463    47.784     0.42    4.47
 147298.030    49.659     4.99    4.81
 147673.579    51.723     5.49    4.93
 148049.110    53.166     3.84    3.65
 148424.621    52.084    -2.88    5.36
 148800.115    49.340    -7.31    5.58
 149175.589    47.031    -6.15    4.40
 149551.046    47.212     0.48    3.63
 149926.484    49.666     6.54    4.10
 150301.903    52.184     6.71    3.92
 150677.304    55.303     8.31    4.61
 151052.686    58.334     8.08    4.49
 151428.050    61.873     9.43    5.66
 151803.395    66.101    11.26    6.58
 152178.722    69.734     9.68    6.56
 152554.031    74.473    12.62    7.09
 152929.321    78.375    10.39    6.69
 153304.593    83.212    12.89    7.10
 153679.846    89.155    15.84    9.02
 154055.080    96.075    18.44   11.35
 154430.297   105.825    25.98   14.33
 154805.495   114.845    24.04   15.08
 155180.674   126.429    30.87   16.08
 155555.835   139.909    35.93   17.86
 155930.978   153.098    35.15   24.85
 156306.102   177.106    63.99   48.32
 156681.208   212.507    94.36   67.50
 157056.295   249.144    97.66   71.61
 157431.364   288.519   104.97   81.84
 157806.415   329.530   109.33  100.24
 158181.447   351.334    58.13   91.74
 158556.461   341.348   -26.63   96.95
 158931.456   339.180    -5.78   97.37
 159306.433   320.562   -49.64   99.18
 159681.392   273.257  -126.14   89.99
 160056.333   243.682   -78.87   87.74
 160431.255   212.416   -83.38   71.81
 160806.158   209.259    -8.42   72.78
 161181.044   215.257    16.00   78.86
 161555.910   211.752    -9.35   72.93
 161930.759   192.257   -52.00   51.64
 162305.589   177.371   -39.71   39.23
 162680.401   168.984   -22.37   36.28
 163055.195   167.257    -4.61   28.47
 163429.970   183.009    42.02   51.97
 163804.727   216.507    89.37   82.99
 164179.466   250.829    91.57   92.47
 164554.186   262.394    30.86   89.96
 164928.888   259.318    -8.21   79.15
 165303.572   257.032    -6.10   65.04
 165678.237   278.873    58.29   75.03
 166052.885   286.556    20.50   71.80
 166427.513   285.829    -1.94   68.44
 166802.124   269.507   -43.56   51.95
 167176.716   269.621     0.30   41.50
 167551.290   279.462    26.27   40.50
 167925.846   289.699    27.33   39.56
 168300.384   263.162   -70.84   57.71
 168674.903   219.054  -117.75   55.71
 169049.404   193.984   -66.93   39.07
 169423.887   196.712     7.28   60.54
 169798.351   240.028   115.66  103.71
 170172.798   298.825   157.00  107.19
 170547.226   345.437   124.47   87.17
 170921.635   338.673   -18.06   72.54
 171296.027   312.612   -69.60   80.28
 171670.400   275.896   -98.06   78.29
 172044.755   236.325  -105.69   53.50
 172419.092   211.528   -66.23   46.39
 172793.411   199.553   -31.99   42.60
 173167.712   183.723   -42.29   41.07
 173541.994   158.673   -66.92   35.81
 173916.258   147.473   -29.92   33.32
 174290.504   138.029   -25.23   39.12
 174664.732   129.689   -22.28   46.18
 175038.941   114.441   -40.74   45.55
 175413.133   105.348   -24.30   38.65
 175787.306   103.287    -5.51   44.11
 176161.461   117.310    37.47   56.48
 176535.598   116.194    -2.98   52.49
 176909.716   115.118    -2.88   44.59
 177283.817   125.762    28.45   47.15
 177657.899   140.898    40.45   64.28
 178031.964   157.075    43.24   61.57
 178406.010   164.845    20.77   57.99
 178780.038   172.162    19.56   56.76
 179154.048   205.171    88.24   79.01
 179528.039   238.362    88.74   81.01
 179902.013   246.030    20.50   60.98
 180275.968   229.180   -45.05   62.93
 180649.906   198.098   -83.11   59.70
 181023.825   160.416  -100.76   25.56
 181397.726   145.784   -39.13   18.79
 181771.609   139.612   -16.51   16.39
 182145.474   136.140    -9.29   14.93
 182519.321   132.416    -9.96   15.61
 182893.150   134.251     4.91   15.92
 183266.961   141.429    19.20   25.23
 183640.753   154.712    35.53   29.10
 184014.528   166.518    31.58   26.52
 184388.284   169.217     7.22   28.13
 184762.023   161.740   -20.00   26.87
 185135.743   152.121   -25.73   23.85
 185509.445   146.762   -14.34   26.29
 185883.130   138.562   -21.94   28.87
 186256.796   128.757   -26.24   24.72
 186630.444   121.340   -19.85   17.23
 187004.074   121.644     0.81   16.50
 187377.686   121.518    -0.34   17.04
 187751.280   124.303     7.45   18.04
 188124.856   130.207    15.80   19.90
 188498.414   137.144    18.57   23.09
 188871.954   151.598    38.69   20.69
 189245.476   162.189    28.35   20.87
 189618.980   163.371     3.16   20.46
 189992.466   170.371    18.74   21.18
 190369.574   193.212    60.56   47.04
 190746.667   223.644    80.69   75.33
 191123.741   266.257   112.99  104.06
 191500.797   323.419   151.58  124.60
 191877.834   373.166   131.92  137.60
 192254.854   431.984   155.98  151.30
 192631.854   489.589   152.77  160.85
 193008.837   526.629    98.24  168.02
 193385.801   557.264    81.25  160.72
 193762.747   568.689    30.31  123.94
 194139.674   625.575   150.90  129.58
 194516.583   691.553   175.02  136.04
 194893.474   780.162   235.07  120.58
 195270.347   832.604   139.12  117.20
 195647.201   845.724    34.81  148.17
 196024.037   872.984    72.33  151.31
 196400.854   892.280    51.20  126.02
 196777.653   904.556    32.57   95.27
 197154.434   919.056    38.48   93.49
 197531.197   923.780    12.54   81.47
 197907.942   903.936   -52.66   83.63
 198284.668   847.462  -149.88  121.78
 198661.376   773.121  -197.31  122.66
 199038.065   697.008  -202.02  135.18
 199414.737   624.121  -193.47  155.30
 199791.390   595.284   -76.55  143.42
 200168.025   590.212   -13.47  106.56
 200544.641   648.682   155.22  123.00
 200921.240   727.234   208.55  136.09
 201297.820   801.939   198.34  129.37
 201674.382   868.643   177.11  145.35
 202050.925   939.212   187.38  138.26
 202427.451  1007.399   181.06  134.57
 202803.958  1094.940   232.47  148.57
 203180.447  1178.689   222.41  134.13
 203556.918  1250.078   189.59  132.48
 203933.370  1271.140    55.94  122.15
 204309.804  1263.384   -20.60  119.45
 204686.221  1251.189   -32.39  120.00
 205062.619  1245.859   -14.16  109.45
 205438.998  1240.429   -14.43  104.38
 205815.360  1228.439   -31.85  116.03
 206191.703  1184.194  -117.54  136.20
 206568.029  1145.553  -102.66  132.22
 206944.336  1109.936   -94.63  131.83
 207320.625  1087.144   -60.56  114.04
 207696.895  1032.519  -145.15  119.52
 208073.148   973.325  -157.30  127.51
 208449.382   920.507  -140.36  123.70
 208825.599   848.570  -191.18  121.68
 209201.797   793.144  -147.31  118.03
 209577.977   735.497  -153.21  104.26
 209954.139   660.961  -198.11  117.35
 210330.282   562.507  -261.70  115.92
 210706.408   502.734  -158.89  106.66
 211082.515   435.811  -177.90  106.48
 211458.605   391.936  -116.64  101.72
 211834.676   344.318  -126.60   79.16
 212210.729   310.257   -90.56   50.32
 212586.764   297.246   -34.59   39.44
 212962.781   291.212   -16.05   41.15
 213338.780   285.496   -15.20   45.10
 213714.761   266.289   -51.08   47.02
 214090.723   248.127   -48.30   49.16
 214466.668   237.916   -27.16   45.99
 214842.594   226.636   -30.00   42.58
 215218.503   219.940   -17.81   37.67
 215594.393   212.144   -20.74   28.06
 215970.266   221.008    23.58   39.14
 216346.120   253.915    87.53   69.07
 216721.956   287.287    88.78   82.48
 217097.774   306.829    51.99   82.97
 217473.574   298.121   -23.17   89.69
 217849.356   258.158  -106.32   80.92
 218225.120   209.962  -128.24   51.25
 218600.866   171.916  -101.23   37.77
 218976.594   154.325   -46.81   24.76
 219352.304   148.394   -15.79   18.80
 219727.996   150.394     5.32   21.93
 220103.670   179.007    76.15   48.58
 220479.326   208.712    79.06   53.08
 220854.964   233.121    64.97   59.96
 221230.584   249.053    42.41   57.27
 221606.186   232.371   -44.40   60.84
 221981.770   217.530   -39.51   50.35
 222357.336   216.589    -2.50   49.24
 222732.884   201.403   -40.43   49.36
 223108.414   197.144   -11.34   49.03
 223483.926   196.098    -2.78   55.34
 223859.420   191.871   -11.26   54.99
 224234.896   196.530    12.41   69.64
 224610.354   192.362   -11.10   72.39
 224985.794   180.519   -31.54   67.53
 225361.216   162.803   -47.18   61.21
 225736.620   128.419   -91.57   22.94
 226112.007   115.189   -35.24   23.38
 226487.375   115.780     1.57   34.23
 226862.725   129.240    35.85   50.04
 227238.058   160.540    83.38   63.36
 227613.373   185.794    67.27   58.78
 227988.669   203.666    47.61   53.61
 228363.948   236.496    87.46   72.33
 228739.209   250.348    36.91   66.34
 229114.452   260.394    26.77   52.62
 229489.677   253.938   -17.20   48.97
 229864.884   237.473   -43.87   50.19
 230240.073   231.127   -16.91   54.84
 230615.245   231.144     0.04   62.46
 230990.398   235.575    11.81   69.45
 231365.534   234.705    -2.32   60.95
 231740.651   234.712     0.02   53.81
 232115.751   217.746   -45.22   50.90
 232490.833   207.593   -27.06   40.52
 232865.897   201.078   -17.37   34.02
 233240.944   200.166    -2.43   33.58
 233615.972   199.723    -1.18   34.80
 233990.983   193.729   -15.98   34.72
 234365.975   195.825     5.59   36.86
 234740.950   195.399    -1.14   36.38
 235115.907   220.184    66.09   44.73
 235490.847   259.325   104.37   82.40
 235865.768   314.644   147.52  109.04
 236240.672   406.294   244.41  125.26
 236615.557   458.350   138.83  112.04
 236990.425   484.144    68.79   86.56
 237365.275   461.709   -59.84   96.67
 237740.108   410.473  -136.66  101.04
 238114.922   347.303  -168.50   89.42
 238489.719   287.729  -158.92   89.95
 238864.498   229.598  -155.07   87.98
 239239.259   189.609  -106.68   69.69
 239614.002   194.007    11.73   83.70
 239988.728   213.058    50.83   96.57
 240363.436   226.264    35.24   95.07
 240738.126   257.439    83.19  103.95
 241112.798   292.543    93.67  110.82
 241487.453   311.257    49.94  116.41
 241862.090   306.643   -12.31  105.27
 242236.709   275.984   -81.82   91.05
 242611.310   240.937   -93.54   64.25
 242985.893   262.666    58.00   90.01
 243360.459   320.916   155.48  118.04
 243735.007   387.612   178.03  110.08
 244109.538   460.166   193.68   86.95
 244484.050   498.497   102.33   78.01
 244858.545   501.757     8.70   89.92
 245233.022   478.270   -62.71  109.50
 245607.482   467.121   -29.77   97.58
 245981.924   481.280    37.81   99.16
 246356.348   505.590    64.91  105.58
 246730.754   538.138    86.91   94.40
