-334001.812   144.411     0.00   26.97
-333626.358   153.561    24.36   30.41
-333250.890   171.485    47.72   37.55
-332875.405   191.689    53.79   34.55
-332499.906   214.043    59.52   39.41
-332124.390   236.345    59.37   43.17
-331748.859   247.403    29.44   38.91
-331373.313   265.450    48.04   32.97
-330997.751   269.229    10.06   32.47
-330622.174   290.546    56.74   38.87
-330246.581   318.102    73.35   46.77
-329870.972   337.229    50.91   41.17
-329495.348   338.658     3.80   47.65
-329119.709   339.950     3.44   56.57
-328744.054   340.379     1.14   58.68
-328368.383   346.379    15.97   61.28
-327992.697   354.689    22.11   55.91
-327616.995   375.777    56.11   64.17
-327241.278   401.741    69.09   67.48
-326865.545   413.634    31.65   62.14
-326489.796   405.020   -22.92   56.78
-326114.032   380.308   -65.75   60.32
-325738.253   328.677  -137.36   59.89
-325362.458   296.563   -85.43   66.77
-324986.647   278.585   -47.82   58.86
-324610.820   273.927   -12.39   43.08
-324234.978   293.694    52.58   43.70
-323859.121   324.808    82.76   62.09
-323483.248   347.745    61.01   75.80
-323107.359   367.542    52.65   74.02
-322731.455   367.677     0.36   67.68
-322355.535   356.141   -30.68   63.03
-321979.599   334.531   -57.47   64.09
-321603.648   305.438   -77.36   65.11
-321227.681   266.585  -103.32   57.95
-320851.699   244.586   -58.49   60.89
-320475.700   205.802  -103.12   56.87
-320099.687   173.498   -85.89   55.84
-319723.657   141.808   -84.25   47.92
-319347.612   113.219   -76.00   26.14
-318971.552    97.722   -41.20   18.65
-318595.475    84.773   -34.42   10.52
-318219.383    77.206   -20.11    7.88
-317843.276    70.113   -18.85    6.91
-317467.153    64.927   -13.78    5.44
-317091.014    60.313   -12.26    4.44
-316714.859    57.085    -8.58    2.99
-316338.689    55.336    -4.65    2.49
-315962.503    54.536    -2.12    1.96
-315586.301    55.601     2.83    4.02
-315210.084    57.450     4.91    5.19
-314833.851    60.132     7.12    6.00
-314457.602    62.836     7.18    7.45
-314081.338    65.157     6.17    9.06
-313705.058    67.617     6.54    9.65
-313328.762    72.336    12.54   12.88
-312952.450    74.950     6.95   13.22
-312576.123    78.358     9.05   14.25
-312199.780    77.848    -1.36   11.27
-311823.421    81.404     9.45   11.16
-311447.047    86.996    14.85   13.05
-311070.657    92.586    14.85   13.28
-310694.251   100.677    21.49   14.08
-310317.830   106.850    16.40   16.02
-309941.392   114.836    21.21   16.64
-309564.939   125.202    27.53   14.64
-309188.470   135.449    27.21   15.29
-308811.986   143.555    21.52   15.07
-308435.486   151.234    20.39   16.46
-308058.969   171.268    53.19   34.70
-307682.438   205.055    89.71   52.27
-307305.890   249.165   117.11   68.71
-306929.327   286.229    98.40   61.55
-306552.748   331.531   120.27   75.85
-306176.153   362.427    82.02   74.38
-305799.542   362.690     0.70   76.09
-305422.915   342.631   -53.25   81.10
-305046.273   326.578   -42.61   75.99
-304669.615   361.787    93.45  102.33
-304292.941   424.322   165.98   96.89
-303916.252   441.901    46.66   85.35
-303539.546   391.268  -134.38  103.76
-303162.825   323.302  -180.37   84.67
-302786.088   284.206  -103.75   79.20
-302409.335   284.927     1.91   76.21
-302032.566   312.877    74.16   78.25
-301655.782   337.336    64.90   67.10
-301278.981   364.348    71.67   64.20
-300902.165   360.063   -11.37   69.05
-300525.333   322.648   -99.26   79.01
-300148.485   271.043  -136.90   97.61
-299771.622   196.495  -197.76   72.53
-299394.742   161.516   -92.79   45.73
-299017.847   148.813   -33.70   30.63
-298640.935   156.485    20.35   30.98
-298264.008   173.880    46.14   41.43
-297887.065   213.508   105.10   63.07
-297510.106   245.106    83.80   55.68
-297133.132   260.608    41.11   42.44
-296756.141   266.077    14.50   36.29
-296380.920   266.810     1.95   49.48
-296007.053   262.485   -11.57   67.20
-295633.170   246.853   -41.80   68.15
-295259.272   231.927   -39.91   58.01
-294885.358   225.516   -17.14   41.84
-294511.429   237.881    33.06   40.50
-294137.484   258.117    54.10   35.02
-293763.523   277.555    51.96   41.57
-293389.547   314.617    99.08   56.41
-293015.555   350.732    96.54   61.44
-292641.547   399.449   130.23   57.28
-292267.524   420.585    56.50   56.24
-291893.486   376.689  -117.33  109.37
-291519.431   285.810  -242.90  137.40
-291145.361   193.857  -245.76  116.08
-290771.275   112.450  -217.56   50.03
-290397.174    87.998   -65.35   23.04
-290023.057    79.046   -23.92    5.42
-289648.924    82.146     8.29    5.86
-289274.776    88.260    16.34    7.08
-288900.611    94.949    17.87    8.42
-288526.432   104.712    26.09   16.67
-288152.236   123.472    50.12   31.92
-287778.025   153.392    79.93   51.30
-287403.798   200.308   125.34   70.26
-287029.556   248.117   127.72   65.41
-286655.298   288.089   106.78   62.65
-286281.024   324.275    96.66   60.14
-285906.734   360.790    97.53   67.72
-285532.429   395.694    93.23   67.29
-285158.108   416.694    56.09   61.62
-284783.771   427.531    28.94   47.72
-284409.419   422.093   -14.52   58.76
-284035.050   392.950   -77.83   70.75
-283660.666   361.136   -84.96   69.44
-283286.267   331.415   -79.36   68.99
-282911.851   302.903   -76.13   67.02
-282537.420   264.949  -101.34   74.22
-282162.973   220.189  -119.51   64.55
-281788.511   183.355   -98.34   40.41
-281414.033   162.741   -55.04   35.75
-281039.538   156.206   -17.45   36.37
-280665.029   162.141    15.84   49.20
-280290.503   189.392    72.74   65.31
-279915.962   222.498    88.37   68.46
-279541.404   253.617    83.06   67.89
-279166.831   254.069     1.21   64.35
-278792.243   238.578   -41.35   65.04
-278417.638   215.414   -61.82   59.14
-278043.018   195.508   -53.13   52.01
-277668.382   183.593   -31.80   49.61
-277293.730   177.752   -15.59   43.95
-276919.062   180.268     6.71   38.66
-276544.379   188.491    21.94   43.44
-276169.680   208.855    54.34   54.01
-275794.965   228.022    51.14   61.36
-275420.234   243.392    41.01   64.77
-275045.487   252.252    23.64   64.86
-274670.725   249.227    -8.07   62.30
-274295.946   237.813   -30.45   57.49
-273921.152   219.975   -47.58   42.59
-273546.342   220.260     0.76   38.88
-273171.516   215.996   -11.37   31.55
-272796.675   223.022    18.74   35.86
-272421.817   231.336    22.17   39.07
-272046.944   236.491    13.75   42.37
-271672.055   244.245    20.68   48.51
-271297.150   247.322     8.21   50.77
-270922.229   251.136    10.17   50.39
-270547.292   260.284    24.39   48.18
-270172.339   276.585    43.46   41.04
-269797.371   282.677    16.24   43.01
-269422.387   276.593   -16.22   39.93
-269047.386   282.229    15.03   43.23
-268672.370   298.018    42.09   52.25
-268297.338   331.671    89.71   56.06
-267922.290   365.381    89.86   52.38
-267547.227   398.821    89.14   56.50
-267172.147   450.427   137.55   83.62
-266797.051   519.974   185.37   97.01
-266421.940   562.836   114.24   85.38
-266046.812   612.182   131.52   68.49
-265671.669   637.132    66.49   55.19
-265296.510   655.563    49.12   56.97
-264921.335   671.234    41.76   53.47
-264546.144   649.403   -58.17   78.91
-264170.937   594.043  -147.51  102.39
-263795.714   524.392  -185.58  112.24
-263420.475   439.881  -225.17  102.47
-263045.220   401.163  -103.15   78.62
-262669.949   408.268    18.93   80.23
-262294.663   432.601    64.83   70.39
-261919.360   460.741    74.96   59.28
-261544.041   476.089    40.89   71.57
-261168.707   481.952    15.62   71.29
-260793.356   458.404   -62.72   75.19
-260417.990   419.002  -104.95   91.48
-260042.607   363.189  -148.65   93.97
-259667.209   302.834  -160.74   64.68
-259291.794   263.355  -105.14   61.38
-258916.364   227.654   -95.07   66.47
-258540.918   183.850  -116.65   42.18
-258165.455   156.040   -74.05   22.93
-257789.977   143.450   -33.52   14.72
-257414.482   137.927   -14.71   12.31
-257038.972   139.522     4.25   20.47
-256663.446   142.780     8.68   26.02
-256287.903   147.813    13.40   30.05
-255912.345   153.177    14.28   33.45
-255536.771   152.694    -1.28   33.60
-255161.180   148.252   -11.82   26.77
-254785.574   144.093   -11.07   22.97
-254409.951   134.973   -24.27   22.93
-254034.313   128.696   -16.71   22.44
-253658.658   123.745   -13.18   19.34
-253282.988   116.403   -19.54   14.60
-252907.301   116.834     1.15   20.49
-252531.598   114.974    -4.95   19.07
-252155.879   109.707   -14.02   14.60
-251780.145   106.222    -9.27   14.00
-251404.394   101.277   -13.16    8.75
-251028.627    98.275    -7.99    5.50
-250652.844   100.717     6.50   12.78
-250277.045   105.450    12.59   19.16
-249901.230   110.368    13.08   21.38
-249525.398   110.341    -0.07   20.53
-249149.551   111.694     3.60   20.41
-248773.688   114.756     8.14   21.21
-248397.808   119.046    11.41   19.90
-248021.913   118.189    -2.28   20.98
-247646.001   108.427   -25.96   18.68
-247270.073    97.764   -28.36   12.76
-246894.129    92.463   -14.10    7.89
-246518.169    90.949    -4.03    7.96
-246142.193    88.518    -6.47    8.37
-245766.201    86.069    -6.51    7.21
-245390.192    84.392    -4.46    7.44
-245014.168    82.810    -4.20    7.77
-244638.127    84.485     4.45    8.40
-244262.071    84.689     0.54    7.83
-243885.998    83.462    -3.26    7.62
-243509.909    82.427    -2.75    7.43
-243133.803    81.903    -1.39    8.08
-242757.682    81.641    -0.70    8.13
-242381.545    84.024     6.33    9.08
-242005.391    86.722     7.17    8.55
-241629.221    89.995     8.70    5.17
-241253.035    92.236     5.96    7.41
-240876.833    99.345    18.89   16.39
-240500.615   103.787    11.80   15.64
-240124.380   110.113    16.81   17.43
-239748.129   112.450     6.21   17.69
-239371.863   115.113     7.07   17.88
-238995.579   124.665    25.38   17.29
-238619.280   126.671     5.33   16.86
-238242.965   125.508    -3.09   15.87
-237866.633   121.292   -11.20   17.10
-237490.285   115.113   -16.42   11.92
-237113.921   117.336     5.91   12.65
-236737.541   124.117    18.01   13.70
-236361.144   126.495     6.32   13.64
-235984.731   124.275    -5.89   15.85
-235608.302   116.624   -20.32   15.45
-235231.857   110.355   -16.65   11.23
-234855.396   108.136    -5.89   10.30
-234478.918   110.275     5.68   11.20
-234102.424   111.229     2.53   13.27
-233725.914   111.066    -0.43   12.74
-233349.388   114.260     8.48   12.87
-232972.845   117.308     8.09   12.46
-232596.286   122.790    14.56   15.62
-232219.711   126.066     8.70   16.28
-231843.119   127.764     4.51   16.89
-231466.511   125.855    -5.07   20.21
-231089.887   121.222   -12.30   27.90
-230713.247   114.131   -18.82   32.19
-230336.591   111.880    -5.98   31.70
-229959.918   112.427     1.45   28.20
-229583.229   121.275    23.49   29.85
-229206.523   133.689    32.95   37.19
-228829.801   139.331    14.98   41.72
-228453.063   141.927     6.89   43.91
-228076.309   153.113    29.68   46.70
-227699.538   179.927    71.15   60.69
-227322.751   218.601   102.62   65.17
-226945.948   237.808    50.96   53.26
-226569.128   248.608    28.66   41.59
-226192.292   240.593   -21.27   39.49
-225815.440   231.141   -25.08   32.28
-225438.571   247.973    44.65   55.56
-225061.687   281.485    88.90   79.64
-224684.785   327.624   122.39   72.66
-224307.868   358.950    83.10   45.40
-223930.934   365.252    16.72   41.53
-223553.983   371.379    16.25   46.94
-223177.016   383.601    32.42   44.32
-222800.033   386.996     9.00   48.55
-222423.034   358.658   -75.15   72.91
-222046.018   337.089   -57.20   66.39
-221668.986   337.089     0.00   64.64
-221294.189   356.617    52.09   62.02
-220920.378   385.555    77.40   35.54
-220546.551   386.252     1.87   29.79
-220172.708   389.648     9.08   32.70
-219798.849   404.498    39.71   40.28
-219424.973   386.392   -48.42   64.03
-219051.082   340.881  -121.70   82.46
-218677.175   306.903   -90.86   79.06
-218303.251   283.790   -61.80   47.09
-217929.311   313.555    79.58   80.41
-217555.356   374.555   163.09  102.00
-217181.384   439.699   174.16   90.81
-216807.396   500.136   161.57   73.99
-216433.391   528.880    76.84   77.06
-216059.371   539.063    27.22   80.59
-215685.335   523.624   -41.27   86.75
-215311.282   482.571  -109.73   85.57
-214937.213   446.122   -97.42   74.91
-214563.128   424.879   -56.78   73.48
-214189.027   392.546   -86.41   71.04
-213814.910   345.066  -126.89   80.97
-213440.777   291.648  -142.75   88.79
-213066.627   231.831  -159.84   90.12
-212692.461   176.381  -148.17   62.52
-212318.279   136.995  -105.24   33.57
-211944.081   122.189   -39.56   17.05
-211569.867   127.229    13.47   22.45
-211195.637   137.043    26.22   23.90
-210821.390   154.368    46.29   28.09
-210447.127   171.996    47.09   39.21
-210072.848   189.522    46.82   45.67
-209698.553   225.345    95.69   56.96
-209324.241   253.808    76.03   51.27
-208949.914   255.020     3.24   52.91
-208575.570   235.998   -50.80   59.27
-208201.210   210.593   -67.85   52.87
-207826.834   183.222   -73.10   32.14
-207452.441   174.463   -23.39   32.37
-207078.032   173.972    -1.31   36.87
-206703.607   163.827   -27.09   37.36
-206329.166   155.624   -21.90   36.18
-205954.708   144.260   -30.34   32.41
-205580.235   134.229   -26.78   22.83
-205205.745   133.141    -2.90   28.50
-204831.239   129.827    -8.85   33.89
-204456.716   126.790    -8.11   29.05
-204082.177   121.377   -14.45   31.01
-203707.622   117.903    -9.27   31.20
-203333.051   118.880     2.61   29.74
-202958.463   119.717     2.23   24.99
-202583.860   125.358    15.06   25.73
-202209.239   138.252    34.41   25.97
-201834.603   155.858    46.99   33.70
-201459.950   156.512     1.74   35.21
-201085.281   144.631   -31.70   39.19
-200710.596   128.631   -42.70   35.08
-200335.894   112.331   -43.49   15.14
-199961.177   108.427   -10.42    8.07
-199586.442   108.055    -0.99    7.11
-199211.692   107.858    -0.52    6.00
-198836.925   114.903    18.79   12.24
-198462.142   125.020    26.99   17.76
-198087.342   133.089    21.53   15.85
-197712.526   143.402    27.51   15.84
-197337.694   151.086    20.50   17.28
-196962.846   160.080    23.99   18.33
-196587.981   169.531    25.21   18.37
-196213.100   174.040    12.03   16.45
-195838.202   174.043     0.01   18.47
-195463.288   172.949    -2.92   20.06
-195088.358   166.479   -17.25   19.12
-194713.412   167.677     3.19   17.64
-194338.449   182.903    40.60   37.40
-193963.469   224.336   110.48   73.71
-193588.473   266.624   112.75   80.45
-193213.461   294.402    74.06   64.48
-192838.433   300.040    15.03   50.50
-192463.388   293.696   -16.91   37.16
-192088.327   297.836    11.04   36.90
-191713.249   288.368   -25.24   31.58
-191338.155   287.518    -2.27   25.52
-190963.045   294.677    19.08   31.54
-190587.918   307.773    34.91   35.01
-190212.774   320.336    33.48   40.70
-189837.615   320.827     1.31   45.30
-189462.439   306.903   -37.11   44.58
-189087.246   293.927   -34.58   37.28
-188712.037   288.236   -15.16   25.52
-188336.812   287.336    -2.40   18.37
-187961.570   293.242    15.74   16.30
-187586.312   300.199    18.54   16.82
-187211.037   313.555    35.58   22.53
-186835.746   332.518    50.52   33.92
-186460.438   368.857    96.81   49.98
-186085.114   405.004    96.29   53.00
-185709.774   447.972   114.46   56.61
-185334.417   495.352   126.21   62.22
-184959.043   552.177   151.36   80.26
-184583.653   616.764   172.03   97.08
-184208.247   658.182   110.31   76.58
-183832.824   655.449    -7.28   73.18
-183457.385   637.722   -47.21   75.18
-183081.929   634.745    -7.93   76.87
-182706.457   671.831    98.76   96.95
-182330.968   754.245   219.45  105.03
-181955.463   828.881   198.73   79.10
-181579.941   837.877    23.95   80.75
-181204.402   797.313  -108.00  106.41
-180828.848   717.502  -212.48  111.07
-180453.276   621.245  -256.25  104.97
-180077.688   526.857  -251.27   85.51
-179702.084   466.485  -160.71   76.55
-179326.463   438.881   -73.48   59.32
-178950.826   413.593   -67.31   51.01
-178575.172   410.790    -7.46   47.59
-178199.501   422.536    31.26   54.63
-177823.814   441.472    50.40   60.11
-177448.110   468.586    72.16   64.90
-177072.390   494.585    69.19   65.66
-176696.653   508.245    36.35   63.04
-176320.900   516.821    22.82   69.67
-175945.130   522.858    16.06   66.69
-175569.344   537.880    39.97   59.01
-175193.541   548.834    29.14   54.98
-174817.721   532.624   -43.12   68.67
-174441.885   494.901  -100.36   66.05
-174066.032   449.790  -120.00   59.51
-173690.163   423.097   -71.01   48.79
-173314.277   430.113    18.66   60.45
-172938.375   477.199   125.24   90.11
-172562.455   542.707   174.23   91.12
-172186.520   624.290   216.98   92.21
-171810.567   694.032   185.48   90.34
-171434.598   740.222   122.84   97.60
-171058.613   787.275   125.13  105.01
-170682.611   829.787   113.05  101.28
-170306.592   864.508    92.32   94.06
-169930.556   880.747    43.18   73.97
-169554.504   878.722    -5.38   86.90
-169178.436   885.077    16.89  104.43
-168802.350   929.903   119.18  137.32
-168426.248  1014.717   225.48  158.43
-168050.130  1108.879   250.31  141.10
-167673.994  1158.358   131.53  106.87
-167297.842  1138.716   -52.21  119.20
-166921.674  1044.722  -249.84  154.27
-166545.488   891.555  -407.10  149.40
-166169.286   758.020  -354.90  157.79
-165793.068   612.136  -387.71  153.09
-165416.832   519.286  -246.75  110.61
-165040.580   475.245  -117.03   70.23
-164664.312   488.252    34.56   78.20
-164288.026   537.996   132.18   83.26
-163911.724   586.415   128.65   85.32
-163535.406   632.694   122.96   82.86
-163159.070   658.336    68.13   87.14
-162782.718   658.348     0.03  100.96
-162406.349   627.177   -82.81  102.44
-162029.963   588.927  -101.61   90.73
-161653.561   560.495   -75.53   89.94
-161277.142   529.322   -82.80   73.68
-160900.706   515.183   -37.55   72.69
-160524.254   518.836     9.70   88.82
-160147.784   558.975   106.61  105.31
-159771.298   610.299   136.30  107.82
-159394.796   641.322    82.39   90.81
-159018.276   646.229    13.03   79.48
-158641.740   604.904  -109.74  110.67
-158265.187   529.953  -199.02   96.19
-157888.617   479.336  -134.40   74.08
-157512.031   449.903   -78.14   66.88
-157135.427   449.813    -0.24   70.69
-156758.807   438.857   -29.09   66.59
-156382.170   422.875   -42.43   72.25
-156005.517   380.949  -111.30   76.20
-155628.846   354.756   -69.53   54.09
-155252.159   361.427    17.71   58.20
-154875.455   357.518   -10.38   56.71
-154498.734   346.569   -29.06   44.81
-154121.997   329.540   -45.20   35.32
-153745.242   320.611   -23.70   31.92
-153368.471   326.904    16.70   39.95
-152991.683   336.880    26.47   51.10
-152614.878   345.563    23.04   57.20
-152238.057   338.973   -17.49   48.88
-151861.218   341.670     7.16   46.01
-151484.363   349.654    21.18   40.36
-151107.491   355.127    14.52   35.01
-150730.602   379.245    63.98   47.96
-150353.696   416.608    99.12   66.76
-149976.773   463.182   123.55   82.90
-149599.833   519.790   150.16   97.20
-149222.877   550.611    81.75   81.76
-148845.904   540.404   -27.07   74.77
-148468.914   503.086   -98.98   79.01
-148091.907   455.089  -127.29   80.39
-147714.883   388.381  -176.91   81.76
-147337.842   344.216  -117.12   57.20
-146960.784   341.927    -6.07   49.16
-146583.710   363.798    58.00   67.11
-146209.335   395.927    85.81   68.01
-145835.578   399.699    10.09   64.27
-145461.804   391.275   -22.53   51.77
-145088.014   396.449    13.84   50.54
-144714.207   424.348    74.62   51.43
-144340.384   463.381   104.40   61.89
-143966.543   485.089    58.06   51.50
-143592.687   495.427    27.65   44.50
-143218.814   490.154   -14.10   51.55
-142844.924   469.853   -54.29   54.85
-142471.017   457.745   -32.38   49.73
-142097.094   455.190    -6.83   46.06
-141723.154   473.540    49.07   53.63
-141349.198   523.927   134.72   59.56
-140975.225   550.108    70.00   61.97
-140601.235   558.485    22.39   59.84
-140227.229   563.311    12.90   65.68
-139853.206   562.404    -2.43   63.75
-139479.167   543.252   -51.20   63.98
-139105.110   549.495    16.69   64.17
-138731.038   545.508   -10.66   57.93
-138356.948   531.996   -36.11   70.40
-137982.842   486.508  -121.58   98.14
-137608.719   438.722  -127.71   75.81
-137234.580   432.881   -15.61   67.71
-136860.423   448.702    42.28   79.39
-136486.250   453.648    13.22   71.58
-136112.061   441.136   -33.43   73.55
-135737.855   408.299   -87.74   82.77
-135363.632   377.495   -82.30   84.78
-134989.392   366.798   -28.58   72.17
-134615.136   375.904    24.33   80.25
-134240.863   410.450    92.29  100.03
-133866.573   444.880    91.98  105.44
-133492.267   485.790   109.28   96.02
-133117.944   524.829   104.28   69.07
-132743.604   566.813   112.14   64.11
-132369.247   593.463    71.18   62.70
-131994.874   610.813    46.34   70.66
-131620.484   619.522    23.26   59.45
-131246.077   589.810   -79.35   72.93
-130871.653   533.784  -149.62   83.37
-130497.213   482.171  -137.83   82.62
-130122.756   417.222  -173.43   76.13
-129748.282   372.927  -118.27   65.86
-129373.792   338.381   -92.24   58.86
-128999.284   317.764   -55.05   43.71
-128624.760   307.212   -28.17   46.08
-128250.220   297.284   -26.51   48.07
-127875.662   296.474    -2.16   49.22
-127501.088   303.268    18.13   57.21
-127126.496   301.527    -4.65   54.52
-126751.888   288.671   -34.31   53.56
-126377.264   269.336   -51.61   51.13
-126002.622   253.834   -41.37   45.75
-125627.964   259.508    15.14   47.38
-125253.289   285.438    69.20   70.08
-124878.597   323.949   102.77   70.82
-124503.888   337.546    36.28   68.22
-124129.162   341.699    11.08   64.08
-123754.420   345.857    11.09   59.99
-123379.661   366.450    54.95   67.39
-123004.885   373.206    18.02   61.71
-122630.092   350.379   -60.90   74.66
-122255.282   322.745   -73.72   71.38
-121880.456   308.624   -37.67   53.98
-121505.612   330.508    58.37   62.79
-121130.752   348.522    48.05   59.79
-120755.875   357.438    23.78   58.51
-120380.981   390.063    87.01   72.58
-120006.070   411.512    57.20   83.46
-119631.143   414.813     8.80   99.44
-119256.198   401.371   -35.85  107.98
-118881.237   361.834  -105.43   91.22
-118506.259   317.879  -117.21   63.81
-118131.263   306.020   -31.62   45.18
-117756.251   286.154   -52.97   30.80
-117381.222   281.998   -11.08   26.83
-117006.177   279.995    -5.34   32.70
-116631.114   274.245   -15.33   31.54
-116256.034   262.973   -30.05   34.96
-115880.938   235.745   -72.58   42.08
-115505.824   214.066   -57.79   44.55
-115130.694   190.745   -62.16   34.34
-114755.547   175.498   -40.64   16.82
-114380.383   170.717   -12.74   11.24
-114005.201   168.462    -6.01   10.34
-113630.003   167.694    -2.05    9.22
-113254.788   164.745    -7.86   10.52
-112879.556   160.760   -10.62   11.85
-112504.308   153.677   -18.87   12.76
-112129.042   147.016   -17.75   10.10
-111753.759   145.252    -4.70    9.65
-111378.459   144.245    -2.68    8.60
-111003.143   147.206     7.89    8.26
-110627.809   151.275    10.84    7.62
-110252.458   154.831     9.47    8.44
-109877.091   157.654     7.52    9.06
-109501.706   157.972     0.85   10.17
-109126.305   158.880     2.42   10.70
-108750.886   159.722     2.24   13.11
-108375.451   158.555    -3.11   13.11
-107999.998   162.063     9.34   20.03
-107624.529   176.665    38.89   41.83
-107249.042   209.741    88.08   68.82
-106873.539   249.368   105.52   76.47
-106498.018   285.018    94.92   73.06
-106122.481   320.858    95.43   56.14
-105746.926   334.284    35.74   43.43
-105371.355   339.290    13.33   28.73
-104995.766   331.571   -20.55   27.04
-104620.160   331.368    -0.54   28.58
-104244.538   331.903     1.42   45.25
-103868.898   344.368    33.18   50.53
-103493.241   353.199    23.51   46.22
-103117.567   355.046     4.91   38.58
-102741.877   340.881   -37.70   26.97
-102366.169   328.336   -33.39   22.54
-101990.444   322.299   -16.07   26.13
-101614.702   312.313   -26.57   26.69
-101238.943   309.808    -6.67   28.04
-100863.166   304.449   -14.26   21.78
-100487.373   312.787    22.19   26.83
-100111.563   335.113    59.40   39.90
 -99735.735   377.760   113.47   60.40
 -99359.891   423.275   121.09   94.17
 -98984.029   462.016   103.06  100.01
 -98608.151   450.439   -30.80  112.72
 -98232.255   394.113  -149.83  114.75
 -97856.342   333.904  -160.15   80.34
 -97480.412   297.764   -96.13   34.86
 -97104.465   283.438   -38.10   17.27
 -96728.500   282.331    -2.94   20.53
 -96352.519   280.082    -5.98   18.74
 -95976.520   278.284    -4.78   17.40
 -95600.505   273.904   -11.65   15.42
 -95224.472   274.927     2.72   17.71
 -94848.422   275.950     2.72   23.66
 -94472.355   283.268    19.46   36.98
 -94096.271   293.097    26.14   44.55
 -93720.170   305.290    32.42   52.63
 -93344.051   306.677     3.69   53.45
 -92967.915   299.624   -18.75   53.34
 -92591.762   279.648   -53.10   52.21
 -92215.592   258.450   -56.35   36.67
 -91839.405   247.154   -30.03   21.27
 -91463.201   242.097   -13.44   10.23
 -91086.979   253.252    29.65   19.97
 -90710.741   277.427    64.25   40.18
 -90334.485   333.634   149.37   84.16
 -89958.211   424.836   242.36  118.65
 -89581.921   512.627   233.29  109.14
 -89205.614   533.238    54.77   99.28
 -88829.289   513.299   -52.98  119.23
 -88452.947   458.810  -144.77  147.48
 -88076.588   372.736  -228.68  124.29
 -87700.211   312.722  -159.44   87.69
 -87323.818   289.972   -60.44   81.73
 -86947.407   305.602    41.52  106.12
 -86570.979   316.741    29.59  113.27
 -86194.533   336.131    51.51  126.45
 -85818.071   324.927   -29.76  108.35
 -85441.591   303.131   -57.89  107.50
 -85065.094   277.927   -66.94  104.21
 -84688.580   240.881   -98.38   74.21
 -84312.048   239.229    -4.39   80.55
 -83935.499   258.245    50.50  114.30
 -83558.933   290.392    85.36  121.00
 -83182.350   281.978   -22.34  103.92
 -82805.749   256.858   -66.70   87.90
 -82429.131   225.488   -83.29   72.09
 -82052.496   190.222   -93.63   53.15
 -81675.843   170.717   -51.78   36.91
 -81299.173   159.601   -29.51   27.05
 -80922.486   146.927   -33.64   18.97
 -80545.782   136.400   -27.94   14.62
 -80169.060   131.154   -13.93   10.38
 -79792.321   134.159     7.98   17.26
 -79415.565   141.177    18.62   23.52
 -79038.791   155.313    37.52   26.88
 -78662.000   172.577    45.81   32.12
 -78285.192   187.358    39.23   34.22
 -77908.366   191.877    11.99   38.36
 -77531.523   190.245    -4.33   36.08
 -77154.663   191.336     2.89   35.07
 -76777.785   191.578     0.64   28.45
 -76400.890   210.995    51.51   41.67
 -76023.978   243.216    85.48   59.07
 -75647.048   303.949   161.12   88.86
 -75270.101   362.648   155.71   86.12
 -74893.136   384.336    57.53   75.53
 -74516.155   380.790    -9.40   77.97
 -74139.155   338.658  -111.75   78.49
 -73762.139   299.245  -104.53   75.97
 -73385.105   272.055   -72.11   83.09
 -73008.053   232.787  -104.14   94.15
 -72630.985   184.677  -127.58   78.04
 -72253.898   157.485   -72.11   55.17
 -71876.795   146.586   -28.90   42.34
 -71499.674   133.977   -33.43   22.78
 -71125.734   130.654    -8.89   12.33
 -70752.035   131.808     3.09   10.10
 -70378.320   135.336     9.44   14.48
 -70004.587   135.290    -0.12   13.96
 -69630.837   133.474    -4.86   14.24
 -69257.070   134.381     2.43   19.69
 -68883.286   133.927    -1.22   16.01
 -68509.485   140.745    18.24   23.64
 -68135.667   166.066    67.73   52.11
 -67761.831   195.660    79.16   75.76
 -67387.979   240.177   119.07   92.17
 -67014.109   289.927   133.06  102.31
 -66640.223   344.131   144.97  102.58
 -66266.319   356.952    34.29   87.50
 -65892.398   330.427   -70.94   91.13
 -65518.460   286.608  -117.17   86.00
 -65144.504   251.199   -94.68   70.25
 -64770.532   207.290  -117.41   47.95
 -64396.542   183.292   -64.16   32.89
 -64022.536   163.881   -51.90   24.89
 -63648.512   158.209   -15.17   16.16
 -63274.471   160.131     5.14   23.06
 -62900.413   155.972   -11.12   30.52
 -62526.337   147.540   -22.54   28.38
 -62152.245   134.540   -34.75   25.28
 -61778.135   115.488   -50.93   19.65
 -61404.008   108.063   -19.84   20.56
 -61029.864   103.465   -12.29   17.92
 -60655.703    97.290   -16.50   16.02
 -60281.524    88.518   -23.44   16.48
 -59907.329    81.449   -18.89   13.67
 -59533.116    77.858    -9.60   13.97
 -59158.886    73.260   -12.29   13.27
 -58784.638    69.995    -8.72   11.88
 -58410.374    68.977    -2.72   13.07
 -58036.092    70.518     4.12   14.69
 -57661.793    68.154    -6.31   12.90
 -57287.477    66.113    -5.45   12.92
 -56913.144    64.063    -5.48   13.54
 -56538.793    64.269     0.55   15.08
 -56164.425    67.540     8.74   15.24
 -55790.040    68.439     2.40   12.60
 -55415.638    65.381    -8.17   11.21
 -55041.218    58.358   -18.76    9.68
 -54666.781    51.601   -18.05    6.06
 -54292.327    47.995    -9.63    5.38
 -53917.855    45.190    -7.49    4.09
 -53543.367    48.063     7.67    7.27
 -53168.861    50.275     5.91    7.76
 -52794.337    51.904     4.35    6.50
 -52419.797    52.082     0.48    5.89
 -52045.239    49.903    -5.82    5.40
 -51670.664    49.972     0.18    7.10
 -51296.071    53.295     8.87   10.31
 -50921.462    58.245    13.21   10.52
 -50546.835    63.648    14.42    7.37
 -50172.190    63.586    -0.17    6.57
 -49797.529    62.358    -3.28    6.83
 -49422.850    62.652     0.78    6.83
 -49048.153    63.222     1.52    6.70
 -48673.440    63.824     1.61    5.86
 -48298.709    65.313     3.97    5.06
 -47923.961    68.020     7.22    6.11
 -47549.195    72.858    12.91    8.35
 -47174.412    84.578    31.27   21.40
 -46799.612    97.234    33.77   26.18
 -46424.794   123.586    70.30   43.96
 -46049.959   147.585    64.02   49.80
 -45675.107   168.086    54.69   54.87
 -45300.237   179.836    31.34   48.03
 -44925.350   190.381    28.13   57.21
 -44550.445   205.949    41.52   72.68
 -44175.523   233.029    72.23   69.50
 -43800.584   245.881    34.28   64.54
 -43425.627   225.780   -53.61   67.94
 -43050.653   185.882  -106.40   71.16
 -42675.662   146.563  -104.85   48.28
 -42300.653   126.834   -52.61   16.76
 -41925.627   156.199    78.30   59.58
 -41550.583   216.006   159.46   97.59
 -41175.522   257.154   109.71   87.48
 -40800.444   273.764    44.28   68.52
 -40425.348   241.086   -87.12   65.71
 -40050.234   194.371  -124.53   38.52
 -39675.104   179.683   -39.15   30.88
 -39299.955   189.745    26.82   43.45
 -38924.790   205.979    43.27   48.11
 -38549.607   258.631   140.33   77.09
 -38174.406   332.043   195.65  107.53
 -37799.188   392.381   160.80   99.28
 -37423.953   439.608   125.86   52.20
 -37048.700   439.024    -1.56   44.18
 -36673.429   437.722    -3.47   40.33
 -36298.142   438.752     2.74   35.82
 -35922.836   437.586    -3.11   40.45
 -35547.514   406.904   -81.75   75.86
 -35172.173   353.066  -143.43   83.30
 -34796.815   283.404  -185.58   91.46
 -34421.440   214.111  -184.59   84.71
 -34046.048   166.199  -127.63   79.47
 -33670.637   139.117   -72.14   54.64
 -33295.210   147.260    21.69   59.80
 -32919.764   162.745    41.24   54.81
 -32544.302   146.508   -43.24   65.76
 -32168.821   114.222   -85.98   75.47
 -31793.323    73.663  -108.01   49.78
 -31417.808    48.745   -66.36   22.62
 -31042.275    37.131   -30.92    5.90
 -30666.725    32.927   -11.20    3.72
 -30291.157    29.677    -8.65    6.18
 -29915.572    25.756   -10.44    7.20
 -29539.969    22.563    -8.50    7.35
 -29164.348    20.209    -6.27    5.77
 -28788.710    21.904     4.51    6.57
 -28413.054    24.131     5.93    6.59
 -28037.381    25.066     2.49    5.81
 -27661.690    22.771    -6.11    7.91
 -27285.982    19.152    -9.63    7.50
 -26910.256    19.381     0.61    6.70
 -26534.512    22.286     7.73   13.63
 -26158.751    29.813    20.03   21.82
 -25782.972    30.927     2.96   17.97
 -25407.176    28.275    -7.05   10.86
 -25031.362    23.177   -13.57    6.95
 -24655.531    22.463    -1.90    8.65
 -24279.681    20.631    -4.87   10.12
 -23903.815    17.043    -9.55    8.50
 -23527.930    16.745    -0.79    7.90
 -23152.028    14.040    -7.19    6.03
 -22776.109    12.805    -3.29    5.31
 -22400.171    10.927    -5.00    4.13
 -22024.217     9.658    -3.37    3.32
 -21648.244     9.857     0.53    3.14
 -21272.254    14.229    11.63   11.62
 -20896.246    23.563    24.82   23.20
 -20520.221    38.727    40.33   30.52
 -20144.178    44.377    15.02   29.51
 -19768.117    37.722   -17.70   31.86
 -19392.038    24.764   -34.46   24.68
 -19015.942    15.855   -23.69   10.08
 -18639.828    15.881     0.07    9.94
 -18263.697    17.089     3.21   10.19
 -17887.548    15.393    -4.51    9.96
 -17511.381    11.403   -10.61    4.92
 -17135.196    11.813     1.09    3.98
 -16758.994    15.903    10.87    5.48
 -16382.774    20.816    13.06    7.40
 -16006.537    26.245    14.43   10.56
 -15630.281    29.736     9.28   16.83
 -15254.008    26.371    -8.94   17.10
 -14877.718    20.508   -15.58   12.30
 -14501.409    18.427    -5.53    5.35
 -14125.083    23.177    12.62    7.10
 -13748.739    28.949    15.34   12.15
 -13372.377    40.495    30.68   21.49
 -12995.998    55.903    40.94   30.67
 -12619.601    66.371    27.81   31.33
 -12243.186    72.449    16.15   31.26
 -11866.753    65.336   -18.90   33.10
 -11490.303    45.903   -51.62   28.09
 -11113.834    32.768   -34.89   16.51
 -10737.349    26.745   -16.00   15.84
 -10360.845    21.020   -15.21    6.50
  -9984.323    19.404    -4.29    5.90
  -9607.784    20.159     2.01    6.31
  -9231.227    21.063     2.40    6.75
  -8854.652    20.879    -0.49    6.48
  -8478.059    22.127     3.31    6.42
  -8101.449    22.745     1.64    6.94
  -7724.821    25.222     6.58    8.27
  -7348.175    29.229    10.64    7.25
  -6971.511    33.485    11.30   13.34
  -6594.829    38.222    12.58   17.94
  -6218.130    40.745     6.70   17.01
  -5841.412    42.722     5.25   21.15
  -5464.677    38.881   -10.20   25.54
  -5087.924    25.904   -34.44   23.01
  -4711.153    20.834   -13.46   21.97
  -4334.365    12.904   -21.05    4.82
  -3957.558    13.993     2.89    5.69
  -3580.734    15.972     5.25    6.19
  -3203.892    16.449     1.27    5.72
  -2827.032    15.299    -3.05    6.71
  -2450.154    10.638   -12.37    6.22
  -2073.258     7.760    -7.64    3.66
  -1696.344     6.745    -2.69    3.89
  -1319.413     4.403    -6.21    4.32
   -942.463     2.531    -4.96    4.57
   -565.496     0.222    -6.13    3.87
   -188.511    -0.873    -2.91    1.26
    188.492     1.260     5.66    3.99
    565.513     3.699     6.47    4.42
    942.552     5.834     5.66    3.44
   1319.609     7.108     3.38    1.19
   1696.684     6.852    -0.68    1.19
   2073.777     7.268     1.10    2.03
   2450.887     7.331     0.17    2.15
   2828.016     7.404     0.19    2.09
   3205.162     7.199    -0.54    2.17
   3582.211     6.810    -1.03    2.12
   3955.835     6.290    -1.39    1.40
   4329.476     5.852    -1.17    1.27
   4703.135     5.290    -1.50    1.26
   5076.811     4.903    -1.04    1.20
   5450.505     4.540    -0.97    1.38
   5824.217     4.245    -0.79    1.25
   6197.946     4.136    -0.29    1.32
   6571.692     3.972    -0.44    1.29
   6945.457     3.702    -0.72    1.31
   7319.239     3.563    -0.37    1.37
   7693.038     3.229    -0.89    1.30
   8066.856     3.336     0.29    1.42
   8440.691     3.427     0.24    1.52
   8814.543     3.808     1.02    1.58
   9188.413     4.131     0.87    1.50
   9562.301     4.127    -0.01    1.32
   9936.206     3.995    -0.35    1.45
  10310.130     3.973    -0.06    1.41
  10684.070     3.927    -0.12    1.31
  11058.029     3.881    -0.12    1.18
  11432.005     3.665    -0.58    1.40
  11805.999     3.949     0.76    1.68
  12180.010     4.352     1.08    2.01
  12554.039     4.790     1.17    1.71
  12928.086     5.229     1.17    1.99
  13302.151     5.949     1.93    2.02
  13676.233     5.881    -0.18    2.00
  14050.333     6.027     0.39    1.84
  14424.450     6.018    -0.02    1.76
  14798.586     6.027     0.02    1.37
  15172.739     6.268     0.64    1.60
  15546.909     6.508     0.64    1.65
  15921.098     6.608     0.27    1.52
  16295.304     6.563    -0.12    1.46
  16669.528     5.978    -1.56    1.30
  17043.770     5.131    -2.26    1.56
  17418.029     4.902    -0.61    1.56
  17792.306     3.904    -2.66    1.85
  18166.601     3.322    -1.56    1.68
  18540.914     3.086    -0.63    1.76
  18915.244     2.880    -0.55    1.41
  19289.592     2.722    -0.42    1.34
  19663.958     3.063     0.91    1.52
  20038.342     2.977    -0.23    1.47
  20412.744     2.793    -0.49    1.41
  20787.163     3.275     1.29    1.91
  21161.600     4.563     3.44    2.65
  21536.055     5.345     2.09    2.87
  21910.527     5.824     1.28    2.81
  22285.018     5.540    -0.76    2.36
  22659.526     4.527    -2.71    1.50
  23034.052     4.193    -0.89    1.54
  23408.596     4.136    -0.15    1.57
  23783.157     4.222     0.23    1.59
  24157.737     4.449     0.61    1.59
  24532.334     4.722     0.73    1.88
  24906.949     4.313    -1.09    1.97
  25281.582     3.805    -1.36    2.11
  25656.233     3.427    -1.01    2.03
  26030.902     3.206    -0.59    1.80
  26405.588     3.881     1.80    2.19
  26780.292     3.949     0.18    2.23
  27155.015     4.183     0.62    2.24
  27529.755     3.495    -1.84    1.70
  27904.513     3.022    -1.26    1.53
  28279.288     2.682    -0.91    1.51
  28654.082     2.727     0.12    1.44
  29028.894     2.764     0.10    1.53
  29403.723     2.836     0.19    1.58
  29778.570     2.953     0.31    1.68
  30153.435     3.040     0.23    1.48
  30528.318     2.855    -0.49    1.61
  30903.219     2.749    -0.28    1.48
  31278.138     2.482    -0.71    1.20
  31653.075     2.415    -0.18    1.03
  32028.030     2.427     0.03    1.28
  32403.002     2.795     0.98    1.46
  32777.993     3.018     0.59    1.36
  33153.001     3.578     1.49    1.72
  33528.028     3.616     0.10    1.90
  33903.072     3.460    -0.41    2.08
  34278.134     3.450    -0.03    2.12
  34653.214     2.677    -2.06    1.62
  35028.312     2.242    -1.16    1.36
  35403.429     2.540     0.79    1.30
  35778.563     3.245     1.88    1.71
  36153.715     3.836     1.58    1.75
  36528.885     4.245     1.09    1.75
  36904.072     4.463     0.58    1.66
  37279.278     4.108    -0.95    1.40
  37654.502     3.875    -0.62    1.15
  38029.744     3.904     0.08    1.15
  38405.004     3.540    -0.97    1.43
  38780.282     3.322    -0.58    1.42
  39155.578     3.304    -0.05    1.57
  39530.892     3.327     0.06    1.65
  39906.223     3.381     0.15    1.66
  40281.573     3.465     0.22    1.77
  40656.941     3.903     1.17    1.73
  41032.327     4.336     1.15    1.72
  41407.731     4.764     1.14    1.81
  41783.153     4.860     0.26    1.64
  42158.593     4.927     0.18    1.52
  42534.051     4.495    -1.15    1.52
  42909.527     4.634     0.37    1.94
  43285.021     4.813     0.48    1.90
  43660.533     5.268     1.21    1.83
  44036.064     5.331     0.17    1.52
  44411.612     4.927    -1.08    1.77
  44787.178     4.512    -1.10    1.56
  45162.763     4.336    -0.47    1.47
  45538.365     4.485     0.40    1.72
  45913.986     4.472    -0.03    1.50
  46289.624     4.393    -0.21    1.84
  46665.281     4.665     0.72    1.87
  47040.956     4.904     0.64    1.71
  47416.649     4.927     0.06    1.68
  47792.360     5.086     0.42    1.74
  48168.089     5.631     1.45    1.36
  48543.836     5.727     0.25    1.47
  48919.601     5.699    -0.07    1.43
  49295.385     5.546    -0.41    1.45
  49671.186     5.216    -0.88    1.29
  50047.006     5.206    -0.03    1.33
  50422.844     5.563     0.95    1.43
  50798.700     6.427     2.30    1.75
  51174.574     6.882     1.21    1.61
  51550.466     6.745    -0.37    1.53
  51926.377     6.260    -1.29    1.56
  52302.305     5.393    -2.31    1.27
  52678.252     5.199    -0.52    1.21
  53054.217     4.949    -0.66    1.45
  53430.200     5.086     0.36    1.48
  53806.201     4.699    -1.03    1.58
  54182.221     4.245    -1.21    1.27
  54558.258     3.995    -0.66    1.32
  54934.314     3.858    -0.36    1.13
  55310.388     3.927     0.18    1.14
  55686.480     4.082     0.41    1.30
  56062.590     4.089     0.02    1.49
  56438.719     3.836    -0.67    1.46
  56814.866     3.586    -0.66    1.06
  57191.031     3.654     0.18    1.21
  57567.214     4.089     1.16    1.25
  57943.415     4.586     1.32    1.26
  58319.635     4.578    -0.02    1.15
  58695.873     4.472    -0.28    1.23
  59072.129     4.260    -0.56    1.11
  59448.403     4.313     0.14    1.22
  59824.696     4.416     0.27    1.24
  60201.007     4.322    -0.25    1.29
  60577.336     4.231    -0.24    1.26
  60953.683     3.903    -0.87    1.24
  61330.049     3.722    -0.48    1.11
  61706.433     4.212     1.30    1.58
  62082.835     4.813     1.60    1.81
  62459.255     5.682     2.31    1.80
  62835.694     6.244     1.49    1.51
  63212.151     6.709     1.24    1.26
  63588.626     6.813     0.28    1.22
  63965.120     6.836     0.06    1.39
  64341.632     7.066     0.61    1.36
  64718.162     7.171     0.28    1.34
  65094.711     7.063    -0.29    1.27
  65471.278     6.975    -0.23    1.09
  65847.863     7.016     0.11    1.22
  66224.466     7.018     0.01    1.14
  66601.088     7.358     0.91    1.09
  66977.728     7.790     1.15    1.05
  67354.387     7.977     0.49    1.06
  67731.063     7.904    -0.19    1.15
  68107.759     7.903    -0.00    1.26
  68484.472     8.131     0.60    1.32
  68861.204     8.482     0.93    1.49
  69237.954     7.463    -2.70    3.87
  69614.723     6.654    -2.15    4.92
  69991.510     5.927    -1.93    5.33
  70368.315     6.238     0.83    5.14
  70745.139     5.745    -1.31    5.12
  71121.981     6.020     0.73    4.78
  71498.841     6.260     0.64    4.79
  71875.720     6.302     0.11    5.06
  72252.617     6.177    -0.33    5.07
  72629.533     6.414     0.63    4.77
  73006.467     6.371    -0.12    4.67
  73383.420     7.108     1.96    3.69
  73760.390     7.879     2.04    2.25
  74137.380     7.858    -0.05    1.98
  74514.388     8.000     0.37    1.54
  74891.414     7.858    -0.37    1.45
  75268.458     7.381    -1.27    1.61
  75645.521     7.018    -0.96    1.60
  76022.603     6.995    -0.06    1.40
  76399.703     6.974    -0.05    1.25
  76776.821     6.860    -0.30    1.27
  77153.958     6.927     0.18    1.40
  77531.113     6.540    -1.02    1.45
  77908.287     6.216    -0.86    1.08
  78285.479     6.016    -0.53    1.06
  78662.200     5.745    -0.72    1.06
  79035.764     5.498    -0.66    1.02
  79409.345     5.336    -0.43    0.97
  79782.945     5.086    -0.67    1.06
  80156.564     4.836    -0.67    1.18
  80530.200     4.222    -1.64    1.19
  80903.854     4.472     0.67    1.41
  81277.527     4.654     0.49    1.58
  81651.217     4.736     0.22    1.47
  82024.926     4.660    -0.20    1.27
  82398.653     4.608    -0.14    1.29
  82772.398     4.881     0.73    1.43
  83146.161     4.813    -0.18    1.43
  83519.942     4.995     0.49    1.65
  83893.742     5.358     0.97    1.81
  84267.559     5.787     1.15    1.90
  84641.395     6.171     1.03    1.65
  85015.249     6.290     0.32    1.63
  85389.121     6.381     0.24    1.72
  85763.012     6.063    -0.85    1.64
  86136.920     5.949    -0.30    1.69
  86510.847     5.858    -0.24    1.65
  86884.792     5.631    -0.61    1.73
  87258.755     5.927     0.79    1.88
  87632.736     6.063     0.36    1.80
  88006.736     5.881    -0.49    1.94
  88380.753     5.654    -0.61    1.63
  88754.789     5.586    -0.18    1.41
  89128.843     5.699     0.30    1.48
  89502.916     5.472    -0.61    1.53
  89877.006     5.108    -0.97    1.50
  90251.115     5.131     0.06    1.23
  90625.242     4.836    -0.79    0.94
  90999.388     4.722    -0.30    1.15
  91373.551     4.768     0.12    1.08
  91747.733     4.790     0.06    1.11
  92121.933     4.771    -0.05    1.19
  92496.152     5.086     0.84    1.24
  92870.388     5.381     0.79    1.25
  93244.643     5.540     0.43    1.24
  93618.916     5.771     0.62    1.13
  93993.208     5.563    -0.56    1.22
  94367.518     5.638     0.20    1.32
  94741.846     5.727     0.24    1.34
  95116.192     5.768     0.11    1.26
  95490.557     5.838     0.19    1.53
  95864.939     5.722    -0.31    1.73
  96239.341     5.682    -0.11    1.75
  96613.760     5.608    -0.20    1.83
  96988.198     5.482    -0.34    1.47
  97362.654     5.304    -0.47    1.42
  97737.129     5.631     0.87    1.87
  98111.622     5.793     0.43    1.85
  98486.133     6.066     0.73    1.82
  98860.662     6.149     0.22    1.88
  99235.210     5.677    -1.26    1.48
  99609.777     5.836     0.42    1.64
  99984.361     5.622    -0.57    1.77
 100358.964     5.290    -0.89    1.89
 100733.585     5.504     0.57    1.90
 101108.225     5.601     0.26    2.00
 101482.883     6.122     1.39    2.09
 101857.559     6.624     1.34    1.85
 102232.254     6.586    -0.10    1.89
 102606.967     6.340    -0.66    1.67
 102981.699     6.555     0.57    1.60
 103356.449     6.518    -0.10    1.67
 103731.217     6.066    -1.20    1.74
 104106.004     6.079     0.03    1.23
 104480.809     6.308     0.61    1.48
 104855.633     6.858     1.47    1.55
 105230.475     7.304     1.19    1.48
 105605.335     7.485     0.48    1.68
 105980.214     7.131    -0.94    1.72
 106355.112     6.641    -1.31    1.78
 106730.027     6.318    -0.86    1.78
 107104.961     6.159    -0.42    1.57
 107479.914     6.260     0.27    1.55
 107854.885     6.358     0.26    1.32
 108229.875     6.462     0.27    1.26
 108604.883     6.449    -0.03    1.52
 108979.909     6.474     0.07    1.35
 109354.954     6.771     0.79    2.07
 109730.017     6.617    -0.41    2.14
 110105.099     6.927     0.83    2.25
 110480.200     7.063     0.36    2.18
 110855.319     6.855    -0.55    1.84
 111230.456     7.154     0.80    1.60
 111605.612     7.277     0.33    1.86
 111980.786     8.038     2.03    2.10
 112355.979     8.345     0.82    2.00
 112731.190     8.972     1.67    2.43
 113106.420     9.518     1.45    2.57
 113481.668    10.252     1.96    2.90
 113856.935    10.927     1.80    2.68
 114232.221    10.877    -0.13    2.75
 114607.525    11.993     2.98    2.57
 114982.847    12.206     0.57    2.61
 115358.188    11.949    -0.68    2.87
 115733.548    12.086     0.36    3.18
 116108.926    11.561    -1.40    2.74
 116484.323    11.563     0.01    2.96
 116859.738    12.171     1.62    2.90
 117235.172    12.549     1.01    2.89
 117610.624    12.813     0.70    2.90
 117986.095    14.345     4.08    3.15
 118361.585    15.949     4.27    3.84
 118737.093    17.602     4.40    4.68
 119112.620    20.381     7.40    6.06
 119488.165    22.777     6.38    6.07
 119863.729    24.427     4.39    5.44
 120239.312    25.654     3.27    5.48
 120614.913    26.555     2.40    4.54
 120990.533    28.482     5.13    5.01
 121366.171    30.002     4.05    4.78
 121741.828    31.191     3.17    4.18
