# NaN NaN NaN ;Mean Elev.(m), Avg Gradient(m/km), RMS Gradient(m/km) - SRTM1     
#   -3.783   0.973  14.314 ;Mean Elev.(m), Avg Gradient(m/km), RMS Gradient(m/km) - ASTER GDEM
#    4.228   0.837  14.338 ;Mean Elev.(m), Avg Gradient(m/km), RMS Gradient(m/km) - GMTED2010 
  7 117.340617  30.692679    13.852    13.848  5 52458.10492810 20.693
  8 117.347785  30.694365    12.378    12.340  5 52493.10490529 22.841
 10 117.346557  30.693726    10.834    11.042  6 52563.10492591 25.029
 12 117.341790  30.693660    10.782    10.659  5 52633.10489326 26.607
 13 117.337810  30.690594    10.262    10.188  5 52668.10491008 24.241
 14 117.350158  30.695571    12.935    12.750  5 52703.10488554 23.502
 16 117.340932  30.693310    11.227    10.835  5 52773.10488506 25.458
 17 117.341064  30.693112    10.204     9.997  5 52808.10494883 25.329
 18 117.343266  30.694218    13.118    13.049  5 52843.10500641 28.895
 19 117.339846  30.692926    11.337    11.101  5 52878.10504507 24.947
 20 117.344335  30.693373    10.442    10.511  5 52913.10500312 21.185
 21 117.350285  30.694681    10.025     9.830  5 52948.10496057 20.799
 23 117.337880  30.690500    10.192    10.342  5 53018.10498848 26.322
 24 117.346969  30.693552     5.908     3.187  5 53053.10496939 25.834
 25 117.328419  30.688191    11.029    10.977  5 53088.10500795 19.993
 26 117.341997  30.690984    10.340     9.636  5 53123.10497686 22.370
 27 117.334238  30.689743    10.770    10.664  5 53158.10503475 20.582
 28 117.344758  30.694031    10.798    10.666  5 53193.10502751 22.954
 30 117.333642  30.691053    11.028    11.064  5 53263.10499807 33.341
 31 117.332112  30.690409    10.594    10.628  5 53298.10503793 30.329
 33 117.338815  30.690280    10.147     9.932  5 53368.10495265 23.256
 35 117.338908  30.692426    10.423     9.475  5 53438.10497040 25.799
 36 117.337431  30.689915    10.507    10.400  5 53473.10502679 23.409
 37 117.338484  30.691769     9.918    10.198  5 53508.10505174 28.029
 38 117.336051  30.692132    11.019    10.941  5 53543.10506195 40.916
 39 117.336127  30.690192    10.926    10.923  5 53578.10504643 28.886
 40 117.333146  30.688626    12.119    11.969  5 53613.10499961 25.626
 41 117.344355  30.692114    10.296    10.231  5 53648.10500418 22.072
 42 117.333119  30.689357    11.274    11.140  5 53683.10502018 21.528
 43 117.341021  30.692904    10.697    10.664  5 53718.10494640 25.142
 44 117.351076  30.695793    11.481    11.184  5 53753.10486635 20.845
 45 117.343797  30.693192    11.147    10.720  5 53788.10489713 21.913
 46 117.349861  30.695093    10.270    10.663  6 53823.10485120 27.154
 47 117.337409  30.690358     9.809     9.567  5 53858.10494480 23.904
 48 117.345836  30.694349     9.971     9.943  5 53893.10495837 21.143
 49 117.329078  30.687767    11.450    11.420  5 53928.10501832 22.226
 50 117.330847  30.688789    10.854    10.492  5 53963.10500068 20.152
 51 117.349304  30.695183    10.180     9.998  5 53998.10494670 19.652
 52 117.344999  30.693469     9.777     9.773  5 54033.10499649 20.199
 54 117.336388  30.691147    10.856    10.709  5 54103.10494971 21.526
 55 117.342096  30.692721     9.940     9.413  5 54138.10491970 22.386
 56 117.337258  30.691429    10.898    11.116  5 54173.10492766 26.397
 57 117.340943  30.691775    10.622    10.638  5 54208.10492567 21.891
 59 117.340861  30.692531    10.598    10.564  5 54278.10497068 21.906
 60 117.341140  30.691180    11.780    11.746  5 54313.10497131 25.845
 61 117.338249  30.692693    11.356    11.057  5 54348.10494233 26.969
 62 117.342859  30.692329    10.118    10.038  5 54383.10490864 20.050
 63 117.337529  30.689905    10.113     9.972  5 54418.10489252 22.023
 64 117.344004  30.693226     9.880     9.812  5 54453.10487849 18.690
 65 117.340773  30.690586    10.662    10.065  5 54488.10489043 19.688
 66 117.343499  30.692966     6.345     4.047  5 54523.10489173 26.868
 67 117.338066  30.691433     9.715     9.635  5 54558.10489990 29.222
 68 117.340611  30.693081    10.302     9.937  5 54593.10488749 20.751
 69 117.339293  30.691508    10.006    10.028  5 54628.10490320 23.598
 70 117.338102  30.690322    10.456    10.281  5 54663.10491069 22.026
 71 117.339257  30.691333    10.991    10.939  5 54698.10488426 25.089
 72 117.342202  30.691352    10.582    10.609  5 54733.10486762 20.945
 73 117.340080  30.690687    10.290    10.334  5 54768.10486441 23.563
 74 117.341699  30.693575    10.068     9.625  5 54803.10486114 24.325
 75 117.340578  30.692094    13.193    13.810  5 54838.10485697 21.926
 76 117.341440  30.691702     7.184     5.565  5 54873.10486099 24.528
 77 117.335408  30.690863    10.903    10.836  5 54908.10486463 21.553
 78 117.340753  30.691003    10.578    10.598  5 54943.10485336 22.205
 79 117.338937  30.691021    10.114    10.076  5 54978.10488101 23.063
 80 117.339582  30.692946    10.728     9.995  5 55013.10488730 25.512
 81 117.341096  30.691707    10.930    10.648  5 55048.10487990 22.180
 82 117.337336  30.692136    10.533    10.610  5 55083.10485033 35.037
 83 117.343163  30.691583     9.858     9.782  5 55118.10481213 23.665
 84 117.337683  30.689715    10.831    10.839  5 55153.10480950 21.227
 85 117.341696  30.692222    10.157    10.243  5 55188.10479978 23.901
 86 117.338607  30.690910    10.078     9.965  5 55223.10480836 22.717
 87 117.341634  30.691381    12.401    11.551  5 55258.10479614 24.829
 88 117.337449  30.692207    10.114     9.750  5 55293.10479513 28.277
 89 117.338086  30.690511    10.268    10.327  5 55328.10477934 24.664
 90 117.339096  30.692988    11.523    11.262  5 55363.10477461 26.871
 91 117.341717  30.691108    12.684    12.842  5 55398.10478334 29.153
 92 117.342464  30.693597    11.363    11.251  5 55433.10478976 24.548
 93 117.337050  30.689598    13.968    14.935  5 55468.10474855 23.491
