# NaN NaN NaN ;Mean Elev.(m), Avg Gradient(m/km), RMS Gradient(m/km) - SRTM1     
#   34.921  -3.413  12.959 ;Mean Elev.(m), Avg Gradient(m/km), RMS Gradient(m/km) - ASTER GDEM
#   19.708  -3.728  13.872 ;Mean Elev.(m), Avg Gradient(m/km), RMS Gradient(m/km) - GMTED2010 
  6 113.196697  29.517178    28.840    28.703  8 52419.58878403 24.400
  7 113.197563  29.518474    30.156    30.193  8 52454.58880911 26.272
  9 113.202358  29.526065    28.025    28.182  8 52524.58876393 27.426
 10 113.197316  29.518896    26.950    26.813  8 52559.58881198 20.341
 11 113.195849  29.517394    27.507    27.625  8 52594.58881626 22.142
 12 113.201322  29.523264    27.444    27.439  7 52629.58874718 22.255
 13 113.199243  29.521636    27.386    27.523  8 52664.58877866 22.160
 14 113.201980  29.524283    27.387    27.490  8 52699.58875306 24.614
 15 113.206131  29.528587    22.337    21.412  7 52734.58878220 34.046
 16 113.202094  29.524715    25.919    25.570  8 52769.58877466 29.782
 17 113.197255  29.517890    25.960    26.018  8 52804.58880516 27.242
 19 113.199734  29.521952    27.688    27.225  4 52874.58890711 25.079
 20 113.205961  29.529147    28.940    29.728  7 52909.58888308 20.867
 22 113.200083  29.522424    23.056    23.201  7 52979.58887095 32.805
 23 113.200191  29.522010    22.679    22.345  7 53014.58886842 30.571
 24 113.197042  29.529066    19.302    18.633  3 53049.58884293 35.739
 26 113.196711  29.518393    21.871    21.391  7 53119.58884692 37.833
 27 113.194420  29.519462    27.037    27.164  6 53154.58889956 22.391
 29 113.203629  29.525330    27.673    27.707  7 53224.58890208 23.214
 30 113.198327  29.526883    29.984    29.884  5 53259.58887738 21.749
 33 113.205454  29.527798    22.656    23.223  7 53364.58882746 29.981
 34 113.198817  29.520463    26.174    26.199  8 53399.58885061 21.794
 35 113.203762  29.528086    22.814    23.764  7 53434.58884210 40.644
 36 113.196742  29.520743    27.453    27.484  6 53469.58888452 18.918
 37 113.197477  29.518516    26.585    26.527  7 53504.58892654 18.616
 39 113.201861  29.511334    28.147    28.147  2 53574.58892021 24.244
 40 113.199937  29.532617    29.493    29.493  2 53609.58887457 18.749
 43 113.204033  29.532459    27.203    27.288  4 53714.58882274 18.438
 44 113.199545  29.532143    19.346    19.346  2 53749.58873837 33.462
 45 113.204124  29.527871    22.804    23.276  7 53784.58876796 33.303
 46 113.206538  29.529823    25.885    25.913  7 53819.58872858 23.327
 47 113.193631  29.526090    28.368    28.381  3 53854.58880999 18.139
 49 113.191477  29.516222    27.157    27.237  6 53924.58888376 25.636
 50 113.194996  29.523060    27.369    27.540  4 53959.58887473 19.643
 51 113.195986  29.531407    24.839    24.839  2 53994.58880935 27.871
 52 113.200260  29.522660    27.005    26.973  7 54029.58886548 16.824
 53 113.203946  29.527247    22.649    22.997  7 54064.58885966 29.992
 54 113.202430  29.525833    22.690    22.478  7 54099.58882514 25.739
 57 113.197306  29.523166    22.829    22.436  6 54204.58878827 27.310
 58 113.201001  29.523165    24.494    24.494  2 54239.58882285 33.185
 62 113.197224  29.530142    33.810    27.851  3 54379.58877837 22.062
 63 113.200944  29.526068    25.858    25.868  6 54414.58876612 22.596
 65 113.201637  29.525967    21.440    22.625  7 54484.58876073 33.902
 66 113.200294  29.522244    20.911    19.312  8 54519.58875748 36.812
 67 113.201835  29.526382    26.484    26.705  7 54554.58877237 23.313
 68 113.199846  29.521627    27.637    27.750  8 54589.58875370 23.263
 69 113.199824  29.528083    26.629    26.719  4 54624.58877179 19.869
 73 113.198616  29.530499    22.947    22.761  3 54764.58873820 36.528
 74 113.197996  29.520083    23.663    23.487  7 54799.58872665 28.903
 75 113.199496  29.527976    25.562    22.131  5 54834.58872896 31.105
 76 113.198243  29.524557    21.465    21.248  5 54869.58872473 30.106
 77 113.199823  29.528464    24.555    24.439  4 54904.58873773 33.756
 78 113.200665  29.516744    26.065    25.032  5 54939.58871465 23.989
 81 113.200505  29.524050    27.322    27.334  8 55044.58874960 22.653
 82 113.202323  29.526536    27.023    27.049  7 55079.58872618 23.252
 84 113.198203  29.529400    26.284    26.276  3 55149.58868246 24.997
 85 113.197456  29.524245    20.613    19.240  3 55184.58866538 41.216
 86 113.200501  29.523884    24.661    25.476  8 55219.58867949 22.180
 87 113.199774  29.524922    21.804    19.247  3 55254.58866114 35.231
 90 113.200497  29.523609    27.871    27.873  7 55359.58864575 23.187
 93 113.204258  29.527998    27.165    27.155  7 55464.58862451 20.565
