# NaN NaN NaN ;Mean Elev.(m), Avg Gradient(m/km), RMS Gradient(m/km) - SRTM1     
#    1.110  -7.167  48.460 ;Mean Elev.(m), Avg Gradient(m/km), RMS Gradient(m/km) - ASTER GDEM
#   11.347  -7.901  49.241 ;Mean Elev.(m), Avg Gradient(m/km), RMS Gradient(m/km) - GMTED2010 
  7     9.406 52448.58088181 17.13 116.003710  29.746250  7.479
  7    -0.081 52448.58088245 17.18 116.002820  29.749533 19.035
  9    28.299 52518.58082849 18.10 116.017873  29.747959 16.611
  9    27.354 52518.58082914 20.02 116.016983  29.751249 16.611
  9    27.726 52518.58082978 17.92 116.016103  29.754529 16.611
  9    30.052 52518.58083043 22.02 116.015213  29.757819 16.611
 10    25.674 52553.58087811 16.89 116.006430  29.743364 19.314
 10    24.882 52553.58087876 15.99 116.005550  29.746654 19.314
 10    21.642 52553.58087940 16.04 116.004660  29.749944 19.314
 11    17.144 52588.58086073 20.71 116.015893  29.748143 23.124
 11    17.005 52588.58086138 19.65 116.015003  29.751423 23.124
 11    18.986 52588.58086202 20.10 116.014123  29.754713 23.124
 13    18.645 52658.58083004 22.04 116.016162  29.745138 22.242
 13    18.116 52658.58083069 19.05 116.015282  29.748428 22.242
 13    22.298 52658.58083133 13.63 116.014392  29.751718 22.242
 13    23.731 52658.58083198 15.27 116.013502  29.755000 28.612
 15    25.046 52728.58084962 19.04 116.017246  29.746977  9.291
 15    25.473 52728.58085027 16.55 116.016366  29.750267  9.291
 15    23.150 52728.58085091 16.77 116.015476  29.753557  9.291
 15    18.070 52728.58085156 23.63 116.014586  29.756841 14.804
 16    30.045 52763.58086171 18.18 116.009542  29.744501 16.945
 16    32.243 52763.58086235 17.49 116.008662  29.747781 16.945
 16    25.369 52763.58086300 18.90 116.007772  29.751071 16.945
 16    21.683 52763.58086364 23.96 116.006882  29.754361 16.945
 17    16.029 52798.58083690 18.52 116.015986  29.746903 20.273
 17    15.441 52798.58083755 18.64 116.015106  29.750183 20.273
 17    16.982 52798.58083819 19.17 116.014216  29.753473 20.273
 18    18.356 52833.58090676 22.69 116.016285  29.745633 17.326
 18    18.706 52833.58090741 19.04 116.015399  29.748915 22.111
 18    19.089 52833.58090805 19.61 116.014509  29.752205 22.111
 18    19.620 52833.58090870 19.89 116.013619  29.755495 22.111
 19    22.427 52868.58094919 21.67 116.019631  29.746953 11.301
 19    26.230 52868.58094984 19.39 116.018741  29.750235 22.589
 19    18.953 52868.58095113 24.02 116.016971  29.756815 22.589
 23    27.998 53008.58094261 18.29 116.009944  29.745667 15.861
 23    31.153 53008.58094325 17.25 116.009054  29.748957 15.861
 23    27.676 53008.58094390 18.63 116.008174  29.752237 15.861
 25    20.703 53078.58093386 16.84 116.010819  29.745366 11.179
 25    15.746 53078.58093451 17.79 116.009929  29.748656 11.179
 25    19.377 53078.58093515 17.32 116.009039  29.751936 11.179
 26    22.595 53113.58090420 21.45 116.006215  29.743497  7.496
 26    25.160 53113.58090484 17.98 116.005335  29.746787  7.496
 26    23.922 53113.58090549 17.46 116.004445  29.750067  7.496
 29    22.268 53218.58097157 19.65 116.014610  29.745683 18.456
 29    21.471 53218.58097222 15.18 116.013730  29.748963 18.456
 29    22.972 53218.58097286 16.57 116.012840  29.752253 18.456
 29    20.111 53218.58097351 21.51 116.011960  29.755543 18.456
 31    18.826 53288.58095161 20.86 116.005055  29.742854 17.103
 31    17.697 53288.58095225 22.40 116.004165  29.746144 17.103
 31    18.207 53288.58095290 19.21 116.003285  29.749424 17.103
 32    27.052 53323.58092773 19.17 116.020580  29.747762 19.023
 32    34.674 53323.58092838 15.52 116.019690  29.751042 19.023
 32    31.731 53323.58092902 15.56 116.018810  29.754332 19.023
 32    29.124 53323.58092966 17.30 116.017920  29.757622 19.023
 33    36.193 53358.58089144 15.30 116.021380  29.749049 13.062
 33    28.132 53358.58089208 16.59 116.020500  29.752339 13.062
 33    28.212 53358.58089273 15.19 116.019610  29.755629 13.062
 33    25.563 53358.58089337 16.66 116.018720  29.758909 13.062
 34    31.277 53393.58090733 16.04 116.010711  29.744806 16.822
 34    28.100 53393.58090797 16.64 116.009821  29.748096 16.822
 34    27.791 53393.58090862 17.19 116.008931  29.751386 16.822
 34    23.146 53393.58090926 19.78 116.008051  29.754666 16.822
 36    17.896 53463.58092199 22.51 116.014428  29.744779 22.292
 36    21.266 53463.58092264 15.37 116.013548  29.748059 22.292
 36    25.149 53463.58092328 13.17 116.012658  29.751349 22.292
 36    21.367 53463.58092393 17.65 116.011768  29.754639 22.292
 37    28.472 53498.58099091 17.73 116.007560  29.742206 16.112
 37    28.441 53498.58099155 16.25 116.006680  29.745496 16.112
 37    24.322 53498.58099220 17.16 116.005790  29.748786 16.112
 37    21.557 53498.58099284 21.10 116.004910  29.752066 16.112
 39    25.846 53568.58099130 16.68 116.010075  29.743661 24.733
 39    26.481 53568.58099195 15.98 116.009185  29.746951 24.733
 39    24.112 53568.58099259 17.50 116.008305  29.750241 24.733
 39    20.421 53568.58099324 20.29 116.007415  29.753531 24.733
 40    17.629 53603.58093747 20.42 116.018746  29.746936 22.260
 40    17.581 53603.58093811 19.08 116.017866  29.750226 22.260
 40    17.002 53603.58093876 17.22 116.016976  29.753516 22.260
 40    17.813 53603.58093940 17.98 116.016086  29.756796 22.260
 42    27.937 53673.58095560 16.85 116.009443  29.742732 21.114
 42    27.717 53673.58095625 15.56 116.008563  29.746022 21.114
 42    28.309 53673.58095689 14.87 116.007673  29.749312 21.114
 42    23.414 53673.58095753 17.69 116.006783  29.752602 21.114
 43    26.338 53708.58088777 15.19 116.021769  29.750172 22.348
 43    27.823 53708.58088841 14.94 116.020889  29.753462 22.348
 43    29.338 53708.58088906 15.42 116.019999  29.756742 22.348
 43    16.022 53708.58088970 27.17 116.019119  29.760032 22.348
 44    14.155 53743.58079802 21.53 116.022440  29.748388 14.641
 44     7.649 53743.58079867 22.33 116.021550  29.751678 14.641
 44     7.796 53743.58079931 22.94 116.020670  29.754968 14.641
 44    15.728 53743.58079996 22.09 116.019780  29.758248 14.641
 45    24.723 53778.58082577 16.85 116.018817  29.746962 20.914
 45    26.482 53778.58082641 17.10 116.017927  29.750252 20.914
 45    23.649 53778.58082706 16.96 116.017037  29.753542 20.914
 45    25.250 53778.58082770 16.87 116.016157  29.756822 20.914
 46    16.978 53813.58080019 19.13 116.021270  29.748675  9.095
 46    14.294 53813.58080083 19.08 116.020383  29.751960 21.538
 46    17.167 53813.58080148 19.79 116.019493  29.755250 21.538
 46    17.632 53813.58080212 19.27 116.018613  29.758540 21.538
 47    23.845 53848.58085890 17.88 116.007322  29.750901 18.233
 47    18.689 53848.58085955 26.13 116.006442  29.754191 18.233
 49    24.535 53918.58093872 18.10 116.006846  29.743587 19.600
 49    24.602 53918.58093936 17.80 116.005956  29.746877 19.600
 49    20.902 53918.58094001 18.44 116.005066  29.750157 19.600
 55    10.762 54128.58083228 20.99 116.012564  29.744968 16.026
 55    12.099 54128.58083292 20.26 116.011674  29.748258 16.026
 55    11.591 54128.58083357 20.24 116.010794  29.751538 16.026
 55    12.363 54128.58083421 21.70 116.009904  29.754828 16.026
 56    20.003 54163.58086337 22.27 116.014551  29.745702 11.463
 56    26.395 54163.58086401 16.08 116.013661  29.748992 11.463
 56    26.656 54163.58086466 15.82 116.012781  29.752282 11.463
 56    17.463 54163.58086530 21.11 116.011891  29.755572 11.463
 58    14.665 54233.58087838 20.12 116.013137  29.751079  9.312
 58    16.233 54233.58087903 19.96 116.012247  29.754359  9.312
 59    26.977 54268.58089685 16.74 116.015424  29.747170 15.214
 59    26.968 54268.58089750 13.81 116.014534  29.750460 15.214
 60    21.459 54303.58090017 22.15 116.015569  29.747086 13.917
 60    21.600 54303.58090081 19.46 116.014679  29.750376 13.917
 60    24.940 54303.58090145 18.85 116.013799  29.753666 13.917
 60    17.105 54303.58090210 26.79 116.012909  29.756946 13.917
 61    17.099 54338.58088521 17.37 116.016491  29.747908 13.183
 61    22.876 54338.58088586 16.32 116.015601  29.751188 13.183
 61    19.384 54338.58088650 18.04 116.014721  29.754478 13.183
 61    17.473 54338.58088714 20.85 116.013831  29.757768 13.183
 64    25.053 54443.58079434 20.41 116.012471  29.744553 18.047
 64    24.374 54443.58079499 20.03 116.011581  29.747843 18.047
 64    25.926 54443.58079563 17.88 116.010701  29.751123 18.047
 64    22.311 54443.58079628 22.49 116.009811  29.754413 18.047
 65    25.933 54478.58081995 21.97 116.016234  29.745605 12.660
 65    26.343 54478.58082059 17.30 116.015354  29.748895 12.660
 65    25.609 54478.58082124 15.49 116.014464  29.752185 12.660
 65    24.775 54478.58082188 15.73 116.013574  29.755465 12.660
 66    26.279 54513.58080943 16.78 116.013002  29.745740 11.600
 66    16.099 54513.58081137 21.37 116.010346  29.755602 23.696
 68    13.337 54583.58080543 21.84 116.015511  29.745599 13.383
 68    15.103 54583.58080608 20.17 116.014621  29.748889 13.383
 68    16.271 54583.58080672 19.52 116.013731  29.752179 13.383
 68    17.713 54583.58080737 18.50 116.012851  29.755459 13.383
 69    24.174 54618.58082563 16.59 116.015152  29.745699 12.668
 69    26.890 54618.58082628 16.68 116.014272  29.748989 12.668
 70    15.489 54653.58083685 22.44 116.014011  29.744346 14.513
 70    21.461 54653.58083750 19.38 116.013121  29.747626 14.513
 70    22.754 54653.58083814 19.95 116.012241  29.750916 14.513
 71    22.110 54688.58082610 19.14 116.015662  29.746987 19.501
 71    18.925 54688.58082674 19.03 116.014782  29.750277 19.501
 71    16.626 54688.58082739 19.76 116.013892  29.753567 19.501
 71    17.685 54688.58082803 21.62 116.013002  29.756847 19.501
 73    20.316 54758.58080166 17.28 116.014588  29.746606 17.926
 73    19.630 54758.58080230 15.29 116.013698  29.749886 17.926
 73    23.005 54758.58080295 15.27 116.012818  29.753176 17.926
 73    20.635 54758.58080359 20.42 116.011928  29.756466 17.926
 74    32.998 54793.58077959 18.16 116.008864  29.751694 24.929
 74    23.311 54793.58078024 19.07 116.007974  29.754984 24.929
 75    37.437 54828.58080045 16.71 116.014400  29.746586  4.673
 75    35.239 54828.58080110 16.23 116.013510  29.749866  4.673
 75    33.106 54828.58080174 16.73 116.012630  29.753156  4.673
 75    18.328 54828.58080239 22.85 116.011740  29.756446  4.673
 77    15.487 54898.58079952 22.99 116.014835  29.744794 14.468
 77    11.575 54898.58080017 22.47 116.013945  29.748084 14.468
 77    15.129 54898.58080081 21.25 116.013055  29.751364 14.468
 77    17.830 54898.58080146 21.57 116.012175  29.754654 14.468
 78    28.786 54933.58076726 18.31 116.012612  29.746236 11.282
 78    32.038 54933.58076790 16.86 116.011722  29.749526 11.282
 78    28.530 54933.58076855 18.22 116.010842  29.752816 11.282
 79    15.409 54968.58080169 23.19 116.014637  29.746441 12.174
 79    13.695 54968.58080233 20.63 116.013747  29.749721 12.174
 79    16.448 54968.58080298 19.43 116.012867  29.753011 12.174
 81    11.012 55038.58080794 19.92 116.016244  29.745950 15.417
 81    25.663 55038.58080858 14.15 116.015354  29.749230 15.417
 81    25.368 55038.58080923 15.11 116.014474  29.752520 15.417
 81    20.895 55038.58080987 17.97 116.013584  29.755810 15.417
 82    31.059 55073.58079305 21.82 116.016356  29.745639  9.646
 82    30.130 55073.58079369 18.90 116.015476  29.748929  9.646
 82    33.683 55073.58079434 18.80 116.014586  29.752219  9.646
 82    24.169 55073.58079498 22.06 116.013696  29.755499  9.646
 83    54.093 55108.58073998 17.93 116.012843  29.743773 18.756
 83    45.673 55108.58074062 14.24 116.011953  29.747053 18.756
 83    38.957 55108.58074127 14.42 116.011063  29.750343 18.756
 83    28.752 55108.58074191 15.52 116.010183  29.753633 18.756
 84    25.860 55143.58074414 20.26 116.014639  29.744865 14.169
 84     9.738 55143.58074478 21.99 116.013749  29.748155 14.169
 84    15.510 55143.58074543 16.95 116.012859  29.751435 14.169
 84    24.065 55143.58074607 16.08 116.011979  29.754725 14.169
 85    61.344 55178.58071342 18.37 116.012330  29.745366  9.466
 85    26.488 55178.58071406 18.32 116.011443  29.748647 17.442
 85    31.790 55178.58071471 18.64 116.010553  29.751937 17.442
 85    26.572 55178.58071535 18.76 116.009663  29.755227 17.442
 87    13.127 55248.58071305 22.16 116.014140  29.745873 14.527
 87    12.147 55248.58071369 22.19 116.013250  29.749153 14.527
 87    12.260 55248.58071434 21.56 116.012360  29.752443 14.527
 87    19.327 55248.58071498 22.38 116.011480  29.755733 14.527
 88    17.076 55283.58073271 21.92 116.015278  29.745212 15.533
 88     9.748 55283.58073336 21.97 116.014388  29.748502 15.533
 88    10.343 55283.58073400 21.74 116.013508  29.751782 15.533
 88    18.466 55283.58073465 22.30 116.012618  29.755072 15.533
 89    47.755 55318.58070360 17.53 116.013975  29.744561 17.643
 89    38.462 55318.58070424 17.63 116.013095  29.747851 17.643
 89    28.794 55318.58070489 18.16 116.012205  29.751141 17.643
 89    23.293 55318.58070553 19.28 116.011317  29.754426 11.495
 90   140.029 55353.58070607 15.10 116.015160  29.746556 10.446
 90    28.591 55353.58070671 15.46 116.014270  29.749846 10.446
 90    25.937 55353.58070736 16.66 116.013390  29.753126 10.446
 90    28.230 55353.58070800 18.20 116.012500  29.756416 10.446
 91    27.024 55388.58070335 20.59 116.011678  29.744296  9.505
 91    31.107 55388.58070399 18.51 116.010788  29.747586  9.505
 91    24.598 55388.58070464 20.35 116.009908  29.750876  9.505
 91    19.403 55388.58070528 26.37 116.009023  29.754157 20.330
 92    24.471 55423.58072390 16.56 116.015367  29.748053 20.851
 92    22.491 55423.58072454 16.34 116.014477  29.751343 20.851
 92    21.489 55423.58072519 18.43 116.013587  29.754633 20.851
 93    16.401 55458.58069496 21.24 116.017593  29.746033 14.185
 93    16.061 55458.58069560 16.90 116.016703  29.749323 14.185
 93    21.913 55458.58069625 16.39 116.015823  29.752613 14.185
