# NaN NaN NaN ;Mean Elev.(m), Avg Gradient(m/km), RMS Gradient(m/km) - SRTM1     
#    1.110  -7.167  48.460 ;Mean Elev.(m), Avg Gradient(m/km), RMS Gradient(m/km) - ASTER GDEM
#   11.347  -7.901  49.241 ;Mean Elev.(m), Avg Gradient(m/km), RMS Gradient(m/km) - GMTED2010 
  7 116.003265  29.747892     4.663     4.663  2 52448.58088213 17.155
  9 116.016543  29.752889    28.358    28.012  4 52518.58082946 19.847
 10 116.005547  29.746654    24.066    24.882  3 52553.58087876 16.327
 11 116.015006  29.751426    17.712    17.144  3 52588.58086138 20.175
 13 116.014835  29.750071    20.698    20.472  4 52658.58083101 18.707
 15 116.015918  29.751910    22.935    24.098  4 52728.58085059 20.038
 16 116.008215  29.749429    27.335    27.707  4 52763.58086268 20.496
 17 116.015103  29.750186    16.151    16.029  3 52798.58083755 18.786
 18 116.014953  29.750562    18.943    18.897  4 52833.58090773 20.558
 19 116.018448  29.751334    22.537    22.427  3 52868.58095005 22.096
 23 116.009057  29.748954    28.942    27.998  3 53008.58094325 18.095
 25 116.009929  29.748653    18.608    19.377  3 53078.58093451 17.334
 26 116.005332  29.746784    23.892    23.922  3 53113.58090484 19.348
 29 116.013285  29.750611    21.706    21.870  4 53218.58097254 18.924
 31 116.004168  29.746141    18.243    18.207  3 53288.58095225 21.016
 32 116.019250  29.752689    30.645    30.428  4 53323.58092870 17.159
 33 116.020052  29.753981    29.525    28.172  4 53358.58089240 15.990
 34 116.009378  29.749738    27.578    27.946  4 53393.58090829 17.667
 36 116.013100  29.749706    21.420    21.317  4 53463.58092296 18.628
 37 116.006235  29.747138    25.698    26.382  4 53498.58099187 18.486
 39 116.008745  29.748596    24.215    24.979  4 53568.58099227 17.947
 40 116.017418  29.751868    17.506    17.605  4 53603.58093844 18.845
 42 116.008115  29.747667    26.844    27.827  4 53673.58095657 16.381
 43 116.020444  29.755102    24.880    27.080  4 53708.58088874 21.905
 44 116.021110  29.753320    11.332    10.975  4 53743.58079899 22.252
 45 116.017484  29.751894    25.026    24.986  4 53778.58082674 16.946
 46 116.019940  29.753606    16.518    17.073  4 53813.58080116 19.327
 47 116.006882  29.752546    21.267    21.267  2 53848.58085923 23.725
 49 116.005956  29.746874    23.346    24.535  3 53918.58093936 18.121
 55 116.011234  29.749898    11.704    11.845  4 54128.58083324 20.840
 56 116.013221  29.750637    22.629    23.199  4 54163.58086433 19.737
 58 116.012692  29.752719    15.449    15.449  2 54233.58087870 20.041
 59 116.014979  29.748815    26.972    26.972  2 54268.58089717 15.518
 60 116.014239  29.752018    21.276    21.530  4 54303.58090113 23.046
 61 116.015161  29.752835    19.208    18.428  4 54338.58088618 18.493
 64 116.011141  29.749483    24.416    24.714  4 54443.58079531 20.506
 65 116.014906  29.750537    25.665    25.771  4 54478.58082092 18.511
 66 116.011674  29.750671    21.189    21.189  2 54513.58081040 19.655
 68 116.014178  29.750532    15.606    15.687  4 54583.58080640 20.182
 69 116.014712  29.747344    25.532    25.532  2 54618.58082595 16.635
 70 116.013124  29.747629    19.901    21.461  3 54653.58083750 20.803
 71 116.014334  29.751919    18.836    18.305  4 54688.58082706 20.020
 73 116.013258  29.751533    20.896    20.475  4 54758.58080262 17.617
 74 116.008419  29.753339    28.155    28.155  2 54793.58077991 18.639
 75 116.013070  29.751514    31.028    34.172  4 54828.58080142 19.147
 77 116.013502  29.749724    15.005    15.308  4 54898.58080049 22.126
 78 116.011725  29.749526    29.785    28.786  3 54933.58076790 17.845
 79 116.013750  29.749724    15.184    15.409  3 54968.58080233 21.375
 81 116.014914  29.750878    20.735    23.131  4 55038.58080890 17.389
 82 116.015028  29.750571    29.760    30.594  4 55073.58079401 20.665
 83 116.011510  29.748700    41.869    42.315  4 55108.58074095 15.796
 84 116.013306  29.749795    18.793    19.787  4 55143.58074510 19.474
 85 116.010997  29.750294    36.549    29.181  4 55178.58071438 18.526
 87 116.012807  29.750800    14.215    12.693  4 55248.58071401 22.083
 88 116.013948  29.750142    13.908    13.710  4 55283.58073368 21.987
 89 116.012648  29.749495    34.576    33.628  4 55318.58070456 18.208
 90 116.013830  29.751486    55.697    28.410  4 55353.58070704 16.530
 91 116.010349  29.749229    25.533    25.811  4 55388.58070431 22.597
 92 116.014477  29.751343    22.817    22.491  3 55423.58072454 17.215
 93 116.016706  29.749323    18.125    16.401  3 55458.58069560 18.762
