# NaN NaN NaN ;Mean Elev.(m), Avg Gradient(m/km), RMS Gradient(m/km) - SRTM1     
#   34.072   0.646   1.529 ;Mean Elev.(m), Avg Gradient(m/km), RMS Gradient(m/km) - ASTER GDEM
#   23.514   0.285   1.908 ;Mean Elev.(m), Avg Gradient(m/km), RMS Gradient(m/km) - GMTED2010 
  7    32.739 52467.11709804 25.19 112.767743  29.735791 30.539
  7    32.058 52467.11709868 24.03 112.766853  29.732501 30.539
  8    33.643 52502.11708994 28.77 112.765744  29.734902 36.211
  8    33.928 52502.11709058 24.79 112.764854  29.731612 36.211
  9    32.288 52537.11707536 21.13 112.772349  29.735722 30.346
  9    30.275 52537.11707601 23.42 112.771469  29.732432 30.346
 10    29.418 52572.11711301 23.54 112.766769  29.734789 21.999
 10    30.275 52572.11711366 24.25 112.765879  29.731499 21.999
 11    32.435 52607.11707060 22.63 112.770241  29.736524 28.405
 11    30.300 52607.11707125 24.55 112.769351  29.733234 28.405
 12    32.459 52642.11706876 21.76 112.769808  29.736887 20.533
 12    30.153 52642.11706940 25.23 112.768928  29.733597 20.533
 12    30.413 52642.11707005 30.45 112.768038  29.730317 20.533
 13    31.575 52677.11705559 22.62 112.769017  29.735490 20.908
 13    30.366 52677.11705623 27.18 112.768127  29.732200 20.908
 14    32.022 52712.11708637 28.89 112.769558  29.736983 16.329
 14    30.259 52712.11708702 28.00 112.768668  29.733703 16.329
 14    30.468 52712.11708766 32.29 112.767778  29.730413 16.329
 15    31.831 52747.11711367 31.44 112.757968  29.736495 16.655
 15    31.675 52747.11711431 24.56 112.757088  29.733205 16.655
 15    32.126 52747.11711496 23.45 112.756198  29.729915 16.655
 16    30.607 52782.11705226 45.67 112.770861  29.736168 24.005
 16    30.243 52782.11705290 43.76 112.769971  29.732878 24.005
 17    31.577 52817.11713197 26.76 112.769421  29.735077 23.160
 17    31.099 52817.11713261 30.59 112.768531  29.731787 23.160
 18    32.373 52852.11718240 20.94 112.771539  29.735710 33.885
 18    30.296 52852.11718305 25.90 112.770649  29.732430 33.885
 20    32.420 52922.11717177 22.79 112.766195  29.736729 24.034
 20    31.395 52922.11717241 22.19 112.765315  29.733439 24.034
 20    31.134 52922.11717306 21.13 112.764425  29.730149 24.034
 21    31.069 52957.11713639 19.32 112.778037  29.738915 21.963
 21    30.817 52957.11713704 17.84 112.777147  29.735625 21.963
 21    29.633 52957.11713768 22.80 112.776267  29.732335 21.963
 22    31.623 52992.11715753 19.17 112.774982  29.739015 22.806
 22    31.483 52992.11715817 17.57 112.774092  29.735725 22.806
 22    29.707 52992.11715882 24.04 112.773212  29.732435 22.806
 23    31.440 53027.11712330 19.39 112.773594  29.738031 21.937
 23    29.768 53027.11712395 22.96 112.772704  29.734741 21.937
 23    30.139 53027.11712459 23.37 112.771814  29.731451 21.937
 24    23.494 53062.11713217 42.62 112.777270  29.738683 17.643
 24    23.514 53062.11713282 39.25 112.776380  29.735403 17.643
 24    23.363 53062.11713346 37.76 112.775490  29.732113 17.643
 25    31.876 53097.11715653 25.16 112.760284  29.736036 17.699
 25    31.463 53097.11715717 20.21 112.759404  29.732746 17.699
 25    31.607 53097.11715781 21.90 112.758514  29.729456 17.699
 28    31.236 53202.11720793 21.38 112.767968  29.734893 24.627
 28    30.610 53202.11720858 25.34 112.767078  29.731613 24.627
 29    31.832 53237.11717651 21.25 112.774088  29.736712 29.448
 29    30.344 53237.11717716 22.08 112.773208  29.733422 29.448
 30    31.684 53272.11713269 22.22 112.777209  29.738247 30.885
 30    30.149 53272.11713334 25.07 112.776329  29.734967 30.885
 31    31.386 53307.11719865 19.67 112.764108  29.734415 24.732
 31    33.800 53307.11719929 19.77 112.763228  29.731125 24.732
 32    31.563 53342.11716557 19.99 112.766702  29.735603 28.435
 32    30.793 53342.11716622 20.77 112.765822  29.732313 28.435
 33    31.949 53377.11709984 20.06 112.767312  29.737202 27.992
 33    29.799 53377.11710048 20.48 112.766432  29.733912 27.992
 33    29.495 53377.11710113 22.19 112.765542  29.730632 27.992
 35    31.102 53447.11712491 19.20 112.773883  29.737333 25.799
 35    29.943 53447.11712556 23.65 112.773003  29.734043 25.799
 36    31.771 53482.11721049 26.81 112.763978  29.736776 24.390
 36    31.514 53482.11721113 20.62 112.763088  29.733496 24.390
 36    34.094 53482.11721178 27.90 112.762198  29.730206 24.390
 37    30.255 53517.11721245 25.69 112.768920  29.735150 25.348
 37    30.305 53517.11721309 32.90 112.768040  29.731860 25.348
 38    32.241 53552.11723340 28.26 112.762288  29.736709 30.482
 38    31.539 53552.11723405 20.98 112.761408  29.733419 30.482
 38    31.919 53552.11723469 24.62 112.760518  29.730139 30.482
 39    31.363 53587.11718725 20.78 112.770841  29.735540 32.140
 39    30.161 53587.11718789 25.27 112.769951  29.732250 32.140
 40    32.505 53622.11715342 29.11 112.766252  29.734713 37.384
 40    32.493 53622.11715406 27.20 112.765372  29.731423 37.384
 41    32.147 53657.11718117 20.12 112.769150  29.736156 20.246
 41    29.696 53657.11718182 21.62 112.768260  29.732876 20.246
 42    31.501 53692.11716695 22.09 112.765848  29.735818 25.759
 42    31.306 53692.11716759 22.56 112.764958  29.732528 25.759
 43    31.853 53727.11709034 19.06 112.767691  29.736069 25.350
 43    29.756 53727.11709099 22.31 112.766801  29.732779 25.350
 45    31.145 53797.11705608 23.67 112.770581  29.736971 20.462
 45    30.198 53797.11705672 26.90 112.769701  29.733681 20.462
 45    30.300 53797.11705737 32.69 112.768811  29.730391 20.462
 47    32.025 53867.11711428 22.68 112.768968  29.737667 30.294
 47    30.394 53867.11711493 26.13 112.768088  29.734377 30.294
 47    30.490 53867.11711557 29.93 112.767198  29.731087 30.294
 48    29.703 53902.11714442 22.95 112.768197  29.736114 26.214
 48    30.261 53902.11714507 26.02 112.767307  29.732824 26.214
 49    31.294 53937.11718292 28.88 112.759078  29.736191 29.085
 49    31.257 53937.11718356 22.43 112.758188  29.732901 29.085
 49    32.086 53937.11718421 23.98 112.757298  29.729611 29.085
 50    31.809 53972.11714787 24.66 112.763137  29.735996 28.674
 50    30.918 53972.11714852 18.44 112.762247  29.732706 28.674
 50    33.569 53972.11714916 21.19 112.761367  29.729416 28.674
 52    28.993 54042.11715733 22.72 112.775917  29.738061 15.961
 52    29.380 54042.11715798 22.82 112.775037  29.734771 15.961
 52    29.797 54042.11715862 24.77 112.774147  29.731491 15.961
 53    29.664 54077.11715207 20.29 112.767846  29.736200 28.523
 53    30.119 54077.11715272 21.99 112.766966  29.732910 28.523
 54    30.986 54112.11709232 20.22 112.763674  29.734061 28.212
 54    31.348 54112.11709296 21.18 112.762794  29.730771 28.212
 56    24.327 54182.11707987 29.78 112.765056  29.736055 17.214
 56    30.600 54182.11708051 28.01 112.764170  29.732766 32.932
 56    31.562 54182.11708116 29.01 112.763290  29.729476 32.932
 57    30.178 54217.11710231 24.23 112.769816  29.736607 31.888
 57    30.268 54217.11710295 26.26 112.768926  29.733317 31.888
 58    30.002 54252.11712833 26.90 112.768731  29.735642 33.965
 58    30.358 54252.11712898 28.53 112.767841  29.732352 33.965
 59    30.529 54287.11713343 23.59 112.770429  29.737430 26.381
 59    30.099 54287.11713407 21.72 112.769546  29.734142 26.387
 59    30.181 54287.11713472 24.11 112.768656  29.730852 26.387
 60    32.769 54322.11713051 26.73 112.770790  29.737361 35.833
 60    32.417 54322.11713115 23.00 112.769905  29.734072 25.606
 60    32.237 54322.11713180 23.12 112.769015  29.730782 25.606
 61    31.949 54357.11709014 21.51 112.766588  29.734592 23.791
 61    31.634 54357.11709078 20.31 112.765702  29.731302 27.589
 62    31.900 54392.11707125 18.33 112.770497  29.736932 21.599
 62    29.818 54392.11707190 19.38 112.769607  29.733652 21.599
 62    30.231 54392.11707254 24.26 112.768727  29.730362 21.599
 63    31.761 54427.11703995 19.13 112.769124  29.737152 21.259
 63    29.714 54427.11704060 20.29 112.768234  29.733862 21.259
 63    30.055 54427.11704124 23.04 112.767354  29.730582 21.259
 64    29.430 54462.11704846 23.98 112.772502  29.738219 19.221
 64    29.924 54462.11704910 21.02 112.771612  29.734929 19.221
 64    30.038 54462.11704975 25.55 112.770732  29.731639 19.221
 65    29.901 54497.11704821 20.92 112.768807  29.735259 12.172
 65    30.059 54497.11704885 24.23 112.767927  29.731969 12.172
 66    29.430 54532.11706187 21.81 112.772362  29.736859 18.086
 66    29.922 54532.11706252 23.77 112.771482  29.733569 18.086
 67    31.709 54567.11705309 20.09 112.766197  29.734876 17.573
 67    30.738 54567.11705374 23.58 112.765307  29.731596 17.573
 68    30.254 54602.11705741 23.09 112.769383  29.735081 28.772
 68    30.361 54602.11705806 28.71 112.768493  29.731791 28.772
 69    29.990 54637.11706898 21.40 112.767736  29.736225 25.804
 69    30.323 54637.11706963 22.61 112.766846  29.732935 25.804
 70    31.176 54672.11707258 20.37 112.767016  29.734399 22.664
 70    31.245 54672.11707322 20.40 112.766136  29.731109 22.664
 71    32.013 54707.11703184 22.77 112.769113  29.736393 23.443
 71    31.541 54707.11703248 22.17 112.768233  29.733103 23.443
 72    31.950 54742.11703718 21.51 112.770523  29.736512 20.306
 72    29.892 54742.11703782 21.17 112.769633  29.733222 20.306
 73    30.065 54777.11701384 27.24 112.769264  29.734861 26.622
 73    30.335 54777.11701448 32.70 112.768384  29.731571 26.622
 74    25.430 54812.11703036 40.76 112.771993  29.736748 15.765
 74    25.792 54812.11703100 36.54 112.771103  29.733468 15.765
 75    24.400 54847.11701373 48.66 112.767720  29.736140 23.979
 75    24.384 54847.11701437 47.96 112.766830  29.732860 23.979
 76    29.472 54882.11703430 24.29 112.769021  29.735646 15.567
 76    29.151 54882.11703494 24.09 112.768141  29.732356 15.567
 77    30.907 54917.11701711 25.03 112.763468  29.734328 18.014
 77    31.799 54917.11701775 23.80 112.762588  29.731038 18.014
 78    30.169 54952.11702744 22.94 112.768795  29.735308 34.626
 78    30.428 54952.11702808 26.51 112.767905  29.732028 34.626
 79    31.107 54987.11705196 23.05 112.767491  29.736736 24.716
 79    30.268 54987.11705261 24.33 112.766601  29.733446 24.716
 79    30.467 54987.11705325 35.84 112.765721  29.730156 24.716
 80    30.910 55022.11704469 27.26 112.769901  29.735769 18.568
 80    30.919 55022.11704534 29.49 112.769021  29.732479 18.568
 81    32.324 55057.11704073 26.17 112.769008  29.735669 29.250
 81    32.478 55057.11704138 25.00 112.768118  29.732389 29.250
 82    30.570 55092.11699739 22.69 112.766085  29.736784 26.269
 82    30.125 55092.11699803 17.65 112.765205  29.733494 26.269
 82    30.367 55092.11699868 18.78 112.764315  29.730214 26.269
 83    25.722 55127.11698098 33.87 112.769859  29.735502 17.360
 83    28.637 55127.11698163 28.18 112.768979  29.732212 17.360
 84    24.953 55162.11695899 30.99 112.767591  29.735671 24.776
 84    29.470 55162.11695964 24.62 112.766701  29.732391 24.776
 85    29.127 55197.11697135 25.04 112.771000  29.736897 20.982
 85    29.613 55197.11697200 23.17 112.770110  29.733607 20.982
 86    24.624 55232.11696304 30.75 112.765713  29.735579 17.939
 86    30.657 55232.11696368 24.43 112.764833  29.732289 17.939
 87    24.634 55267.11696608 27.96 112.770658  29.738034 22.995
 87    30.027 55267.11696672 24.82 112.769768  29.734744 22.995
 87    30.291 55267.11696737 30.24 112.768888  29.731454 22.995
 88    25.482 55302.11694269 40.07 112.767817  29.736976 24.896
 88    30.287 55302.11694333 27.17 112.766937  29.733686 24.896
 88    30.500 55302.11694398 31.13 112.766047  29.730396 24.896
 89    30.127 55337.11694085 25.44 112.768575  29.736118 15.155
 89    30.345 55337.11694150 30.39 112.767685  29.732828 15.155
 90    31.753 55372.11693060 21.89 112.770059  29.737189 24.992
 90    31.458 55372.11693125 22.03 112.769169  29.733909 24.992
 90    30.558 55372.11693189 28.77 112.768289  29.730619 24.992
 91    34.767 55407.11695030 30.36 112.772358  29.737102 34.496
 91    34.619 55407.11695094 26.71 112.771468  29.733822 34.496
 92    31.451 55442.11694994 20.29 112.768932  29.735433 25.811
 92    31.138 55442.11695058 20.76 112.768042  29.732153 25.811
 93    29.789 55477.11689172 22.58 112.766654  29.734368 23.246
 93    30.387 55477.11689236 22.14 112.765764  29.731088 23.246
