-298809.484   859.192     0.00  158.00
-298435.525   783.962  -201.12  168.10
-298061.551   676.422  -287.49  142.42
-297687.560   618.399  -155.11  117.13
-297313.554   572.748  -122.03   98.90
-296939.531   566.111   -17.74  131.29
-296565.492   568.259     5.74  131.38
-296191.437   545.914   -59.72  126.97
-295817.365   497.445  -129.54  109.93
-295443.278   439.190  -155.69   99.33
-295069.175   408.585   -81.79   77.95
-294695.055   416.538    21.25  100.16
-294320.919   453.884    99.79  128.94
-293946.767   515.748   165.30  140.83
-293572.599   576.148   161.38  140.37
-293198.415   631.816   148.73  148.52
-292824.214   693.098   163.73  139.79
-292449.998   748.224   147.27  133.26
-292075.765   814.562   177.22  135.38
-291701.516   858.143   116.42  128.36
-291327.251   880.678    60.20  107.87
-290952.969   845.248   -94.64  121.17
-290578.672   786.225  -157.65  117.56
-290204.358   724.577  -164.66  110.20
-289830.028   671.295  -142.30  108.80
-289455.682   671.445     0.40   89.47
-289081.320   714.462   114.88   87.99
-288706.941   763.930   132.10   86.35
-288332.546   779.594    41.83   69.94
-287958.136   731.748  -127.76  109.04
-287583.708   646.352  -228.01  139.06
-287209.265   564.306  -219.06  112.82
-286834.805   495.538  -183.60   71.40
-286460.329   445.797  -132.80   53.75
-286085.837   422.316   -62.68   50.08
-285711.329   390.773   -84.20   54.49
-285336.804   359.980   -82.20   63.98
-284962.263   355.407   -12.21   58.26
-284587.706   365.469    26.86   52.66
-284213.133   370.248    12.76   42.18
-283838.543   362.379   -21.00   57.26
-283463.937   332.543   -79.63   71.41
-283089.315   307.431   -67.02   69.36
-282714.677   296.520   -29.11   76.21
-282340.022   297.952     3.82   77.14
-281965.351   313.236    40.78   83.44
-281590.664   340.861    73.71   80.72
-281215.960   354.879    37.40   59.79
-280841.241   341.702   -35.16   60.89
-280466.504   305.306   -97.10   86.99
-280091.752   257.748  -126.88   86.19
-279716.983   200.794  -151.93   62.28
-279342.198   174.004   -71.46   37.57
-278967.397   169.998   -10.69   44.29
-278592.579   165.998   -10.67   55.27
-278217.745   155.004   -29.32   40.80
-277842.895   147.213   -20.78   23.61
-277468.028   146.073    -3.04   16.90
-277093.145   159.657    36.23   22.24
-276718.246   180.645    55.97   34.39
-276343.330   212.384    84.64   48.34
-275968.398   241.557    77.79   45.48
-275593.450   250.657    24.26   44.74
-275218.485   260.562    26.41   51.53
-274843.504   262.948     6.36   62.96
-274468.506   268.248    14.13   71.41
-274093.492   300.948    87.18   72.84
-273718.462   322.884    58.48   72.58
-273343.416   359.864    98.58   67.75
-272968.353   398.864   103.96   67.91
-272593.273   403.004    11.03   71.35
-272218.178   381.235   -58.02   76.83
-271843.066   340.066  -109.73   91.62
-271467.937   282.473  -153.49   87.62
-271092.792   217.213  -173.92   73.85
-270717.631   175.111  -112.20   49.28
-270342.453   144.797   -80.78   30.38
-269967.259   127.543   -45.97   21.16
-269592.049   116.073   -30.56   15.67
-269216.822   108.930   -19.03   15.76
-268841.578   106.010    -7.78   15.81
-268466.319   102.073   -10.49   15.59
-268091.042    94.772   -19.45   16.43
-267715.750    90.798   -10.59   13.99
-267340.441    87.043   -10.00   11.49
-266965.115    82.448   -12.24    8.70
-266589.773    77.105   -14.23    7.68
-266214.415    73.166   -10.49    7.34
-265839.040    69.605    -9.49    5.72
-265463.649    66.469    -8.35    2.39
-265088.241    66.323    -0.39    4.02
-264712.817    68.884     6.82    9.49
-264337.376    72.605     9.91   12.28
-263961.919    74.213     4.28   14.92
-263586.445    71.700    -6.69   15.50
-263210.955    66.016   -15.13   11.58
-262835.448    62.975    -8.10    5.16
-262459.925    66.173     8.51    5.28
-262084.385    69.957    10.07    6.87
-261708.829    74.376    11.76    6.62
-261333.257    77.010     7.01    6.28
-260957.667    77.057     0.13    7.37
-260582.062    74.650    -6.41    8.86
-260206.440    71.861    -7.42    8.74
-259830.801    71.187    -1.80    7.90
-259455.146    72.213     2.73    8.66
-259079.474    72.236     0.06    8.73
-258703.786    74.040     4.80    8.49
-258328.081    74.608     1.51    9.08
-257952.360    73.284    -3.52    8.62
-257576.622    70.414    -7.64    6.83
-257200.867    71.073     1.75    6.40
-256825.096    71.414     0.91    6.71
-256449.309    75.081     9.76    7.20
-256073.505    77.033     5.19    7.12
-255697.684    77.611     1.54    6.83
-255321.847    78.648     2.76    7.07
-254945.993    81.105     6.54    8.89
-254570.123    86.430    14.16   11.12
-254194.236    87.605     3.13   11.88
-253818.332    87.771     0.44   12.05
-253442.412    87.200    -1.52   11.34
-253066.475    85.533    -4.43    7.89
-252690.522    86.843     3.48    7.81
-252314.552    88.492     4.38    7.39
-251938.566    90.010     4.04    6.09
-251562.563    92.295     6.08    6.74
-251186.543    94.384     5.55    7.77
-250810.507    98.323    10.47    8.58
-250434.454   101.367     8.09    7.32
-250058.384    99.770    -4.24    7.38
-249682.298    99.748    -0.06    7.60
-249306.195    99.306    -1.17    7.97
-248930.075    97.918    -3.69    8.06
-248553.939   101.202     8.73    8.90
-248177.786   105.224    10.69    9.43
-247801.617   109.887    12.39   13.16
-247425.431   122.724    34.12   24.32
-247049.228   135.414    33.73   35.01
-246673.009   147.680    32.59   42.23
-246296.773   159.398    31.14   46.10
-245920.520   177.867    49.08   53.35
-245544.251   195.725    47.45   52.09
-245167.965   198.601     7.64   48.05
-244791.662   186.283   -32.73   53.50
-244415.342   160.918   -67.39   50.14
-244039.006   136.452   -65.00   29.95
-243662.653   135.057    -3.71   27.44
-243286.284   151.236    42.98   35.18
-242909.898   170.795    51.96   31.45
-242533.495   192.423    57.45   28.63
-242157.075   200.975    22.72   32.53
-241780.639   209.673    23.10   37.79
-241404.185   207.724    -5.18   42.13
-241027.716   205.384    -6.21   41.37
-240651.229   204.891    -1.31   33.86
-240274.726   208.452     9.46   30.83
-239898.206   206.187    -6.02   27.27
-239521.669   192.020   -37.61   33.30
-239145.116   184.986   -18.68   32.08
-238768.545   189.399    11.72   36.38
-238391.958   195.343    15.78   34.45
-238015.355   214.523    50.92   34.53
-237638.734   228.998    38.43   33.79
-237262.097   239.798    28.67   34.96
-236885.443   270.655    81.91   48.33
-236508.772   307.520    97.85   62.28
-236132.084   364.962   152.46   85.46
-235755.380   461.702   256.75  109.23
-235378.659   549.772   233.73  116.34
-235001.921   685.520   360.25  159.96
-234625.166   853.678   446.24  200.03
-234248.395   994.236   372.98  189.21
-233871.606  1053.962   158.48  137.44
-233494.801   965.773  -234.00  204.79
-233117.979   792.111  -460.77  236.25
-232741.140   623.348  -447.75  153.75
-232364.285   512.445  -294.22  118.94
-231987.412   427.066  -226.50   69.92
-231610.523   381.260  -121.51   56.66
-231233.617   344.180   -98.36   52.77
-230856.694   306.300  -100.48   42.51
-230479.754   279.134   -72.06   40.66
-230102.798   262.283   -44.70   29.36
-229725.824   260.748    -4.07   30.30
-229348.834   279.724    50.33   55.02
-228971.827   312.825    87.78   81.39
-228594.803   370.816   153.78   99.72
-228217.762   426.406   147.41  102.49
-227842.525   465.818   105.01   93.55
-227468.803   497.818    85.61   95.68
-227095.065   538.538   108.93  105.65
-226721.310   579.770   110.30  115.25
-226347.539   632.979   142.33  112.10
-225973.751   704.361   190.93  114.67
-225599.946   749.224   119.99   96.01
-225226.125   781.316    85.83   75.47
-224852.287   738.562  -114.34  109.04
-224478.433   689.894  -130.15  111.79
-224104.562   650.452  -105.48  100.11
-223730.675   610.148  -107.78   95.65
-223356.771   585.407   -66.16  101.13
-222982.850   515.120  -187.94   97.39
-222608.913   466.190  -130.83   79.30
-222234.959   443.462   -60.76   58.78
-221860.988   449.236    15.44   66.21
-221487.001   485.475    96.88   92.64
-221112.997   536.048   135.19  110.13
-220738.977   623.166   232.88  147.72
-220364.940   727.864   279.86  137.07
-219990.886   817.748   240.25  125.78
-219616.816   905.819   235.40  119.70
-219242.729   985.605   213.24  118.60
-218868.625  1049.543   170.88   94.15
-218494.505  1055.357    15.54  105.62
-218120.368   994.887  -161.60  146.97
-217746.215   898.702  -257.03  138.34
-217372.045   835.911  -167.78  135.48
-216997.858   786.841  -131.11  166.91
-216623.654   773.143   -36.60  175.14
-216249.434   797.793    65.86  167.35
-215875.197   781.605   -43.25  156.86
-215500.943   744.952   -97.92  140.71
-215126.673   660.475  -225.67  151.80
-214752.386   574.562  -229.50  141.18
-214378.082   504.180  -188.00   93.57
-214003.762   496.120   -21.53   88.90
-213629.425   505.180    24.20   80.85
-213255.071   509.629    11.88   85.56
-212880.700   523.562    37.21   88.52
-212506.313   518.202   -14.31   80.32
-212131.909   519.538     3.57   76.33
-211757.489   515.399   -11.05   89.14
-211383.051   522.105    17.91   81.74
-211008.597   513.657   -22.56   79.34
-210634.126   499.911   -36.70   94.97
-210259.638   470.864   -77.55  100.16
-209885.134   429.998  -109.10  100.98
-209510.613   410.680   -51.57   89.28
-209136.075   396.957   -36.63   91.23
-208761.520   388.376   -22.91   91.56
-208386.949   385.652    -7.27   83.01
-208012.361   387.703     5.47   75.51
-207637.756   374.538   -35.14   58.60
-207263.134   350.225   -64.89   62.11
-206888.495   316.980   -88.72   55.40
-206513.840   294.462   -60.09   40.70
-206139.168   286.772   -20.52   45.02
-205764.479   275.469   -30.16   44.94
-205389.774   257.225   -48.68   47.86
-205015.051   226.498   -81.99   53.05
-204640.312   203.089   -62.46   48.81
-204265.556   198.818   -11.40   38.71
-203890.783   198.934     0.31   34.61
-203515.993   211.680    34.00   39.09
-203141.187   211.634    -0.12   44.83
-202766.363   221.631    26.67   60.14
-202391.523   242.407    55.41   74.16
-202016.666   238.089   -11.52   74.60
-201641.792   232.143   -15.86   67.38
-201266.901   230.057    -5.56   58.54
-200891.994   229.097    -2.56   59.43
-200517.069   269.608   108.03   77.95
-200142.128   324.934   147.53   82.13
-199767.170   372.911   127.93   78.88
-199392.195   417.980   120.17   78.39
-199017.203   465.701   127.24   91.34
-198642.194   515.700   133.30   95.58
-198267.169   511.970    -9.94   94.03
-197892.126   478.180   -90.08  102.89
-197517.067   399.066  -210.90  132.95
-197141.991   314.585  -225.20  117.35
-196766.898   237.930  -204.33   91.14
-196391.788   175.702  -165.86   53.84
-196016.661   143.724   -85.23   45.52
-195641.517   122.934   -55.41   33.05
-195266.356   112.020   -29.08   22.29
-194891.178   103.089   -23.80   21.37
-194515.984    97.543   -14.78   22.24
-194140.772    93.748   -10.11   22.77
-193765.544    84.818   -23.80   18.75
-193390.299    81.562    -8.68   18.05
-193015.036    75.934   -14.99   16.45
-192639.757    70.469   -14.56    8.85
-192264.461    71.213     1.98   10.21
-191889.148    75.907    12.50   15.77
-191513.818    91.986    42.83   32.96
-191138.471   118.839    71.53   48.51
-190763.107   153.520    92.38   57.62
-190387.726   179.293    68.65   55.08
-190012.328   188.492    24.50   47.13
-189636.913   192.907    11.76   42.62
-189261.481   188.407   -11.98   40.71
-188886.032   181.236   -19.10   36.74
-188510.566   168.143   -34.87   39.52
-188135.084   147.566   -54.79   44.81
-187759.584   122.907   -65.66   41.04
-187384.067   106.270   -44.30   32.37
-187008.533    96.073   -27.15   25.33
-186632.982    92.097   -10.59   28.00
-186257.415    83.818   -22.04   25.45
-185881.830    80.236    -9.53   22.13
-185506.228    83.004     7.37   30.55
-185130.609    97.678    39.06   37.84
-184754.973   106.469    23.40   36.06
-184379.320   112.010    14.75   33.66
-184003.650   110.306    -4.53   33.01
-183627.963   107.270    -8.08   34.42
-183252.259   103.816    -9.19   33.56
-182876.538   100.004   -10.15   34.91
-182500.800    90.907   -24.21   36.14
-182125.045    77.225   -36.41   23.07
-181749.273    72.134   -13.55   19.22
-181373.483    66.306   -15.51   16.11
-180997.677    64.680    -4.33   15.05
-180621.854    67.157     6.59   16.53
-180246.013    75.157    21.28   17.90
-179870.156    85.553    27.65   17.32
-179494.281    84.148    -3.74   19.36
-179118.389    73.585   -28.10   22.84
-178742.480    63.998   -25.50   24.21
-178366.554    58.259   -15.26   18.58
-177990.611    63.157    13.03   20.42
-177614.651    79.248    42.79   29.50
-177238.674    93.631    38.25   28.99
-176862.679   106.589    34.46   28.87
-176486.668   109.202     6.95   24.96
-176110.639   115.748    17.40   24.89
-175734.593   122.329    17.50   25.83
-175358.530   125.952     9.63   29.92
-174982.450   130.452    11.96   30.51
-174606.353   134.543    10.88   29.43
-174230.239   132.543    -5.32   30.00
-173854.107   130.562    -5.27   28.99
-173477.959   140.081    25.30   35.08
-173101.793   149.272    24.43   46.31
-172725.610   165.864    44.10   49.48
-172349.410   180.725    39.50   54.35
-171973.193   196.422    41.72   53.61
-171596.958   197.170     1.99   54.36
-171220.707   195.724    -3.84   52.18
-170844.438   195.702    -0.06   49.08
-170468.152   185.050   -28.30   42.91
-170091.849   191.980    18.41   41.14
-169715.528   185.202   -18.01   44.07
-169339.191   168.608   -44.09   42.63
-168962.836   164.585   -10.69   41.28
-168586.464   157.652   -18.42   38.36
-168210.075   150.589   -18.76   36.94
-167833.668   146.339   -11.29   34.74
-167457.245   133.120   -35.11   31.76
-167080.804   123.361   -25.92   24.42
-166704.346   124.486     2.99   26.06
-166327.871   131.770    19.35   30.36
-165951.378   144.911    34.90   30.81
-165574.868   148.469     9.45   27.00
-165198.341   140.557   -21.01   31.33
-164821.797   133.438   -18.90   28.87
-164445.235   133.225    -0.57   26.07
-164068.656   138.455    13.89   28.12
-163692.060   160.934    59.68   37.44
-163315.447   176.748    41.98   43.23
-162938.816   171.841   -13.03   45.72
-162562.169   159.980   -31.49   41.21
-162185.503   141.236   -49.76   27.87
-161808.821   147.202    15.84   30.26
-161432.121   146.724    -1.27   31.72
-161055.404   135.027   -31.05   34.86
-160678.670   130.033   -13.25   32.38
-160301.918   118.698   -30.08   23.57
-159925.149   115.998    -7.17   15.90
-159548.363   117.298     3.45   13.02
-159171.559   121.957    12.36   12.78
-158794.739   125.680     9.88   13.51
-158417.900   128.236     6.78   15.37
-158041.045   138.793    28.01   14.93
-157664.172   139.943     3.05   14.39
-157287.282   134.861   -13.48   18.29
-156910.374   129.794   -13.44   18.06
-156533.449   126.498    -8.74   13.44
-156156.507   127.213     1.90   11.62
-155779.547   134.953    20.53   12.83
-155402.571   136.634     4.46   17.54
-155025.576   135.023    -4.27   24.05
-154648.565   127.702   -19.41   23.40
-154271.535   123.980    -9.87   19.07
-153894.489   124.839     2.28   16.11
-153517.425   134.202    24.83   19.25
-153140.344   144.379    26.99   24.20
-152765.527   153.520    24.39   26.33
-152391.861   164.283    28.80   26.21
-152018.177   173.816    25.51   25.09
-151644.476   186.926    35.08   28.46
-151270.758   195.057    21.76   29.86
-150897.023   192.930    -5.69   39.89
-150523.272   176.985   -42.66   44.74
-150149.503   164.339   -33.83   36.61
-149775.716   165.073     1.97   34.40
-149401.913   181.907    45.03   42.64
-149028.093   198.725    44.98   38.01
-148654.256   209.923    29.95   36.77
-148280.401   212.543     7.01   36.38
-147906.529   204.948   -20.31   36.89
-147532.641   204.066    -2.36   41.82
-147158.735   244.585   108.35   81.02
-146784.812   293.930   131.95   94.51
-146410.872   361.166   179.78   88.52
-146036.915   394.286    88.55   61.49
-145662.940   369.316   -66.76   81.01
-145288.949   327.048  -113.00  102.62
-144914.940   254.503  -193.94   96.93
-144540.915   195.771  -157.01   48.65
-144166.872   169.352   -70.62   26.73
-143792.812   156.748   -33.69   19.04
-143418.734   154.337    -6.44   18.08
-143044.640   158.316    10.63   22.53
-142670.529   170.348    32.16   28.91
-142296.400   190.370    53.51   40.98
-141922.254   207.143    44.82   37.26
-141548.091   214.655    20.07   33.38
-141173.911   233.407    50.11   42.02
-140799.713   257.598    64.64   48.38
-140425.499   300.430   114.44   66.32
-140051.267   333.848    89.29   57.45
-139677.018   326.120   -20.65   69.53
-139302.752   312.861   -35.42   73.00
-138928.468   280.073   -87.59   55.95
-138554.168   274.270   -15.50   46.07
-138179.850   311.040    98.22   62.59
-137805.515   374.089   168.41  108.86
-137431.163   444.772   188.79  123.36
-137056.793   505.748   162.86  103.22
-136682.406   539.293    89.59   91.83
-136308.002   563.057    63.46   84.19
-135933.581   580.634    46.94   77.98
-135559.143   596.333    41.92   59.71
-135184.687   606.430    26.96   66.64
-134810.214   616.724    27.49   97.89
-134435.724   627.073    27.63  131.50
-134061.216   614.259   -34.21  140.59
-133686.691   570.650  -116.43  125.65
-133312.149   500.566  -187.10  132.81
-132937.590   455.723  -119.71  111.73
-132563.014   429.948   -68.80  118.60
-132188.420   435.934    15.98  130.31
-131813.809   444.934    24.02  122.21
-131439.180   431.962   -34.62  109.93
-131064.534   391.200  -108.79  115.19
-130689.871   335.361  -149.02   92.58
-130315.191   280.723  -145.81   47.02
-129940.493   233.725  -125.41   66.29
-129565.778   185.111  -129.72   75.36
-129191.046   156.957   -75.12   65.76
-128816.296   120.462   -97.37   39.16
-128441.529   104.333   -43.03   35.39
-128066.745    91.020   -35.52   25.65
-127691.944    86.398   -12.33   17.60
-127317.125    99.004    33.63   26.31
-126942.288   118.770    52.73   30.32
-126567.435   131.581    34.17   34.23
-126192.564   138.225    17.72   35.22
-125817.675   149.479    30.02   47.62
-125442.770   173.975    65.33   70.74
-125067.847   192.479    49.35   83.84
-124692.906   207.911    41.15   86.30
-124317.948   234.770    71.63  104.79
-123942.973   269.992    93.92  114.72
-123567.981   309.907   106.43  109.98
-123192.971   347.040    99.01  110.19
-122817.943   400.430   142.35  143.22
-122442.898   469.486   184.11  141.78
-122067.836   553.562   224.14  118.52
-121692.757   630.748   205.76   84.00
-121317.660   653.016    59.36   68.68
-120942.545   630.725   -59.42   92.79
-120567.414   595.673   -93.43  116.99
-120192.264   543.481  -139.11  118.97
-119817.098   513.445   -80.05  106.36
-119441.914   492.748   -55.16   90.18
-119066.712   491.562    -3.16   66.38
-118691.493   496.673    13.62   46.31
-118316.257   530.498    90.13   67.02
-117941.003   563.573    88.13   59.83
-117565.732   556.422   -19.05   77.69
-117190.443   515.293  -109.58  100.68
-116815.137   446.771  -182.56   95.98
-116439.813   409.339   -99.72   79.57
-116064.472   419.528    27.14   95.56
-115689.113   432.339    34.12   99.86
-115313.737   449.986    47.01   81.71
-114938.344   418.452   -83.99   78.30
-114562.933   377.134  -110.05   67.39
-114187.504   355.650   -57.22   69.90
-113812.058   350.248   -14.39   74.97
-113436.595   328.473   -57.99   75.65
-113061.114   289.361  -104.15   86.09
-112685.615   238.097  -136.51   80.70
-112310.099   203.202   -92.91   59.63
-111934.565   203.190    -0.03   54.70
-111559.014   240.850   100.27   69.90
-111183.446   258.589    47.23   54.71
-110807.860   256.098    -6.63   57.14
-110432.256   229.148   -71.74   63.80
-110056.635   198.236   -82.29   46.31
-109680.996   182.520   -41.83   37.65
-109305.340   179.975    -6.78   39.65
-108929.666   195.235    40.62   50.05
-108553.974   210.407    40.38   59.54
-108178.265   215.010    12.25   68.56
-107802.539   209.637   -14.30   80.08
-107426.795   194.837   -39.38   78.71
-107051.033   188.236   -17.56   79.19
-106675.254   165.725   -59.90   72.21
-106299.457   140.116   -68.14   50.84
-105923.642   111.180   -76.99   43.20
-105547.810    99.422   -31.28   31.50
-105171.961   104.543    13.62   34.47
-104796.094   110.089    14.75   38.04
-104420.209   124.089    37.24   46.51
-104044.306   125.702     4.29   46.00
-103668.386   129.723    10.69   53.05
-103292.449   132.611     7.68   57.90
-102916.493   130.793    -4.84   55.09
-102540.520   126.120   -12.43   39.63
-102164.530   133.907    20.71   45.34
-101788.522   157.273    62.14   53.71
-101412.496   162.657    14.32   46.03
-101036.453   169.973    19.45   43.09
-100660.391   167.992    -5.27   38.03
-100284.313   162.293   -15.15   31.25
 -99908.216   169.143    18.21   32.88
 -99532.102   189.202    53.33   51.63
 -99155.971   216.389    72.27   68.92
 -98779.821   228.043    30.98   75.27
 -98403.654   216.980   -29.41   80.38
 -98027.469   185.930   -82.53   77.84
 -97651.267   144.020  -111.39   46.48
 -97275.047   140.598    -9.10   38.44
 -96898.809   155.566    39.78   40.33
 -96522.553   159.825    11.32   37.30
 -96146.280   155.004   -12.81   39.21
 -95769.989   164.469    25.15   54.91
 -95393.681   164.911     1.17   57.92
 -95017.354   160.014   -13.01   55.10
 -94641.010   157.023    -7.95   50.08
 -94264.649   160.066     8.09   47.95
 -93888.269   184.918    66.03   60.09
 -93511.872   203.430    49.18   50.56
 -93135.457   207.655    11.22   49.22
 -92759.024   202.626   -13.36   51.98
 -92382.574   198.248   -11.63   47.66
 -92006.106   215.438    45.66   45.70
 -91629.620   230.352    39.61   43.25
 -91253.116   255.562    66.95   47.36
 -90876.594   272.548    45.11   46.53
 -90500.055   280.225    20.39   51.91
 -90123.498   297.260    45.24   58.56
 -89746.923   334.548    99.01   82.28
 -89370.331   390.566   148.74   92.13
 -88993.721   434.520   116.70   76.29
 -88617.092   443.930    24.98   69.04
 -88240.446   426.538   -46.17   85.83
 -87863.783   369.570  -151.23   96.96
 -87487.101   301.562  -180.53   82.59
 -87110.402   257.659  -116.54   60.62
 -86733.685   233.608   -63.84   34.49
 -86356.950   237.059     9.16   36.94
 -85980.197   257.538    54.35   43.16
 -85603.426   293.841    96.34   56.80
 -85226.638   321.316    72.91   61.08
 -84849.832   358.020    97.40   59.94
 -84473.008   392.270    90.88   69.21
 -84096.166   394.907     7.00   73.05
 -83719.306   387.202   -20.44   73.82
 -83342.428   370.861   -43.36   65.02
 -82965.533   352.020   -49.99   50.53
 -82588.619   364.043    31.90   54.60
 -82211.688   370.452    17.00   59.80
 -81834.739   377.724    19.29   62.44
 -81457.772   393.589    42.08   68.91
 -81080.787   403.161    25.39   81.27
 -80703.785   401.248    -5.07   92.92
 -80326.764   387.503   -36.45  107.93
 -79949.726   362.934   -65.16  101.99
 -79572.669   311.066  -137.55   69.52
 -79195.595   291.248   -52.55   59.30
 -78818.503   260.270   -82.14   59.21
 -78441.393   233.399   -71.25   45.97
 -78064.265   213.771   -52.04   23.62
 -77689.870   212.270    -4.01   23.73
 -77316.258   204.700   -20.26   26.61
 -76942.629   206.683     5.31   34.04
 -76568.983   222.701    42.87   57.13
 -76195.318   283.157   161.78   95.60
 -75821.637   364.794   218.45  112.63
 -75447.937   404.376   105.91   97.34
 -75074.220   418.361    37.42   98.78
 -74700.486   402.533   -42.35   93.17
 -74326.734   410.037    20.07   97.71
 -73952.964   450.562   108.42  125.54
 -73579.177   549.657   265.09  133.36
 -73205.372   610.180   161.90  103.73
 -72831.549   666.566   150.83   82.70
 -72457.709   676.839    27.48   98.93
 -72083.851   683.986    19.12  113.04
 -71709.975   701.816    47.69  137.36
 -71336.082   723.445    57.85  152.07
 -70962.172   745.566    59.16  122.70
 -70588.243   755.225    25.83  105.99
 -70214.297   698.884  -150.66  123.16
 -69840.334   610.770  -235.61  153.01
 -69466.352   514.391  -257.70  124.77
 -69092.353   456.861  -153.81   70.13
 -68718.337   433.770   -61.73   57.80
 -68344.302   440.952    19.20   65.41
 -67970.250   449.589    23.09   57.19
 -67596.181   445.384   -11.24   58.95
 -67222.093   419.634   -68.83   70.82
 -66847.988   394.176   -68.05   75.80
 -66473.865   370.634   -62.92   81.42
 -66099.725   349.520   -56.43   79.63
 -65725.567   344.585   -13.19   88.46
 -65351.391   346.725     5.72   93.38
 -64977.198   348.543     4.86   96.79
 -64602.986   348.952     1.09  104.64
 -64228.757   343.700   -14.03  108.75
 -63854.511   318.770   -66.61  116.49
 -63480.246   299.548   -51.36  115.98
 -63105.964   254.911  -119.25   94.06
 -62731.664   216.316  -103.11   90.35
 -62357.347   180.050   -96.88   64.02
 -61983.011   164.614   -41.23   42.63
 -61608.658   176.699    32.28   51.74
 -61234.287   208.998    86.27   67.29
 -60859.899   255.859   125.16   84.87
 -60485.492   313.283   153.36  113.92
 -60111.068   350.538    99.50  100.23
 -59736.626   375.864    67.63   92.22
 -59362.166   388.126    32.74  102.12
 -58987.689   404.867    44.70  138.63
 -58613.194   478.213   195.84  167.29
 -58238.681   580.903   274.18  180.64
 -57864.150   667.725   231.80  165.78
 -57489.601   719.566   138.40  126.02
 -57115.035   718.399    -3.12  120.15
 -56740.450   647.103  -190.32  164.18
 -56365.848   530.533  -311.17  145.91
 -55991.228   416.930  -303.24  121.64
 -55616.591   336.237  -215.38   90.02
 -55241.935   304.725   -84.10   81.81
 -54867.262   284.841   -53.07   78.35
 -54492.571   292.605    20.72   85.52
 -54117.862   324.970    86.37  108.29
 -53743.135   322.414    -6.82  111.01
 -53368.390   287.498   -93.17  122.77
 -52993.628   248.043  -105.27  106.79
 -52618.847   245.934    -5.63   90.13
 -52244.049   301.043   147.03  109.24
 -51869.233   342.557   110.75   81.10
 -51494.399   335.214   -19.59   73.12
 -51119.547   281.724  -142.69   91.37
 -50744.677   217.248  -171.99  104.94
 -50369.790   148.907  -182.29   77.94
 -49994.884   110.329  -102.90   54.64
 -49619.961    86.498   -63.56   20.95
 -49245.019    91.675    13.81   27.82
 -48870.060   108.370    44.52   36.54
 -48495.083   132.957    65.57   42.29
 -48120.088   162.515    78.82   47.66
 -47745.075   202.129   105.63   71.02
 -47370.044   259.605   153.25  101.66
 -46994.996   318.225   156.29   92.08
 -46619.929   342.098    63.65   77.39
 -46244.844   305.948   -96.37  104.15
 -45869.742   251.283  -145.73   91.97
 -45494.621   211.611  -105.75   72.66
 -45119.483   191.166   -54.50   68.48
 -44744.327   191.323     0.42   73.96
 -44369.152   157.248   -90.82   60.68
 -43993.960   150.923   -16.86   48.12
 -43618.750   174.859    63.79   58.35
 -43243.522   192.975    48.28   50.98
 -42868.275   190.930    -5.45   52.10
 -42493.011   162.430   -75.94   60.57
 -42117.729   125.953   -97.19   52.02
 -41742.429   100.134   -68.79   41.82
 -41367.111    83.319   -44.80   15.75
 -40991.775   100.903    46.85   35.73
 -40616.421   138.020    98.88   58.64
 -40241.049   177.475   105.10   69.34
 -39865.659   210.748    88.63   52.95
 -39490.251   234.800    64.07   42.96
 -39114.824   274.520   105.80   60.57
 -38739.380   323.213   129.69   68.02
 -38363.918   338.859    41.67   61.15
 -37988.438   345.592    17.93   66.83
 -37612.940   340.771   -12.84   63.96
 -37237.423   312.884   -74.26   71.38
 -36861.889   283.669   -77.79   90.19
 -36486.337   230.770  -140.85   90.65
 -36110.766   187.329  -115.66   55.60
 -35735.178   183.452   -10.32   60.84
 -35359.571   203.066    52.22   72.60
 -34983.947   207.943    12.98   66.06
 -34608.304   184.043   -63.62   74.00
 -34232.644   176.107   -21.13   82.22
 -33856.965   166.225   -26.30   76.81
 -33481.268   151.611   -38.90   58.28
 -33105.553   152.050     1.17   60.29
 -32729.820   136.792   -40.61   61.85
 -32354.069   108.523   -75.23   56.69
 -31978.299    82.748   -68.59   25.79
 -31602.512    74.773   -21.22   21.14
 -31226.707    72.816    -5.21   24.78
 -30850.883    69.339    -9.25   26.02
 -30475.041    63.701   -15.00   23.73
 -30099.181    53.370   -27.49   10.33
 -29723.304    50.473    -7.71    6.61
 -29347.407    51.930     3.88    7.75
 -28971.493    57.236    14.11    9.82
 -28595.561    63.611    16.96   10.35
 -28219.610    72.498    23.64   13.32
 -27843.642    91.200    49.74   30.92
 -27467.655   125.316    90.73   57.74
 -27091.650   151.272    69.03   63.00
 -26715.627   150.771    -1.33   59.61
 -26339.585   139.283   -30.55   60.46
 -25963.526   104.952   -91.29   47.93
 -25587.448    73.043   -84.85   23.74
 -25211.353    59.962   -34.78   16.79
 -24835.239    64.414    11.84   24.17
 -24459.106    84.934    54.55   42.54
 -24082.956    93.930    23.91   41.99
 -23706.787    91.293    -7.01   40.66
 -23330.600    76.903   -38.25   38.02
 -22954.395    73.566    -8.87   33.22
 -22578.172    68.010   -14.77   25.10
 -22201.931    65.592    -6.43   24.82
 -21825.671    64.316    -3.39   24.36
 -21449.393    59.339   -13.23   19.54
 -21073.097    62.430     8.21   27.64
 -20696.783    93.293    82.01   57.48
 -20320.450   114.157    55.44   54.99
 -19944.099   122.562    22.33   53.71
 -19567.730   104.059   -49.16   56.52
 -19191.343    65.384  -102.75   30.24
 -18814.937    50.614   -39.24   19.65
 -18438.513    48.213    -6.38   22.14
 -18062.071    49.837     4.31   26.75
 -17685.611    48.059    -4.72   26.98
 -17309.132    37.681   -27.56   21.25
 -16932.635    31.120   -17.43   17.36
 -16556.120    25.475   -14.99    6.51
 -16179.586    25.134    -0.91    5.90
 -15803.034    23.748    -3.68    7.46
 -15426.464    23.259    -1.30    6.79
 -15049.876    23.975     1.90    6.79
 -14673.269    23.225    -1.99    6.35
 -14296.644    22.557    -1.77    8.87
 -13920.000    21.009    -4.11    9.29
 -13543.339    20.770    -0.63    8.79
 -13166.659    23.339     6.82    9.20
 -12789.960    26.533     8.48    9.60
 -12413.243    26.724     0.51   11.06
 -12036.508    25.970    -2.00   12.21
 -11659.755    24.553    -3.76   13.77
 -11282.983    20.074   -11.89   14.28
 -10906.193    17.475    -6.90   15.10
 -10529.385    11.422   -16.06   12.59
 -10152.558     6.020   -14.33    9.30
  -9775.712     3.138    -7.65    6.05
  -9398.849     2.702    -1.16    5.33
  -9021.967     3.843     3.03    6.63
  -8645.067     4.111     0.71    5.49
  -8268.148     5.348     3.28    5.35
  -7891.211     6.283     2.48    4.92
  -7514.255     7.157     2.32    4.74
  -7137.281     7.848     1.83    4.27
  -6760.289     8.884     2.75    3.15
  -6383.278     9.236     0.93    2.78
  -6006.249     9.430     0.51    1.71
  -5629.201     9.059    -0.98    2.28
  -5252.135     8.772    -0.76    2.34
  -4875.051     7.861    -2.42    2.82
  -4497.948     7.348    -1.36    2.98
  -4120.827     6.770    -1.53    3.44
  -3743.687     6.225    -1.45    4.02
  -3366.529     5.422    -2.13    4.43
  -2989.352     3.930    -3.96    4.75
  -2615.391     3.123    -2.16    4.92
  -2241.842     1.589    -4.11    4.14
  -1868.276     0.283    -3.50    2.45
  -1494.692    -0.252    -1.43    0.00
  -1121.089    -0.252     0.00    0.00
   -747.469    -0.252     0.00    0.00
   -373.830    -0.252     0.00    0.00
     -0.173    -0.252     0.00    0.00
    373.502    -0.252     0.00    0.00
    747.195    -0.252     0.00    0.00
   1120.906    -0.252     0.00    0.00
   1494.636    -0.252     0.00    0.00
   1868.383     0.166     1.12    2.21
   2242.149     2.526     6.31    5.13
   2615.932     5.023     6.68    5.83
   2989.734     7.770     7.35    5.18
   3363.554    10.224     6.56    2.71
   3737.393     9.934    -0.78    3.35
   4111.249     9.566    -0.98    3.67
   4485.123     8.236    -3.56    4.56
   4859.016     7.192    -2.79    4.93
   5232.927     7.298     0.28    5.15
   5606.856     6.998    -0.80    5.08
   5980.803     6.367    -1.69    4.54
   6354.768     5.748    -1.66    3.77
   6728.752     5.975     0.61    2.84
   7102.754     6.543     1.52    1.62
   7476.774     6.992     1.20    2.30
   7850.812     7.598     1.62    3.39
   8224.868     7.930     0.89    4.98
   8598.943     7.445    -1.29    2.93
   8973.036     6.938    -1.36    2.22
   9347.147     6.680    -0.69    1.87
   9721.276     6.452    -0.61    1.76
  10095.424     6.161    -0.78    1.84
  10469.589     6.016    -0.39    2.23
  10843.773     6.180     0.44    2.99
  11217.976    10.839    12.45    9.64
  11592.196    13.700     7.65   10.45
  11966.435    21.748    21.50   16.67
  12340.692    33.770    32.12   29.60
  12714.967    57.313    62.90   56.33
  13089.260   101.845   118.98   85.22
  13463.572   133.681    85.05   89.84
  13837.902   174.861   110.01   78.59
  14212.251   182.391    20.11   65.27
  14586.617   163.066   -51.62   71.73
  14961.002   122.103  -109.41   85.44
  15335.405    78.335  -116.90   65.58
  15709.827    41.272   -98.99   35.84
  16084.267    29.059   -32.62   24.99
  16458.725    24.975   -10.91   14.86
  16833.201    32.339    19.66   23.14
  17207.696    45.543    35.26   27.93
  17582.209    60.089    38.84   30.49
  17956.741    70.661    28.23   34.43
  18331.290    80.462    26.17   35.05
  18705.858    87.316    18.30   36.69
  19080.445    91.952    12.38   38.46
  19455.050    86.702   -14.02   38.74
  19829.673    79.459   -19.34   36.84
  20204.314    91.452    32.01   48.47
  20578.974   110.248    50.17   56.24
  20953.652   118.399    21.76   53.80
  21328.349   108.281   -27.00   56.62
  21703.064    77.270   -82.76   48.05
  22077.797    56.225   -56.16   34.12
  22452.549    41.089   -40.39   19.90
  22827.319    35.180   -15.77   15.65
  23202.107    29.236   -15.86    7.27
  23576.914    24.930   -11.49    7.17
  23951.739    20.859   -10.86    6.42
  24326.583    16.793   -10.85    6.44
  24701.445    13.770    -8.06    5.59
  25076.325    12.475    -3.46    4.52
  25451.224    16.066     9.58    9.88
  25826.142    28.952    34.37   27.61
  26201.077    30.907     5.21   29.24
  26576.032    29.248    -4.42   30.87
  26951.004    20.839   -22.43   28.72
  27325.995     9.270   -30.85    6.71
  27701.005     7.861    -3.76    4.78
  28076.033     8.180     0.85    5.36
  28451.079     7.430    -2.00    5.11
  28826.144     5.816    -4.30    4.52
  29201.227     4.680    -3.03    3.12
  29576.329     4.548    -0.35    2.55
  29951.450     5.538     2.64    3.42
  30326.588     6.634     2.92    3.56
  30701.746     7.683     2.79    3.16
  31076.921     7.726     0.11    2.91
  31452.116     8.202     1.27    2.43
  31827.328     8.841     1.70    2.87
  32202.559     9.570     1.94    3.31
  32577.809    10.510     2.50    3.75
  32953.077    11.059     1.46    3.96
  33328.364    11.170     0.30    4.69
  33703.670    10.770    -1.07    4.48
  34078.993    10.520    -0.66    4.27
  34454.336    10.818     0.79    4.45
  34829.697    11.859     2.77    3.76
  35205.076    12.557     1.86    4.35
  35580.474    13.361     2.14    4.60
  35955.890    14.657     3.45    4.70
  36331.325    16.793     5.69    5.18
  36706.779    19.498     7.20    4.76
  37082.251    21.016     4.04    4.03
  37457.742    22.180     3.10    4.38
  37833.251    22.891     1.89    5.01
  38208.779    22.703    -0.50    5.79
  38584.326    21.884    -2.18    5.80
  38959.891    21.225    -1.75    4.93
  39335.474    21.520     0.79    4.03
  39711.077    21.699     0.48    3.26
  40086.697    23.634     5.15    3.69
  40462.337    25.676     5.44    3.26
  40837.995    26.859     3.15    3.65
  41213.672    28.014     3.08    3.69
  41589.367    27.818    -0.52    3.69
  41965.081    28.952     3.02    3.86
  42340.813    28.673    -0.74    4.36
  42716.565    28.520    -0.41    5.03
  43092.334    29.957     3.82    5.18
  43468.123    30.637     1.81    6.21
  43843.930    32.592     5.20    6.05
  44219.756    33.676     2.88    7.18
  44595.600    32.907    -2.05    7.57
  44971.463    31.973    -2.49    8.92
  45347.345    34.748     7.38   13.44
  45723.245    40.680    15.78   13.03
  46099.164    41.180     1.33   12.80
  46475.102    40.081    -2.92   13.95
  46851.058    35.284   -12.76   13.09
  47227.034    37.384     5.59   17.81
  47603.027    37.431     0.12   23.14
  47979.040    35.027    -6.39   24.43
  48355.071    27.392   -20.30   18.45
  48731.121    20.111   -19.36   11.53
  49107.190    16.117   -10.62    7.85
  49483.277    13.357    -7.34    1.70
  49859.383    13.526     0.45    1.41
  50235.508    14.907     3.67    2.40
  50611.651    16.050     3.04    4.02
  50987.814    16.839     2.10    4.29
  51363.995    17.702     2.30    4.37
  51740.194    17.487    -0.57    4.15
  52116.413    18.033     1.45    3.91
  52492.650    18.437     1.07    4.33
  52868.906    18.339    -0.26    4.82
  53245.181    17.059    -3.40    3.64
  53621.475    16.259    -2.13    1.41
  53997.787    16.134    -0.33    1.15
  54374.118    16.414     0.74    1.19
  54750.468    16.884     1.25    1.34
  55126.836    17.303     1.11    1.37
  55503.224    17.748     1.18    1.95
  55879.630    18.566     2.17    2.50
  56256.055    19.637     2.84    2.75
  56632.499    20.617     2.61    3.24
  57008.962    21.703     2.88    3.15
  57385.443    22.081     1.00    2.96
  57761.944    22.445     0.97    2.47
  58138.463    22.835     1.03    2.44
  58515.001    23.462     1.67    2.48
  58891.557    24.111     1.72    2.43
  59268.133    24.900     2.09    2.43
  59644.728    26.225     3.52    3.05
  60021.341    27.134     2.41    3.13
  60397.973    28.295     3.08    3.62
  60774.624    29.487     3.16    3.99
  61151.294    31.004     4.03    3.87
  61527.983    33.348     6.22    4.39
  61904.690    35.329     5.26    4.71
  62281.417    36.469     3.03    4.11
  62658.162    37.952     3.94    4.00
  63034.927    38.498     1.45    4.09
  63411.710    39.103     1.61    3.58
  63788.512    41.316     5.87    3.48
  64165.333    42.998     4.46    4.14
  64542.173    46.170     8.42    5.21
  64919.032    49.455     8.72    5.98
  65295.909    54.248    12.72    8.46
  65672.806    58.455    11.16    9.26
  66049.722    62.475    10.67   11.08
  66426.656    70.903    22.36   17.74
  66803.609    75.841    13.10   15.32
  67180.582    89.043    35.02   21.71
  67557.573   107.948    50.15   31.83
  67934.583   129.475    57.10   40.10
  68311.613   164.089    91.81   49.64
  68688.661   196.702    86.50   56.98
  69065.728   228.770    85.05   67.79
  69442.814   269.105   106.97   84.29
  69819.919   306.526    99.24   71.84
  70197.043   330.867    64.55   67.15
  70574.186   333.952     8.18   69.22
  70951.348   325.414   -22.64   82.17
  71328.529   324.503    -2.42   90.25
  71705.729   304.192   -53.85   81.36
  72082.948   299.819   -11.59   75.74
  72456.493   275.370   -65.46   73.48
  72829.985   253.841   -57.65   69.33
  73203.495   240.248   -36.40   60.69
  73577.024   217.839   -60.00   50.48
  73950.572   194.943   -61.30   48.10
  74324.138   188.134   -18.23   38.59
  74697.723   175.004   -35.15   33.33
  75071.326   189.103    37.74   42.10
  75444.949   192.259     8.45   45.44
  75818.589   180.770   -30.75   56.92
  76192.249   156.703   -64.41   58.22
  76565.927   128.248   -76.16   49.70
  76939.624   102.407   -69.15   34.63
  77313.339    87.475   -39.96   28.43
  77687.073    78.291   -24.57   20.23
  78060.826    76.097    -5.87   22.71
  78434.597    74.526    -4.20   22.52
  78808.388    69.020   -14.73   21.79
  79182.196    67.503    -4.06   20.28
  79556.024    70.948     9.21   25.84
  79929.870    80.930    26.70   31.18
  80303.735    83.548     7.00   27.02
  80677.619    79.498   -10.83   23.90
  81051.521    76.814    -7.18   22.89
  81425.442    74.225    -6.93   21.52
  81799.382    73.037    -3.18   22.42
  82173.340    74.111     2.87   20.73
  82547.318    71.498    -6.99   21.98
  82921.314    63.998   -20.06   24.12
  83295.328    50.657   -35.67   13.03
  83669.362    44.816   -15.62   12.72
  84043.414    38.859   -15.93    5.13
  84417.485    36.884    -5.28    2.75
  84791.575    37.059     0.47    3.19
  85165.683    37.657     1.60    3.48
  85539.810    37.370    -0.77    3.61
  85913.956    37.570     0.53    3.74
  86288.121    37.498    -0.19    3.91
  86662.305    35.748    -4.68    5.53
  87036.507    34.794    -2.55    6.28
  87410.728    32.030    -7.39    6.44
  87784.968    30.543    -3.97    6.30
  88159.227    29.570    -2.60    6.14
  88533.505    28.052    -4.06    5.72
  88907.801    27.225    -2.21    5.48
  89282.116    26.259    -2.58    5.44
  89656.450    23.980    -6.09    5.35
  90030.803    21.204    -7.42    5.17
  90405.175    18.678    -6.75    4.21
  90779.565    16.407    -6.07    2.16
  91153.975    15.313    -2.92    1.80
  91528.403    14.884    -1.15    1.82
  91902.850    15.407     1.40    2.21
  92277.316    15.938     1.42    2.34
  92651.801    15.965     0.07    2.11
  93026.304    15.772    -0.52    2.11
  93400.827    15.103    -1.78    1.73
  93775.368    14.952    -0.40    1.69
  94149.928    14.859    -0.25    1.73
  94524.508    14.952     0.25    1.89
  94899.106    15.176     0.60    1.77
  95273.722    14.816    -0.96    1.68
  95648.358    14.391    -1.14    1.39
  96023.013    14.303    -0.23    1.34
  96397.687    14.134    -0.45    1.38
  96772.379    14.293     0.42    1.39
  97147.091    14.020    -0.73    1.50
  97521.821    13.577    -1.18    1.75
  97896.570    13.339    -0.64    1.88
  98271.338    13.200    -0.37    1.93
  98646.126    13.148    -0.14    2.16
  99020.932    13.526     1.01    2.30
  99395.757    14.225     1.87    1.87
  99770.601    14.089    -0.36    1.83
 100145.464    13.382    -1.89    2.06
 100520.345    12.452    -2.48    1.84
 100895.246    12.414    -0.10    1.83
 101270.166    13.037     1.66    1.85
 101645.105    13.659     1.66    1.86
 102020.063    14.120     1.23    1.51
 102395.039    14.281     0.43    1.50
 102770.035    14.298     0.04    1.41
 103145.050    13.975    -0.86    1.65
 103520.084    12.864    -2.96    2.41
 103895.136    11.214    -4.40    2.75
 104270.208     9.839    -3.67    2.32
 104645.299     8.818    -2.72    1.26
 105020.409     8.770    -0.13    1.10
 105395.537     8.898     0.34    1.08
 105770.685     9.043     0.39    1.05
 106145.852     9.190     0.39    0.93
 106521.038     9.180    -0.03    0.93
 106896.243     9.326     0.39    1.14
 107271.467     9.724     1.06    1.50
 107646.710    11.661     5.16    3.13
 108021.972    14.057     6.39    4.21
 108397.253    16.326     6.04    4.80
 108772.553    18.066     4.64    4.57
 109147.872    19.835     4.71    4.68
 109523.211    20.248     1.10    4.28
 109898.568    21.399     3.07    3.82
 110273.945    22.052     1.74    3.94
 110649.340    24.033     5.28    4.50
 111024.755    25.992     5.22    4.98
 111400.188    28.066     5.52    4.87
 111775.641    29.237     3.12    4.61
 112151.113    30.103     2.31    4.31
 112526.604    29.680    -1.13    4.57
 112902.115    29.903     0.60    4.98
 113277.644    28.907    -2.65    5.24
 113653.192    28.659    -0.66    5.57
 114028.760    27.430    -3.27    5.25
 114404.347    26.303    -3.00    5.11
 114779.953    25.475    -2.21    4.90
 115155.577    25.270    -0.54    4.74
 115531.222    25.566     0.79    4.12
 115906.885    26.202     1.69    3.91
 116282.567    26.748     1.45    3.61
 116658.269    28.370     4.32    3.61
 117033.990    30.543     5.78    3.98
 117409.730    31.922     3.67    3.74
 117785.489    33.226     3.47    3.60
 118161.267    35.014     4.76    4.05
 118537.065    36.475     3.89    3.91
 118912.882    37.492     2.71    3.55
 119288.717    38.148     1.75    4.20
 119664.573    38.795     1.72    4.14
 120040.447    39.878     2.88    4.39
 120416.340    42.634     7.33    4.91
 120792.253    45.326     7.16    6.51
 121168.185    51.748    17.09    9.87
 121544.136    53.967     5.90    9.47
 121920.107    54.384     1.11    9.08
 122296.097    54.162    -0.59    9.09
 122672.105    52.503    -4.41    7.29
 123048.134    61.270    23.32   16.37
 123424.181    80.861    52.10   39.81
 123800.248   105.043    64.31   43.94
 124176.334   116.700    31.00   39.44
 124552.439   111.520   -13.77   36.06
 124928.563    94.033   -46.50   28.44
 125304.707    79.081   -39.76   19.56
 125680.870    77.748    -3.54   18.81
 126057.053    78.445     1.85   22.71
 126433.254    89.570    29.57   25.65
 126809.475    97.098    20.01   22.20
 127185.715    94.680    -6.43   22.46
 127561.975    84.170   -27.94   22.13
 127938.254    74.975   -24.44   14.52
 128314.552    68.992   -15.90   11.30
 128690.869    65.795    -8.50    8.31
 129067.206    64.704    -2.90    7.25
 129443.562    63.676    -2.73    7.41
 129819.938    63.592    -0.22    7.02
 130196.332    64.791     3.19    5.70
 130572.747    65.465     1.79    4.97
 130949.180    65.059    -1.08    4.18
 131325.633    64.748    -0.83    3.86
 131702.105    62.617    -5.66    4.39
 132078.597    61.190    -3.79    3.96
 132455.108    61.237     0.12    4.60
 132831.638    61.459     0.59    4.99
 133208.188    61.509     0.13    4.78
 133584.757    61.526     0.04    4.58
 133961.345    59.681    -4.90    4.39
 134337.953    57.814    -4.96    4.54
 134714.580    56.126    -4.48    3.68
 135091.227    55.452    -1.79    3.75
 135467.893    55.617     0.44    3.53
 135844.579    54.748    -2.31    4.14
 136221.284    53.370    -3.66    4.42
 136598.008    52.400    -2.58    4.63
 136974.752    51.170    -3.27    4.84
 137351.515    49.861    -3.47    4.86
 137728.297    49.557    -0.81    4.89
 138105.100    49.335    -0.59    4.11
 138481.921    48.089    -3.31    3.70
 138858.762    46.881    -3.20    4.42
 139235.623    44.225    -7.05    4.38
 139612.502    42.161    -5.48    3.92
 139989.402    38.998    -8.39    3.87
 140366.321    36.773    -5.90    3.66
 140743.259    34.348    -6.43    3.19
 141120.217    32.562    -4.74    1.98
 141497.194    31.814    -1.98    1.81
 141874.191    32.225     1.09    2.44
 142251.207    32.772     1.45    2.61
 142628.243    32.702    -0.18    2.53
 143005.298    32.533    -0.45    2.30
 143382.373    32.526    -0.02    2.42
 143759.467    32.339    -0.50    2.36
 144136.581    31.975    -0.96    2.42
 144513.715    30.970    -2.67    2.65
 144890.868    30.098    -2.31    2.17
 145268.040    29.430    -1.77    1.84
 145645.232    28.814    -1.63    1.40
 146022.444    28.407    -1.08    1.24
 146399.675    28.014    -1.04    1.23
 146776.925    27.680    -0.89    1.42
 147153.906    27.291    -1.03    1.63
 147527.317    27.010    -0.75    1.67
 147900.747    26.793    -0.58    1.67
 148274.196    26.566    -0.61    1.50
 148647.665    26.498    -0.18    1.35
 149021.152    26.059    -1.18    1.41
 149394.659    25.570    -1.31    1.28
 149768.185    25.226    -0.92    1.24
 150141.730    24.861    -0.98    1.24
 150515.295    24.548    -0.84    1.29
 150888.878    24.236    -0.83    1.50
 151262.481    24.043    -0.52    1.41
 151636.103    23.770    -0.73    1.25
 152009.744    23.465    -0.82    1.24
 152383.404    23.226    -0.64    1.22
 152757.084    23.248     0.06    1.68
 153130.783    23.291     0.12    1.79
 153504.501    22.884    -1.09    1.27
 153878.238    23.259     1.00    1.63
 154251.994    23.259     0.00    1.46
 154625.770    23.370     0.30    1.47
 154999.565    23.269    -0.27    1.13
 155373.379    23.225    -0.12    1.25
 155747.212    23.422     0.53    1.23
 156121.065    23.520     0.26    1.24
 156494.937    23.589     0.18    1.08
 156868.828    23.414    -0.47    1.24
