# NaN NaN NaN ;Mean Elev.(m), Avg Gradient(m/km), RMS Gradient(m/km) - SRTM1     
#   13.808   0.979  27.745 ;Mean Elev.(m), Avg Gradient(m/km), RMS Gradient(m/km) - ASTER GDEM
#   11.869   0.606  27.753 ;Mean Elev.(m), Avg Gradient(m/km), RMS Gradient(m/km) - GMTED2010 
  7 115.166972  30.218338    20.784    20.790  3 52467.58295374 26.816
  8 115.167863  30.218957    20.422    20.429  3 52502.58294435 26.899
  9 115.163760  30.216771    19.011    18.321  3 52537.58292913 22.734
 10 115.164902  30.217492    19.284    19.217  4 52572.58296775 23.429
 12 115.164890  30.216706    14.142    12.693  4 52642.58292284 31.042
 13 115.172191  30.219404    20.950    20.812  3 52677.58290806 19.860
 14 115.164308  30.216275    21.094    21.034  4 52712.58294175 25.265
 15 115.160939  30.217599    20.569    20.064  4 52747.58296840 24.225
 16 115.162282  30.217121    19.023    19.048  4 52782.58290828 31.410
 17 115.161745  30.217620    17.975    18.021  3 52817.58298702 27.942
 18 115.167032  30.217963    19.558    19.548  4 52852.58303713 28.593
 20 115.170079  30.218204    17.879    17.299  4 52922.58302585 27.458
 21 115.170874  30.218553    14.314    11.809  3 52957.58299145 29.102
 22 115.170367  30.219543    19.411    19.651  3 52992.58301452 22.199
 23 115.176101  30.219466    19.317    19.370  4 53027.58297997 25.006
 24 115.172984  30.220382    19.204    19.261  4 53062.58298884 25.795
 25 115.165516  30.216260    20.950    18.986  3 53097.58300900 19.542
 26 115.174819  30.218359    15.473    15.307  4 53132.58298590 29.466
 28 115.166578  30.217485    20.100    19.481  4 53202.58306267 22.025
 29 115.176756  30.218203    18.750    18.643  4 53237.58303125 24.591
 30 115.166394  30.217139    18.760    18.721  3 53272.58298904 22.346
 31 115.160971  30.218212    18.387    17.675  3 53307.58305205 24.475
 32 115.168960  30.218850    20.015    20.019  4 53342.58301885 24.570
 33 115.168044  30.216831    16.848    18.693  3 53377.58295545 21.304
 34 115.172005  30.218323    20.885    20.656  4 53412.58299441 25.030
 35 115.163696  30.216652    18.822    18.760  4 53447.58298024 25.300
 36 115.158686  30.219949    20.017    19.823  3 53482.58306640 31.236
 37 115.169306  30.218307    18.243    17.671  4 53517.58306713 30.727
 38 115.162652  30.215940    20.238    19.867  3 53552.58308791 20.410
 39 115.173866  30.218381    18.205    18.102  4 53587.58303995 26.078
 40 115.157528  30.217834    20.338    20.365  4 53622.58300873 33.457
 41 115.164673  30.216465    23.254    21.740  3 53657.58303587 20.404
 42 115.168178  30.217551    21.662    20.290  4 53692.58301963 21.980
 43 115.174685  30.219113    18.681    18.805  5 53727.58294317 25.335
 44 115.172212  30.219679    19.674    19.732  4 53762.58289901 26.613
 45 115.174606  30.217978    19.983    20.024  4 53797.58290980 20.785
 47 115.164582  30.217060    22.329    22.716  4 53867.58296907 23.025
 48 115.166350  30.218315    17.728    17.250  3 53902.58300014 28.077
 49 115.157484  30.217732    18.537    18.627  4 53937.58303768 27.350
 50 115.166723  30.217521    17.119    19.296  3 53972.58300094 20.726
 51 115.166398  30.217809    13.694    11.694  3 54007.58298753 25.664
 52 115.170899  30.219180    20.916    20.706  4 54042.58301184 26.163
 53 115.169820  30.219461    23.202    21.377  3 54077.58300567 23.317
 54 115.172012  30.218323    20.996    21.036  4 54112.58294472 21.313
 55 115.166427  30.217360    22.213    22.725  3 54147.58294898 21.454
 56 115.171598  30.218961    11.699    11.715  3 54182.58293300 35.587
 57 115.165566  30.217001    19.012    18.722  3 54217.58295737 22.198
 58 115.166952  30.217541    13.149    13.138  3 54252.58298340 34.023
 59 115.170211  30.219445    18.458    17.779  4 54287.58298817 29.252
 60 115.170080  30.217872    20.258    20.245  3 54322.58298493 32.679
 61 115.172631  30.220071    18.746    18.495  4 54357.58294359 26.362
 62 115.169086  30.217224    19.015    19.269  3 54392.58292523 21.053
 63 115.171064  30.218906    13.623    10.619  3 54427.58289334 24.713
 64 115.168128  30.216906    29.691    32.427  3 54462.58290312 18.062
 65 115.171001  30.219394     9.424     9.427  4 54497.58290186 45.373
 66 115.169545  30.218136    12.089     9.397  4 54532.58291662 30.410
 67 115.172416  30.218289    19.913    19.715  4 54567.58290655 26.521
 68 115.167539  30.217369    18.214    19.326  4 54602.58291216 23.781
 69 115.167544  30.218752    17.689    17.405  3 54637.58292333 31.540
 70 115.168177  30.217466    17.375    17.408  3 54672.58292635 38.281
 71 115.172319  30.218945    22.751    22.094  4 54707.58288594 20.414
 72 115.167752  30.217362    21.537    21.420  3 54742.58289160 21.713
 73 115.171115  30.219833    23.138    22.449  4 54777.58286729 33.489
 74 115.166837  30.216606    13.021    11.802  3 54812.58288478 29.479
 75 115.170536  30.218179    24.417    21.755  3 54847.58286751 18.022
 76 115.166796  30.216867    21.474    22.010  3 54882.58288808 19.858
 77 115.169518  30.219480    22.526    22.360  3 54917.58287024 21.874
 78 115.166712  30.216825    18.066    16.266  3 54952.58288250 26.520
 79 115.165672  30.216338    18.086    17.734  4 54987.58290671 27.066
 80 115.170668  30.218990    18.176    18.144  3 55022.58289911 32.077
 81 115.169747  30.218245    19.079    19.123  3 55057.58289515 33.347
 82 115.170787  30.219565    21.542    20.687  3 55092.58285117 24.092
 83 115.168495  30.217159    13.544    10.939  3 55127.58283469 27.801
 84 115.169786  30.218570    20.590    19.984  3 55162.58281213 23.542
 85 115.166571  30.217034    16.902    18.626  4 55197.58282610 24.510
 86 115.170348  30.218780    13.514    10.135  3 55232.58281617 27.813
 87 115.168732  30.217032    18.056    20.650  3 55267.58282050 20.886
 88 115.172792  30.219479    20.845    20.796  4 55302.58279679 22.434
 89 115.168845  30.217820    21.777    22.167  3 55337.58279528 23.331
 90 115.170411  30.218002    20.551    20.591  3 55372.58278503 27.816
 91 115.169289  30.217398    22.169    22.155  3 55407.58280537 28.545
 92 115.169757  30.219340    20.166    20.339  3 55442.58280436 26.779
 93 115.173554  30.219112    19.889    19.788  3 55477.58274421 21.507
