# NaN NaN NaN ;Mean Elev.(m), Avg Gradient(m/km), RMS Gradient(m/km) - SRTM1     
#    6.325  -0.326  10.615 ;Mean Elev.(m), Avg Gradient(m/km), RMS Gradient(m/km) - ASTER GDEM
#   16.456  -0.410   8.879 ;Mean Elev.(m), Avg Gradient(m/km), RMS Gradient(m/km) - GMTED2010 
  8    23.237 52486.58502355 24.93 114.340782  30.623270  5.484
  8    22.856 52486.58502419 25.40 114.339882  30.626560  5.484
  8    22.526 52486.58502484 25.92 114.338982  30.629850  5.484
  8    22.554 52486.58502548 28.09 114.338082  30.633128 26.508
  8    22.780 52486.58502612 27.44 114.337192  30.636418 26.508
  8    22.917 52486.58502677 26.43 114.336292  30.639708 26.508
  9    25.576 52521.58499184 23.46 114.341643  30.621815 12.404
  9    26.189 52521.58499248 18.05 114.340743  30.625095 12.404
  9    23.844 52521.58499313 18.47 114.339843  30.628385 12.404
  9    23.691 52521.58499377 17.85 114.338943  30.631675 12.404
  9    24.418 52521.58499442 17.91 114.338053  30.634955 12.404
  9    24.209 52521.58499506 18.03 114.337153  30.638245 12.404
 11    26.299 52591.58503488 22.39 114.337484  30.617154  5.453
 11    26.460 52591.58503553 22.33 114.336584  30.620434  5.453
 11    27.345 52591.58503617 21.77 114.335684  30.623724  5.453
 11    26.879 52591.58503682 21.95 114.334784  30.627004  5.453
 11    27.723 52591.58503746 22.37 114.333884  30.630294  5.453
 11    27.398 52591.58503811 23.45 114.332984  30.633574  5.453
 12    24.329 52626.58495420 21.83 114.344015  30.624389 10.195
 12    25.487 52626.58495484 20.49 114.343115  30.627669 10.195
 12    26.028 52626.58495549 20.61 114.342215  30.630959 10.195
 12    26.786 52626.58495613 20.58 114.341325  30.634239 10.195
 12    27.088 52626.58495678 20.80 114.340422  30.637534 21.679
 12    27.027 52626.58495742 23.10 114.339522  30.640814 21.679
 13    25.140 52661.58499932 20.40 114.339799  30.619872 10.938
 13    25.806 52661.58499996 19.79 114.338899  30.623152 10.938
 13    25.795 52661.58500061 20.17 114.337999  30.626442 10.938
 13    25.909 52661.58500125 19.93 114.337109  30.629732 10.938
 13    25.730 52661.58500190 19.53 114.336209  30.633012 10.938
 13    24.598 52661.58500254 22.94 114.335309  30.636302 10.938
 14    25.005 52696.58497712 23.70 114.339491  30.618198  8.870
 14    26.255 52696.58497776 22.64 114.338591  30.621484 13.656
 14    25.900 52696.58497841 22.25 114.337691  30.624774 13.656
 14    26.562 52696.58497905 22.14 114.336791  30.628064 13.656
 14    26.472 52696.58497970 21.99 114.335891  30.631344 13.656
 14    25.437 52696.58498034 23.44 114.334991  30.634634 13.656
 14    20.178 52696.58498099 33.31 114.334091  30.637914 13.656
 15    26.667 52731.58500417 19.53 114.345560  30.626713  6.437
 15    26.532 52731.58500482 18.62 114.344660  30.629993  6.437
 15    26.168 52731.58500546 19.15 114.343770  30.633283  6.437
 15    25.878 52731.58500611 19.47 114.342870  30.636573  6.437
 15    24.606 52731.58500675 20.41 114.341970  30.639853  6.437
 15    21.649 52731.58500739 26.16 114.341070  30.643143  6.437
 16    25.438 52766.58501242 21.91 114.338776  30.619666 10.728
 16    25.996 52766.58501306 18.70 114.337876  30.622953 14.515
 16    25.973 52766.58501371 18.55 114.336976  30.626233 14.515
 16    26.306 52766.58501435 19.35 114.336076  30.629523 14.515
 16    25.176 52766.58501500 21.87 114.335186  30.632803 14.515
 16    18.411 52766.58501564 31.02 114.334286  30.636093 14.515
 17    24.993 52801.58501537 18.93 114.338387  30.618115  6.517
 17    26.055 52801.58501602 19.31 114.337487  30.621395  6.517
 17    25.712 52801.58501666 19.58 114.336587  30.624685  6.517
 17    25.958 52801.58501731 19.91 114.335697  30.627975  6.517
 17    24.442 52801.58501795 20.58 114.334797  30.631255  6.517
 17    20.450 52801.58501860 25.41 114.333897  30.634545  6.517
 18    25.514 52836.58508211 31.66 114.340100  30.621488 13.483
 18    24.929 52836.58508276 27.44 114.339200  30.624778 13.483
 18    24.747 52836.58508340 26.27 114.338300  30.628058 13.483
 18    24.577 52836.58508405 25.00 114.337410  30.631348 13.483
 18    24.983 52836.58508469 22.51 114.336510  30.634638 13.483
 18    25.235 52836.58508534 22.62 114.335610  30.637918 13.483
 19    26.431 52871.58512294 18.22 114.341325  30.623188 11.534
 19    22.929 52871.58512358 20.00 114.340425  30.626468 11.534
 19    22.340 52871.58512423 20.32 114.339525  30.629758 11.534
 19    21.031 52871.58512487 21.45 114.338625  30.633038 11.534
 19    20.453 52871.58512552 24.65 114.337735  30.636328 11.534
 19    20.554 52871.58512616 27.99 114.336835  30.639618 11.534
 20    21.982 52906.58511704 24.80 114.342373  30.623827 26.069
 20    21.916 52906.58511768 25.16 114.341483  30.627117 26.069
 20    21.249 52906.58511833 27.60 114.340583  30.630397 26.069
 20    21.424 52906.58511897 27.72 114.339683  30.633687 26.069
 20    21.733 52906.58511961 28.21 114.338783  30.636967 26.069
 20    21.959 52906.58512026 29.81 114.337883  30.640257 26.069
 21    23.486 52941.58504707 24.18 114.339780  30.621466 10.710
 21    16.760 52941.58504771 24.86 114.338880  30.624756 10.710
 21    16.813 52941.58504836 25.28 114.337980  30.628036 10.710
 21    19.145 52941.58504900 26.09 114.337090  30.631326 10.710
 21    19.571 52941.58504965 26.50 114.336190  30.634616 10.710
 21    20.277 52941.58505029 26.64 114.335290  30.637896 10.710
 23    26.245 53011.58509918 20.19 114.338346  30.617181  9.345
 23    25.720 53011.58509982 20.32 114.337449  30.620467 12.305
 23    25.607 53011.58510047 19.79 114.336549  30.623747 12.305
 23    25.555 53011.58510111 19.70 114.335659  30.627037 12.305
 23    25.809 53011.58510175 19.40 114.334759  30.630317 12.305
 23    23.190 53011.58510240 21.62 114.333859  30.633607 12.305
 23    19.573 53011.58510304 33.58 114.332959  30.636897 12.305
 24    23.639 53046.58506479 21.20 114.337087  30.616741  8.146
 24    22.943 53046.58506544 22.48 114.336187  30.620021  8.146
 24    11.980 53046.58506608 23.58 114.335287  30.623311  8.146
 24    11.882 53046.58506673 23.70 114.334397  30.626601  8.146
 24    19.783 53046.58506737 24.15 114.333497  30.629881  8.146
 24    19.960 53046.58506802 25.88 114.332597  30.633171  8.146
 25    28.292 53081.58509922 17.67 114.335908  30.617330 10.132
 25    27.473 53081.58509987 17.39 114.335008  30.620620 10.132
 25    26.895 53081.58510051 17.27 114.334108  30.623910 10.132
 25    26.321 53081.58510116 17.05 114.333218  30.627190 10.132
 25    21.367 53081.58510180 20.76 114.332318  30.630480 10.132
 25    19.792 53081.58510245 30.55 114.331418  30.633760 10.132
 26    22.700 53116.58506936 23.53 114.334301  30.614910 10.399
 26    15.820 53116.58507001 23.78 114.333401  30.618190 10.399
 26    15.647 53116.58507065 24.56 114.332501  30.621480 10.399
 26    15.652 53116.58507130 24.51 114.331611  30.624770 10.399
 26    19.741 53116.58507194 24.10 114.330711  30.628050 10.399
 26    20.195 53116.58507259 25.43 114.329811  30.631340 10.399
 27    25.591 53151.58511809 17.60 114.335485  30.615966 10.958
 27    25.132 53151.58511873 17.15 114.334595  30.619256 10.958
 27    24.832 53151.58511938 17.00 114.333695  30.622536 10.958
 27    25.682 53151.58512002 17.04 114.332795  30.625826 10.958
 27    23.119 53151.58512066 19.72 114.331895  30.629106 10.958
 27    23.831 53151.58512131 22.92 114.330995  30.632396 10.958
 28    22.958 53186.58510580 27.67 114.346277  30.625264 17.848
 28    21.957 53186.58510644 23.88 114.345377  30.628544 17.848
 28    21.652 53186.58510709 23.58 114.344477  30.631834 17.848
 28    21.108 53186.58510773 25.76 114.343587  30.635124 17.848
 28    21.502 53186.58510838 25.70 114.342687  30.638404 17.848
 28    21.758 53186.58510902 29.21 114.341787  30.641694 17.848
 28    21.836 53186.58510967 37.97 114.340887  30.644974 17.848
 29    22.351 53221.58513093 26.35 114.341811  30.623375 21.850
 29    21.691 53221.58513157 28.82 114.340911  30.626665 21.850
 29    21.641 53221.58513222 28.11 114.340011  30.629945 21.850
 29    21.539 53221.58513286 28.95 114.339111  30.633235 21.850
 29    21.773 53221.58513351 28.13 114.338211  30.636525 21.850
 29    21.910 53221.58513415 29.78 114.337321  30.639805 21.850
 30    23.658 53256.58510645 20.88 114.339293  30.618987 14.578
 30    23.233 53256.58510710 21.59 114.338393  30.622277 14.578
 30    22.424 53256.58510774 21.09 114.337503  30.625557 14.578
 30    20.916 53256.58510839 23.85 114.336603  30.628847 14.578
 30    20.816 53256.58510903 25.59 114.335703  30.632127 14.578
 30    21.067 53256.58510968 27.12 114.334803  30.635417 14.578
 31    24.040 53291.58512006 20.48 114.331958  30.611406 10.083
 31    22.982 53291.58512071 20.71 114.331058  30.614686 10.083
 31    21.880 53291.58512135 21.46 114.330158  30.617976 10.083
 31    21.131 53291.58512200 22.35 114.329258  30.621256 10.083
 31    21.826 53291.58512264 21.62 114.328358  30.624546 10.083
 31    21.079 53291.58512329 26.47 114.327468  30.627836 10.083
 32    23.191 53326.58509620 22.79 114.343556  30.622562  4.830
 32    18.212 53326.58509685 23.59 114.342666  30.625852  4.830
 32    18.562 53326.58509749 23.65 114.341766  30.629132  4.830
 32    19.129 53326.58509814 24.49 114.340866  30.632422  4.830
 32    19.860 53326.58509878 24.47 114.339966  30.635702  4.830
 32    19.913 53326.58509943 24.84 114.339066  30.638992  4.830
 32    20.348 53326.58510007 24.84 114.338166  30.642272  4.830
 33    23.738 53361.58505339 23.36 114.345828  30.624266 12.191
 33    23.711 53361.58505403 21.09 114.344928  30.627556 12.191
 33    23.880 53361.58505468 20.40 114.344028  30.630836 12.191
 33    24.109 53361.58505532 20.50 114.343138  30.634126 12.191
 33    24.726 53361.58505597 20.78 114.342238  30.637416 12.191
 33    25.198 53361.58505661 21.01 114.341338  30.640696 12.191
 33    21.166 53361.58505725 26.24 114.340438  30.643986 12.191
 34    25.027 53396.58507297 21.22 114.337119  30.619024  6.838
 34    25.755 53396.58507362 20.79 114.336219  30.622314  6.838
 34    26.019 53396.58507426 20.66 114.335319  30.625594  6.838
 34    25.727 53396.58507491 21.07 114.334429  30.628884  6.838
 34    25.428 53396.58507555 21.25 114.333529  30.632174  6.838
 34    20.587 53396.58507619 30.66 114.332629  30.635454  6.838
 35    23.230 53431.58506580 20.72 114.344213  30.625276 10.863
 35    23.164 53431.58506645 17.86 114.343323  30.628556 10.863
 35    23.715 53431.58506709 17.85 114.342423  30.631846 10.863
 35    22.559 53431.58506773 18.17 114.341523  30.635136 10.863
 35    22.080 53431.58506838 18.60 114.340623  30.638416 10.863
 35    25.062 53431.58506902 19.66 114.339723  30.641706 10.863
 36    23.492 53466.58509749 22.23 114.337374  30.619897  4.758
 36    22.625 53466.58509813 22.81 114.336484  30.623187  4.758
 36    19.740 53466.58509878 23.69 114.335584  30.626477  4.758
 36    19.646 53466.58509942 24.18 114.334684  30.629757  4.758
 36    20.020 53466.58510007 23.90 114.333784  30.633047  4.758
 36    19.405 53466.58510071 32.39 114.332884  30.636327  4.758
 37    23.173 53501.58515312 22.02 114.334646  30.617907  8.907
 37    22.633 53501.58515376 21.87 114.333746  30.621197  8.907
 37    22.053 53501.58515441 22.62 114.332846  30.624477  8.907
 37    21.010 53501.58515505 21.63 114.331956  30.627767  8.907
 37    21.221 53501.58515570 23.58 114.331056  30.631057  8.907
 38    23.428 53536.58514443 26.20 114.341488  30.620338 11.323
 38    21.740 53536.58514508 27.77 114.340588  30.623628 11.323
 38    20.929 53536.58514572 29.58 114.339688  30.626918 11.323
 38    21.267 53536.58514636 29.23 114.338788  30.630198 11.323
 38    21.588 53536.58514701 28.97 114.337888  30.633488 11.323
 38    21.827 53536.58514765 29.30 114.336998  30.636768 11.323
 38    22.017 53536.58514830 32.83 114.336098  30.640058 11.323
 39    28.043 53571.58515067 20.69 114.336303  30.619264  8.307
 39    25.919 53571.58515131 20.61 114.335403  30.622544  8.307
 39    22.646 53571.58515195 22.04 114.334503  30.625834  8.307
 39    21.081 53571.58515260 25.38 114.333613  30.629114  8.307
 39    21.163 53571.58515324 28.41 114.332713  30.632404  8.307
 40    24.108 53606.58509927 29.62 114.343581  30.621853 13.452
 40    21.523 53606.58509992 29.14 114.342681  30.625143 13.452
 40    22.339 53606.58510056 30.94 114.341791  30.628423 13.452
 40    22.694 53606.58510121 33.21 114.340891  30.631713 13.452
 40    23.046 53606.58510185 35.93 114.339991  30.635003 13.452
 40    23.377 53606.58510250 36.81 114.339091  30.638283 13.452
 40    23.536 53606.58510314 36.30 114.338201  30.641573 13.452
 41    22.800 53641.58509864 23.03 114.336055  30.616034  5.533
 41    20.369 53641.58509928 22.48 114.335155  30.619314  5.533
 41    19.976 53641.58509993 24.21 114.334255  30.622604  5.533
 41    20.035 53641.58510057 23.63 114.333355  30.625884  5.533
 41    20.619 53641.58510122 24.09 114.332455  30.629174  5.533
 41    20.410 53641.58510186 27.41 114.331565  30.632464  5.533
 42    25.149 53676.58511822 20.84 114.335534  30.618479  5.137
 42    23.107 53676.58511887 19.82 114.334634  30.621759  5.137
 42    22.487 53676.58511951 20.20 114.333734  30.625049  5.137
 42    22.758 53676.58512016 20.00 114.332834  30.628329  5.137
 42    21.069 53676.58512080 22.75 114.331944  30.631619  5.137
 43    22.697 53711.58504844 24.62 114.346184  30.624533  6.566
 43    14.203 53711.58504908 26.29 114.345284  30.627823  6.566
 43    13.988 53711.58504973 27.62 114.344384  30.631103  6.566
 43    14.012 53711.58505037 29.20 114.343494  30.634393  6.566
 43    14.115 53711.58505102 30.21 114.342594  30.637683  6.566
 43    14.164 53711.58505166 30.91 114.341694  30.640963  6.566
 43    19.526 53711.58505231 31.33 114.340794  30.644253  6.566
 44    26.145 53746.58495875 19.27 114.339699  30.619204  5.516
 44    26.477 53746.58495940 17.84 114.338799  30.622494  5.516
 44    25.746 53746.58496004 17.71 114.337899  30.625774  5.516
 44    24.848 53746.58496069 17.76 114.336999  30.629064  5.516
 44    23.929 53746.58496133 18.78 114.336099  30.632344  5.516
 44    19.813 53746.58496198 25.47 114.335199  30.635634  5.516
 45    25.058 53781.58499088 22.24 114.343613  30.624933  6.977
 45    24.621 53781.58499153 22.03 114.342713  30.628213  6.977
 45    25.332 53781.58499217 21.54 114.341823  30.631503  6.977
 45    24.953 53781.58499282 21.48 114.340923  30.634793  6.977
 45    25.305 53781.58499346 21.85 114.340023  30.638073  6.977
 45    26.467 53781.58499411 21.81 114.339123  30.641363  6.977
 46    23.145 53816.58495830 22.58 114.346439  30.626890  8.062
 46    23.845 53816.58495894 19.25 114.345539  30.630180  8.062
 46    23.868 53816.58495959 19.60 114.344649  30.633460  8.062
 46    24.602 53816.58496023 18.91 114.343749  30.636750  8.062
 46    25.331 53816.58496088 19.14 114.342849  30.640030  8.062
 46    22.045 53816.58496152 21.07 114.341949  30.643320  8.062
 47    25.246 53851.58502669 21.98 114.334695  30.616379  5.389
 47    25.597 53851.58502734 21.79 114.333805  30.619669  5.389
 47    20.478 53851.58502798 23.11 114.332905  30.622949  5.389
 47    21.854 53851.58502863 23.07 114.332005  30.626239  5.389
 47    21.146 53851.58502927 23.21 114.331105  30.629519  5.389
 47    20.498 53851.58502992 29.08 114.330205  30.632809  5.389
 48    18.769 53886.58503535 24.25 114.346528  30.626873 14.436
 48    18.658 53886.58503600 22.56 114.345628  30.630153 14.436
 48    21.973 53886.58503664 19.25 114.344738  30.633443 14.436
 48    21.569 53886.58503729 19.13 114.343838  30.636733 14.436
 48    21.703 53886.58503793 18.26 114.342938  30.640013 14.436
 48    21.840 53886.58503858 19.32 114.342038  30.643303 14.436
 49    26.234 53921.58510411 18.42 114.332731  30.612099 10.815
 49    27.220 53921.58510476 18.07 114.331831  30.615389 10.815
 49    27.106 53921.58510540 18.31 114.330941  30.618679 10.815
 49    26.933 53921.58510605 18.00 114.330041  30.621959 10.815
 49    27.058 53921.58510669 18.44 114.329141  30.625249 10.815
 49    23.977 53921.58510733 20.98 114.328241  30.628529 10.815
 50    25.287 53956.58510061 20.95 114.334390  30.614574 10.832
 50    25.905 53956.58510126 20.07 114.333490  30.617854 10.832
 50    25.792 53956.58510190 19.99 114.332590  30.621144 10.832
 50    26.715 53956.58510254 18.81 114.331700  30.624434 10.832
 50    26.257 53956.58510319 19.18 114.330800  30.627714 10.832
 50    21.092 53956.58510383 24.43 114.329900  30.631004 10.832
 51    26.496 53991.58502236 17.41 114.338615  30.621211 10.652
 51    26.196 53991.58502300 17.40 114.337715  30.624501 10.652
 51    25.684 53991.58502365 17.30 114.336815  30.627781 10.652
 51    25.253 53991.58502429 17.93 114.335915  30.631071 10.652
 51    20.034 53991.58502494 22.52 114.335015  30.634351 10.652
 51    19.554 53991.58502558 34.44 114.334115  30.637641 10.652
 52    14.837 54026.58508686 26.73 114.339115  30.618441  5.984
 52    14.737 54026.58508751 27.84 114.338215  30.621731  5.984
 52    14.642 54026.58508815 29.01 114.337325  30.625021  5.984
 52    14.629 54026.58508880 29.15 114.336425  30.628301  5.984
 52    14.755 54026.58508944 30.01 114.335525  30.631591  5.984
 52    14.668 54026.58509009 29.90 114.334625  30.634871  5.984
 53    23.578 54061.58508074 25.67 114.345276  30.623481  8.244
 53    24.543 54061.58508139 22.53 114.344376  30.626771  8.244
 53    24.517 54061.58508203 21.66 114.343486  30.630061  8.244
 53    24.497 54061.58508268 21.63 114.342586  30.633341  8.244
 53    24.865 54061.58508332 21.42 114.341686  30.636631  8.244
 53    26.169 54061.58508397 21.18 114.340786  30.639911  8.244
 53    25.910 54061.58508461 22.40 114.339886  30.643201  8.244
 54    24.065 54096.58505303 19.00 114.342328  30.623438 13.371
 54    23.747 54096.58505368 18.62 114.341428  30.626728 13.371
 54    22.758 54096.58505432 19.51 114.340538  30.630018 13.371
 54    20.740 54096.58505497 21.59 114.339638  30.633298 13.371
 54    22.062 54096.58505561 20.18 114.338738  30.636588 13.371
 54    20.861 54096.58505626 22.10 114.337838  30.639868 13.371
 55    26.690 54131.58500194 17.27 114.337890  30.619718  9.148
 55    26.411 54131.58500259 16.83 114.336990  30.622998  9.148
 55    26.062 54131.58500323 17.23 114.336090  30.626288  9.148
 55    25.928 54131.58500388 17.51 114.335190  30.629568  9.148
 55    25.540 54131.58500452 17.78 114.334290  30.632858  9.148
 55    19.631 54131.58500517 32.43 114.333390  30.636138  9.148
 56    23.693 54166.58502529 26.40 114.340714  30.620708  5.093
 56    15.113 54166.58502593 27.80 114.339814  30.623998  5.093
 56    15.233 54166.58502658 28.24 114.338914  30.627278  5.093
 56    15.309 54166.58502722 28.30 114.338014  30.630568  5.093
 56    15.296 54166.58502787 28.63 114.337124  30.633848  5.093
 56    20.039 54166.58502851 28.98 114.336224  30.637138  5.093
 57    16.410 54201.58500449 24.51 114.338434  30.617551  4.553
 57    13.507 54201.58500513 25.30 114.337534  30.620831  4.553
 57    13.568 54201.58500578 25.65 114.336634  30.624121  4.553
 57    13.597 54201.58500642 26.06 114.335734  30.627401  4.553
 57    19.412 54201.58500707 25.94 114.334834  30.630691  4.553
 57    19.779 54201.58500771 25.31 114.333944  30.633971  4.553
 58    26.481 54236.58504163 20.95 114.340313  30.621925  6.488
 58    24.801 54236.58504228 19.43 114.339413  30.625215  6.488
 58    25.010 54236.58504292 18.58 114.338513  30.628495  6.488
 58    25.212 54236.58504357 18.21 114.337623  30.631785  6.488
 58    25.796 54236.58504421 18.85 114.336723  30.635065  6.488
 58    20.822 54236.58504486 22.91 114.335827  30.638361 18.021
 59    26.499 54271.58506179 21.17 114.341497  30.620848  4.603
 59    25.008 54271.58506243 21.10 114.340597  30.624128  4.603
 59    24.129 54271.58506308 21.99 114.339697  30.627418  4.603
 59    23.819 54271.58506372 21.16 114.338807  30.630698  4.603
 59    24.037 54271.58506437 22.08 114.337907  30.633988  4.603
 59    23.639 54271.58506501 22.19 114.337007  30.637278  4.603
 59    20.252 54271.58506566 27.79 114.336103  30.640557 20.365
 60    23.816 54306.58506423 27.91 114.340280  30.621998  8.234
 60    23.062 54306.58506488 29.11 114.339380  30.625278  8.234
 60    22.724 54306.58506552 30.10 114.338480  30.628568  8.234
 60    22.957 54306.58506617 32.23 114.337580  30.631848  8.234
 60    23.330 54306.58506681 35.06 114.336690  30.635138  8.234
 60    23.483 54306.58506746 33.99 114.335790  30.638418  8.234
 61    21.956 54341.58504520 24.77 114.343251  30.622383  8.359
 61    21.725 54341.58504585 25.54 114.342351  30.625673  8.359
 61    21.255 54341.58504649 27.09 114.341451  30.628953  8.359
 61    21.147 54341.58504714 26.67 114.340551  30.632243  8.359
 61    21.201 54341.58504778 27.29 114.339661  30.635523  8.359
 61    21.482 54341.58504843 27.05 114.338761  30.638813  8.359
 61    21.684 54341.58504907 29.66 114.337861  30.642103  8.359
 62    23.602 54376.58499864 22.81 114.339313  30.619916  8.669
 62    23.152 54376.58499928 22.06 114.338413  30.623196  8.669
 62    19.590 54376.58499993 24.13 114.337523  30.626486  8.669
 62    20.175 54376.58500057 21.88 114.336623  30.629776  8.669
 62    20.355 54376.58500122 22.81 114.335723  30.633056  8.669
 62    20.323 54376.58500186 30.75 114.334823  30.636346  8.669
 63    23.866 54411.58499166 24.26 114.340682  30.620574  6.230
 63    16.982 54411.58499231 25.35 114.339782  30.623864  6.230
 63    15.263 54411.58499295 25.72 114.338882  30.627144  6.230
 63    18.951 54411.58499360 25.32 114.337992  30.630434  6.230
 63    19.671 54411.58499424 23.99 114.337092  30.633724  6.230
 63    19.974 54411.58499488 25.32 114.336192  30.637004  6.230
 64    12.649 54446.58496281 26.57 114.338280  30.618133  6.770
 64    12.343 54446.58496345 28.01 114.337380  30.621413  6.770
 64    12.350 54446.58496410 30.17 114.336490  30.624703  6.770
 64    12.312 54446.58496474 32.88 114.335590  30.627993  6.770
 64    12.449 54446.58496539 30.17 114.334690  30.631273  6.770
 64    19.621 54446.58496603 29.62 114.333790  30.634563  6.770
 65    25.333 54481.58498360 21.19 114.341864  30.620510  6.434
 65    25.421 54481.58498425 19.42 114.340974  30.623790  6.434
 65    24.565 54481.58498489 19.48 114.340074  30.627080  6.434
 65    24.130 54481.58498554 19.17 114.339174  30.630360  6.434
 65    24.110 54481.58498618 20.46 114.338274  30.633650  6.434
 65    20.012 54481.58498683 24.46 114.337374  30.636930  6.434
 65    20.416 54481.58498747 24.97 114.336484  30.640220  6.434
 66    12.192 54516.58497696 29.03 114.339294  30.618988 10.987
 66    11.963 54516.58497760 31.19 114.338394  30.622278 10.987
 66    12.117 54516.58497825 32.88 114.337494  30.625558 10.987
 66    12.261 54516.58497889 33.75 114.336594  30.628848 10.987
 66    12.412 54516.58497954 36.30 114.335694  30.632128 10.987
 66    12.457 54516.58498018 41.62 114.334794  30.635418 10.987
 67    17.572 54551.58499705 25.19 114.341456  30.623818  6.535
 67    15.118 54551.58499769 26.08 114.340556  30.627098  6.535
 67    18.651 54551.58499834 25.61 114.339656  30.630388  6.535
 67    19.548 54551.58499898 25.36 114.338756  30.633668  6.535
 67    19.773 54551.58499963 25.25 114.337856  30.636958  6.535
 67    20.275 54551.58500027 24.86 114.336966  30.640238  6.535
 68    23.335 54586.58497321 25.81 114.340188  30.619935  6.679
 68    23.542 54586.58497386 23.24 114.339288  30.623225  6.679
 68    18.084 54586.58497450 22.86 114.338388  30.626505  6.679
 68    20.107 54586.58497515 21.76 114.337488  30.629795  6.679
 68    20.025 54586.58497579 21.46 114.336588  30.633075  6.679
 68    20.205 54586.58497644 22.03 114.335698  30.636365  6.679
 69    23.575 54621.58499199 23.11 114.340333  30.620626  7.943
 69    26.403 54621.58499263 19.71 114.339433  30.623906  7.943
 69    25.545 54621.58499328 17.84 114.338533  30.627196  7.943
 69    24.107 54621.58499392 19.32 114.337633  30.630476  7.943
 69    24.236 54621.58499457 21.35 114.336733  30.633766  7.943
 69    20.558 54621.58499521 22.15 114.335833  30.637046  7.943
 70    24.530 54656.58500168 24.27 114.339137  30.620324  8.481
 70    23.303 54656.58500233 24.80 114.338237  30.623604  8.481
 70    20.539 54656.58500297 23.67 114.337337  30.626894  8.481
 70    24.267 54656.58500361 24.35 114.336437  30.630174  8.481
 70    20.495 54656.58500426 25.97 114.335537  30.633464  8.481
 70    20.452 54656.58500490 34.12 114.334637  30.636744  8.481
 71    23.564 54691.58498607 25.04 114.341346  30.621103 11.557
 71    22.605 54691.58498672 23.11 114.340446  30.624393 11.557
 71    20.761 54691.58498736 23.46 114.339556  30.627683 11.557
 71    20.575 54691.58498801 25.46 114.338656  30.630963 11.557
 71    20.789 54691.58498865 25.93 114.337756  30.634253 11.557
 71    21.010 54691.58498930 26.61 114.336856  30.637533 11.557
 71    20.990 54691.58498994 30.69 114.335956  30.640823 11.557
 72    22.830 54726.58495332 26.53 114.339593  30.618294 11.267
 72    22.197 54726.58495396 27.68 114.338693  30.621584 11.267
 72    21.726 54726.58495461 30.45 114.337793  30.624864 11.267
 72    21.667 54726.58495525 32.10 114.336893  30.628154 11.267
 72    21.918 54726.58495589 32.57 114.335993  30.631434 11.267
 72    22.118 54726.58495654 32.41 114.335103  30.634724 11.267
 72    22.353 54726.58495718 34.40 114.334203  30.638014 11.267
 73    26.508 54761.58496239 22.38 114.340362  30.619045  6.840
 73    28.121 54761.58496304 21.33 114.339462  30.622335  6.840
 73    27.895 54761.58496368 20.79 114.338572  30.625625  6.840
 73    26.759 54761.58496433 20.64 114.337672  30.628905  6.840
 73    26.510 54761.58496497 21.95 114.336772  30.632195  6.840
 73    24.809 54761.58496561 25.11 114.335872  30.635475  6.840
 73    20.488 54761.58496626 28.24 114.334972  30.638765  6.840
 74    24.904 54796.58494611 20.25 114.336943  30.617961  5.771
 74    25.543 54796.58494675 19.49 114.336043  30.621251  5.771
 74    25.793 54796.58494740 19.33 114.335143  30.624531  5.771
 74    25.620 54796.58494804 19.29 114.334243  30.627821  5.771
 74    22.299 54796.58494869 20.85 114.333343  30.631101  5.771
 74    20.535 54796.58494933 28.15 114.332453  30.634391  5.771
 75    23.625 54831.58496342 23.53 114.340650  30.619389  6.697
 75    26.257 54831.58496406 19.28 114.339760  30.622679  6.697
 75    25.810 54831.58496470 17.66 114.338860  30.625959  6.697
 75    25.910 54831.58496535 17.85 114.337960  30.629249  6.697
 75    21.999 54831.58496599 21.06 114.337060  30.632529  6.697
 75    22.132 54831.58496664 22.09 114.336160  30.635819  6.697
 75    20.308 54831.58496728 27.19 114.335260  30.639099  6.697
 76    12.540 54866.58494198 30.58 114.338769  30.619399 12.378
 76    12.203 54866.58494263 33.27 114.337869  30.622679 12.378
 76    12.237 54866.58494327 34.11 114.336969  30.625969 12.378
 76    12.512 54866.58494391 32.69 114.336069  30.629249 12.378
 76    12.780 54866.58494456 41.34 114.335169  30.632539 12.378
 76    12.661 54866.58494520 48.78 114.334279  30.635829 12.378
 77    23.533 54901.58496208 24.78 114.340294  30.620739  7.641
 77    26.203 54901.58496272 20.06 114.339404  30.624029  7.641
 77    24.514 54901.58496337 18.78 114.338504  30.627309  7.641
 77    24.306 54901.58496401 18.46 114.337604  30.630599  7.641
 77    24.290 54901.58496466 20.04 114.336704  30.633879  7.641
 77    20.452 54901.58496530 23.18 114.335804  30.637169  7.641
 78    25.752 54936.58493208 20.42 114.339922  30.619566  7.939
 78    24.935 54936.58493273 20.12 114.339032  30.622846  7.939
 78    26.250 54936.58493337 17.29 114.338132  30.626136  7.939
 78    25.681 54936.58493401 18.01 114.337232  30.629416  7.939
 78    24.610 54936.58493466 20.63 114.336332  30.632706  7.939
 78    20.580 54936.58493530 25.26 114.335432  30.635986  7.939
 79    26.241 54971.58496573 22.77 114.339845  30.621788  4.981
 79    25.354 54971.58496637 22.28 114.338945  30.625078  4.981
 79    24.846 54971.58496701 22.49 114.338045  30.628358  4.981
 79    26.237 54971.58496766 21.65 114.337145  30.631648  4.981
 79    26.588 54971.58496830 22.61 114.336245  30.634928  4.981
 79    21.043 54971.58496895 25.22 114.335355  30.638218  4.981
 80    22.716 55006.58498356 25.43 114.339278  30.619098  6.867
 80    23.409 55006.58498420 23.15 114.338378  30.622388  6.867
 80    19.052 55006.58498485 25.86 114.337488  30.625678  6.867
 80    19.333 55006.58498549 25.13 114.336588  30.628958  6.867
 80    23.972 55006.58498614 24.41 114.335688  30.632248  6.867
 80    20.244 55006.58498678 26.16 114.334788  30.635528  6.867
 81    25.317 55041.58497224 24.72 114.341056  30.621051 10.206
 81    24.812 55041.58497288 24.54 114.340156  30.624331 10.206
 81    21.126 55041.58497353 25.89 114.339256  30.627621 10.206
 81    20.953 55041.58497417 28.27 114.338356  30.630901 10.206
 81    21.211 55041.58497482 28.50 114.337456  30.634191 10.206
 81    21.438 55041.58497546 29.02 114.336556  30.637471 10.206
 82    21.722 55076.58495316 25.91 114.341689  30.621915 12.654
 82    21.517 55076.58495381 25.66 114.340789  30.625205 12.654
 82    21.168 55076.58495445 27.93 114.339899  30.628495 12.654
 82    21.135 55076.58495510 28.39 114.338999  30.631775 12.654
 82    21.339 55076.58495574 28.24 114.338099  30.635065 12.654
 82    21.436 55076.58495639 29.02 114.337199  30.638345 12.654
 83    25.935 55111.58490482 17.99 114.338849  30.621296  8.039
 83    25.975 55111.58490546 17.69 114.337949  30.624576  8.039
 83    25.502 55111.58490611 18.10 114.337049  30.627866  8.039
 83    25.079 55111.58490675 19.45 114.336149  30.631146  8.039
 83    24.037 55111.58490739 22.18 114.335249  30.634436  8.039
 83    19.993 55111.58490804 33.50 114.334349  30.637716  8.039
 84    26.458 55146.58490645 20.93 114.339202  30.620992  7.062
 84    27.657 55146.58490710 20.07 114.338312  30.624282  7.062
 84    26.379 55146.58490774 20.00 114.337412  30.627562  7.062
 84    26.106 55146.58490839 20.76 114.336512  30.630852  7.062
 84    26.668 55146.58490903 20.76 114.335612  30.634132  7.062
 84    20.048 55146.58490968 28.62 114.334712  30.637422  7.062
 85    25.131 55181.58488300 23.83 114.337905  30.618691  8.479
 85    20.024 55181.58488365 24.30 114.337005  30.621971  8.479
 85    14.798 55181.58488429 26.00 114.336105  30.625261  8.479
 85    13.044 55181.58488494 26.76 114.335205  30.628541  8.479
 85    12.989 55181.58488558 28.30 114.334305  30.631831  8.479
 85    12.778 55181.58488623 37.80 114.333415  30.635121  8.479
 86    26.428 55216.58490123 20.10 114.340924  30.621437  5.184
 86    24.585 55216.58490187 18.27 114.340034  30.624727  5.184
 86    25.939 55216.58490251 17.58 114.339134  30.628007  5.184
 86    24.620 55216.58490316 18.27 114.338234  30.631297  5.184
 86    24.799 55216.58490380 18.61 114.337334  30.634577  5.184
 86    24.004 55216.58490445 21.20 114.336434  30.637867  5.184
 87    12.297 55251.58487975 29.37 114.339804  30.621459  6.140
 87    12.321 55251.58488040 30.06 114.338904  30.624739  6.140
 87    12.224 55251.58488104 31.34 114.338004  30.628029  6.140
 87    12.263 55251.58488169 33.20 114.337104  30.631309  6.140
 87    12.453 55251.58488233 31.68 114.336214  30.634599  6.140
 87    12.557 55251.58488298 32.03 114.335314  30.637889  6.140
 88    26.273 55286.58489513 23.65 114.340648  30.622888  5.167
 88    25.732 55286.58489578 23.08 114.339758  30.626178  5.167
 88    25.969 55286.58489642 23.12 114.338858  30.629458  5.167
 88    26.498 55286.58489707 22.86 114.337958  30.632748  5.167
 88    26.961 55286.58489771 23.85 114.337058  30.636028  5.167
 88    27.306 55286.58489836 24.30 114.336158  30.639318  5.167
 89    22.892 55321.58486952 24.42 114.339280  30.619273  5.039
 89    18.302 55321.58487017 25.25 114.338380  30.622553  5.039
 89    18.367 55321.58487081 24.81 114.337480  30.625843  5.039
 89    24.056 55321.58487146 24.85 114.336580  30.629123  5.039
 89    24.125 55321.58487210 25.17 114.335680  30.632413  5.039
 89    24.066 55321.58487275 24.53 114.334780  30.635693  5.039
 90    21.598 55356.58486972 27.11 114.339676  30.622155 12.264
 90    20.883 55356.58487036 29.02 114.338776  30.625435 12.264
 90    21.224 55356.58487101 28.80 114.337876  30.628725 12.264
 90    21.559 55356.58487165 28.82 114.336976  30.632005 12.264
 90    21.633 55356.58487230 30.79 114.336076  30.635295 12.264
 90    21.877 55356.58487294 33.82 114.335176  30.638575 12.264
 91    24.871 55391.58487060 26.35 114.338117  30.620250 13.507
 91    24.456 55391.58487124 27.53 114.337217  30.623540 13.507
 91    24.056 55391.58487189 29.92 114.336317  30.626820 13.507
 91    24.345 55391.58487253 32.43 114.335417  30.630110 13.507
 91    24.643 55391.58487318 33.17 114.334517  30.633390 13.507
 91    24.770 55391.58487382 34.74 114.333627  30.636680 13.507
 92    22.726 55426.58488604 27.62 114.340977  30.620722 16.912
 92    22.438 55426.58488669 27.47 114.340087  30.624012 16.912
 92    22.253 55426.58488733 29.46 114.339187  30.627292 16.912
 92    22.513 55426.58488798 31.33 114.338287  30.630582 16.912
 92    22.554 55426.58488862 35.36 114.337387  30.633862 16.912
 92    22.656 55426.58488927 36.79 114.336487  30.637152 16.912
 92    22.604 55426.58488991 39.58 114.335587  30.640432 16.912
 93    26.560 55461.58485279 22.78 114.343838  30.622339 15.356
 93    25.309 55461.58485344 22.50 114.342938  30.625629 15.356
 93    24.414 55461.58485408 23.38 114.342038  30.628919 15.356
 93    24.346 55461.58485473 23.30 114.341148  30.632199 15.356
 93    23.896 55461.58485537 26.22 114.340248  30.635489 15.356
 93    21.393 55461.58485602 28.51 114.339348  30.638769 15.356
 93    21.386 55461.58485666 32.16 114.338448  30.642059 15.356
