-252769.645    38.601     0.00    6.02
-252392.738    37.250    -3.59    6.88
-252015.815    37.038    -0.56    6.38
-251638.876    34.526    -6.66    6.44
-251261.920    31.253    -8.68    7.04
-250884.947    28.294    -7.85    7.11
-250507.959    26.363    -5.12    5.50
-250130.954    26.869     1.34    5.31
-249753.932    29.712     7.54    5.96
-249378.639    32.464     7.33    5.59
-249004.842    31.940    -1.40    5.32
-248631.030    30.440    -4.01    6.04
-248257.201    29.247    -3.19    5.50
-247883.356    30.838     4.25    7.30
-247509.495    34.526     9.86    8.16
-247135.618    38.440    10.47    7.88
-246761.724    40.448     5.37    6.15
-246387.815    39.631    -2.18    5.57
-246013.889    38.387    -3.33    5.71
-245639.948    37.038    -3.61    5.00
-245265.990    36.940    -0.26    5.89
-244892.016    37.480     1.44    5.72
-244518.025    36.038    -3.85    5.78
-244144.019    33.531    -6.70    5.43
-243769.996    31.904    -4.35    5.37
-243395.958    30.772    -3.02    4.09
-243021.903    29.619    -3.08    5.06
-242647.832    29.201    -1.12    5.80
-242273.744    27.689    -4.04    6.98
-241899.641    24.517    -8.48    8.34
-241525.521    20.973    -9.47    8.09
-241151.385    16.745   -11.30    5.57
-240777.233    13.831    -7.79    1.09
-240403.065    13.495    -0.90    1.24
-240028.880    13.631     0.36    1.45
-239654.680    13.759     0.34    1.46
-239280.463    13.790     0.08    1.35
-238906.230    13.920     0.35    1.32
-238531.980    13.926     0.02    1.55
-238157.715    14.108     0.48    1.73
-237783.433    14.381     0.73    1.98
-237409.135    14.084    -0.79    2.43
-237034.821    13.567    -1.38    2.54
-236660.490    12.995    -1.53    2.05
-236286.143    12.208    -2.10    1.55
-235911.780    12.456     0.66    1.49
-235537.401    12.643     0.50    1.37
-235163.005    12.619    -0.06    1.33
-234788.593    13.290     1.79    1.24
-234414.165    13.746     1.22    1.43
-234039.721    14.040     0.78    1.44
-233665.260    14.350     0.83    1.41
-233290.783    14.526     0.47    1.81
-232916.290    12.387    -5.71    4.47
-232541.781    11.887    -1.33    5.41
-232167.255    13.835     5.20    9.21
-231792.713    19.552    15.26   11.51
-231418.154    25.722    16.47    8.02
-231043.580    27.922     5.87    6.41
-230668.989    30.015     5.59    5.50
-230294.381    31.512     4.00    5.07
-229919.758    30.781    -1.95    5.88
-229545.118    27.335    -9.19    7.63
-229170.462    23.631    -9.89    8.60
-228795.789    21.449    -5.82    6.16
-228421.100    22.154     1.88    6.49
-228046.395    24.321     5.78    6.63
-227671.673    27.480     8.43    3.37
-227296.935    29.721     5.98    3.98
-226922.181    34.267    12.13    8.17
-226547.410    37.106     7.57    8.82
-226172.623    41.270    11.11    9.28
-225797.820    43.270     5.34    9.14
-225423.000    42.082    -3.17   11.02
-225048.164    38.495    -9.57   11.63
-224673.311    33.911   -12.22   11.10
-224298.443    27.607   -16.81    5.82
-223923.557    26.440    -3.11    5.06
-223548.656    28.131     4.51    5.60
-223173.738    30.155     5.40    5.02
-222798.803    30.015    -0.37    5.32
-222423.852    27.745    -6.05    6.50
-222048.885    26.424    -3.52    6.03
-221673.902    27.176     2.01    6.40
-221298.902    33.381    16.54    9.78
-220923.885    38.968    14.90   10.58
-220548.852    43.619    12.40    9.66
-220173.803    42.456    -3.10   10.68
-219798.737    35.631   -18.19   13.01
-219423.655    26.750   -23.67   11.05
-219048.557    19.433   -19.50    8.55
-218673.442    14.875   -12.15    4.79
-218298.310    14.480    -1.05    4.05
-217923.162    16.835     6.28    5.55
-217547.998    20.488     9.73    6.04
-217172.817    23.699     8.56    5.02
-216797.620    25.549     4.93    4.58
-216422.406    25.340    -0.56    4.23
-216047.176    23.666    -4.46    4.61
-215671.930    21.108    -6.82    5.84
-215296.666    17.038   -10.84    7.12
-214921.387    12.917   -10.98    5.52
-214546.091    10.433    -6.62    2.61
-214170.778     9.676    -2.02    1.35
-213795.449     9.829     0.41    1.39
-213420.104     9.509    -0.85    1.43
-213044.742     9.363    -0.39    1.51
-212669.363     9.155    -0.56    1.47
-212293.968     9.226     0.19    1.34
-211918.556     9.596     0.99    1.39
-211543.128     9.904     0.82    1.27
-211167.684     9.949     0.12    1.26
-210792.223     9.643    -0.82    1.14
-210416.745     9.417    -0.60    1.27
-210041.251     9.381    -0.10    1.33
-209665.740     9.404     0.06    2.06
-209290.213     9.270    -0.35    2.43
-208914.669     9.503     0.62    2.73
-208539.109     9.573     0.19    2.65
-208163.532    10.012     1.17    2.13
-207787.939    10.202     0.51    1.49
-207412.329     9.968    -0.62    1.68
-207036.702     9.949    -0.05    1.78
-206661.059    11.294     3.58    4.14
-206285.399    14.949     9.73    7.76
-205909.723    18.805    10.26    8.27
-205534.030    22.363     9.47    7.47
-205158.321    24.335     5.25    5.56
-204782.595    22.247    -5.56    6.14
-204406.852    21.991    -0.68    6.46
-204031.093    21.736    -0.68    6.00
-203655.317    24.488     7.32    6.58
-203279.525    24.917     1.14    5.68
-202903.716    27.805     7.69    5.59
-202527.890    29.881     5.52    4.85
-202152.048    30.526     1.72    4.49
-201776.189    31.404     2.33    3.91
-201400.313    31.782     1.01    3.24
-201024.421    31.177    -1.61    4.28
-200648.513    30.426    -2.00    5.17
-200272.587    28.991    -3.82    5.88
-199896.645    26.643    -6.25    6.06
-199520.687    24.858    -4.75    6.40
-199144.711    23.381    -3.93    6.50
-198768.719    20.536    -7.57    5.16
-198392.711    18.583    -5.19    4.88
-198016.685    17.109    -3.92    4.43
-197640.643    16.294    -2.17    3.42
-197264.585    16.790     1.32    4.02
-196888.510    19.317     6.72    4.66
-196512.418    22.015     7.17    4.63
-196136.309    23.596     4.20    4.75
-195760.184    25.991     6.37    5.24
-195384.042    28.881     7.68    6.11
-195007.883    31.767     7.67    5.78
-194631.707    34.426     7.07    6.87
-194255.515    36.875     6.51    7.80
-193879.307    39.536     7.07    7.54
-193503.081    40.042     1.35    7.58
-193126.839    37.759    -6.07    8.02
-192750.580    32.358   -14.35    8.99
-192374.304    28.875    -9.26    7.67
-191998.012    28.015    -2.29    6.45
-191621.703    30.131     5.62    6.88
-191245.377    31.712     4.20    6.40
-190869.034    32.313     1.60    8.18
-190492.675    31.835    -1.27    7.68
-190116.299    30.805    -2.74    7.10
-189739.906    29.607    -3.18    6.40
-189363.496    28.619    -2.62    6.70
-188987.070    27.790    -2.20    7.18
-188610.627    26.852    -2.49    7.07
-188234.167    26.664    -0.50    6.42
-187857.690    28.270     4.27    6.83
-187481.197    30.904     6.99    6.83
-187104.686    33.321     6.42    5.92
-186728.159    33.922     1.59    5.80
-186351.616    34.449     1.40    5.88
-185975.055    34.881     1.15    6.00
-185598.478    36.108     3.26    5.87
-185221.883    36.887     2.07    5.63
-184845.272    37.643     2.01    5.08
-184468.645    40.017     6.30    5.14
-184092.000    41.573     4.13    5.14
-183715.339    44.631     8.12    6.09
-183338.660    48.294     9.72    7.53
-182961.965    53.358    13.44    9.78
-182585.253    60.845    19.87   15.48
-182208.524    73.666    34.03   26.20
-181831.779   112.536   103.16   60.09
-181455.016   154.536   111.46   80.04
-181078.237   184.109    78.48   78.95
-180701.441   188.417    11.43   85.00
-180324.628   183.689   -12.54   87.45
-179947.798   155.922   -73.68   74.28
-179570.952   142.059   -36.78   58.25
-179194.088   125.108   -44.97   55.88
-178817.207   112.083   -34.55   54.26
-178440.310    87.926   -64.08   46.63
-178063.396    65.298   -60.03   20.68
-177686.465    61.433   -10.25   13.80
-177309.517    58.607    -7.50   10.61
-176932.552    56.512    -5.56    8.70
-176555.570    51.290   -13.85    7.71
-176178.572    47.619    -9.74    7.08
-175801.556    43.991    -9.62    6.53
-175424.524    40.782    -8.51    6.04
-175047.474    38.619    -5.74    5.53
-174670.408    36.063    -6.78    4.38
-174295.524    34.131    -5.15    3.58
-173921.785    32.472    -4.44    3.44
-173548.029    32.726     0.68    4.65
-173174.256    32.968     0.65    5.24
-172800.467    33.536     1.52    5.21
-172426.661    32.131    -3.76    5.10
-172052.838    31.222    -2.43    4.78
-171678.999    31.106    -0.31    4.45
-171305.144    30.745    -0.97    4.56
-170931.271    31.775     2.76    5.03
-170557.382    32.061     0.76    4.87
-170183.476    32.464     1.08    4.58
-169809.554    32.945     1.29    4.47
-169435.615    30.995    -5.21    5.77
-169061.659    28.448    -6.81    5.83
-168687.687    25.991    -6.57    5.87
-168313.698    23.775    -5.92    6.76
-167939.692    21.945    -4.89    6.81
-167565.670    21.017    -2.48    6.63
-167191.631    19.549    -3.92    5.74
-166817.575    17.991    -4.16    5.17
-166443.503    17.559    -1.15    5.54
-166069.414    18.643     2.89    7.42
-165695.308    21.198     6.83    9.00
-165321.185    24.363     8.46    9.73
-164947.046    27.858     9.34   10.51
-164572.890    31.317     9.24   10.66
-164198.717    35.619    11.50    9.57
-163824.528    38.559     7.86    6.96
-163450.322    38.224    -0.90    6.01
-163076.099    33.904   -11.54    7.66
-162701.860    32.813    -2.91    6.97
-162327.603    32.085    -1.94    6.82
-161953.331    31.201    -2.36    8.07
-161579.041    30.549    -1.74    8.93
-161204.734    26.358   -11.20    9.07
-160830.411    21.813   -12.14    6.69
-160456.071    19.108    -7.23    1.41
-160081.714    19.017    -0.24    1.33
-159707.341    19.176     0.42    1.43
-159332.951    19.335     0.42    1.49
-158958.543    19.549     0.57    1.67
-158584.120    20.038     1.30    1.81
-158209.679    20.247     0.56    3.13
-157835.222    20.805     1.49    3.19
-157460.748    21.317     1.37    3.04
-157086.257    21.270    -0.12    2.93
-156711.749    21.331     0.16    2.17
-156337.224    23.179     4.93    4.36
-155962.683    26.015     7.57    5.72
-155588.125    30.154    11.05    6.06
-155213.550    34.290    11.04    5.82
-154838.958    36.722     6.49    6.90
-154464.349    42.245    14.74    9.66
-154089.724    46.995    12.68   10.15
-153715.082    47.972     2.61    9.35
-153340.423    49.410     3.84    8.87
-152965.747    49.722     0.83    9.45
-152591.054    54.631    13.10   12.16
-152216.344    63.426    23.47   14.10
-151841.618    70.643    19.25   11.27
-151466.874    71.512     2.32   11.70
-151092.114    68.875    -7.03   13.05
-150717.337    60.968   -21.10   14.48
-150342.543    53.709   -19.37   13.84
-149967.732    49.387   -11.53   13.00
-149592.905    47.575    -4.83   10.14
-149218.060    49.480     5.08   12.93
-148843.199    54.345    12.98   15.39
-148468.321    62.456    21.63   18.95
-148093.425    68.317    15.63   23.03
-147718.513    72.381    10.84   26.40
-147343.584    82.549    27.12   30.40
-146968.638    87.109    12.16   30.95
-146593.676    90.722     9.63   29.59
-146218.696    96.274    14.80   27.22
-145843.699   106.503    27.27   30.11
-145468.686   131.790    67.42   47.59
-145093.655   163.540    84.65   58.39
-144718.608   197.224    89.80   55.91
-144343.544   219.038    58.15   52.17
-143968.462   248.654    78.95   60.88
-143593.364   304.224   148.13   89.39
-143218.249   348.108   116.97   81.00
-142843.117   368.317    53.86   65.89
-142467.968   353.472   -39.57   74.66
-142092.802   309.154  -118.11   82.48
-141717.619   257.512  -137.63   69.51
-141342.419   208.267  -131.23   70.64
-140967.202   164.852  -115.69   62.54
-140591.968   140.131   -65.87   40.72
-140216.717   155.201    40.15   51.27
-139841.449   188.131    87.74   68.34
-139466.165   227.358   104.51   67.08
-139090.863   257.789    81.07   58.91
-138715.544   267.540    25.98   64.08
-138340.208   279.131    30.88   63.63
-137964.855   273.063   -16.16   57.20
-137589.485   262.782   -27.38   56.57
-137214.099   235.061   -73.84   57.68
-136838.695   210.381   -65.74   53.90
-136463.274   223.131    33.96   70.46
-136087.836   240.154    45.34   84.85
-135712.381   231.480   -23.10   89.20
-135336.909   205.381   -69.50   95.84
-134961.420   161.676  -116.38   85.06
-134585.914   115.369  -123.31   41.75
-134210.391   100.154   -40.51   32.23
-133834.851    95.131   -13.37   19.67
-133459.294    95.381     0.67   19.25
-133083.719   101.224    15.56   20.39
-132708.128   111.331    26.91   25.81
-132332.520   120.517    24.45   32.00
-131956.894   124.536    10.70   35.29
-131581.252   132.131    20.22   37.06
-131205.592   132.222     0.24   36.29
-130829.916   140.563    22.20   46.09
-130454.222   157.131    44.10   54.81
-130078.511   176.821    52.40   65.47
-129702.783   176.267    -1.47   65.85
-129327.038   193.968    47.10   64.07
-128951.276   204.775    28.76   69.44
-128575.497   231.201    70.31   90.62
-128199.700   263.242    85.25   96.96
-127823.887   269.503    16.66  100.91
-127448.056   278.893    24.98   90.41
-127072.208   296.154    45.92   91.69
-126696.343   339.852   116.25  116.48
-126320.461   393.199   141.91  134.78
-125944.562   424.835    84.15  146.74
-125568.646   455.654    81.97  142.98
-125192.713   470.176    38.63  118.08
-124816.762   517.619   126.18  117.52
-124440.794   550.517    87.49  109.45
-124064.809   567.313    44.67  105.27
-123688.807   558.995   -22.12  109.21
-123312.788   536.433   -59.99  106.24
-122936.752   488.666  -127.02  118.86
-122560.698   467.154   -57.20  101.46
-122184.627   499.666    86.44  117.72
-121808.539   563.015   168.42  141.86
-121432.434   652.829   238.77  123.81
-121056.312   689.040    96.27   82.87
-120680.172   667.488   -57.29   92.09
-120304.016   612.317  -146.66   98.86
-119927.842   571.108  -109.54   80.66
-119551.651   559.654   -30.45   68.88
-119175.442   567.712    21.42   76.45
-118799.217   565.745    -5.23   82.05
-118422.974   514.495  -136.20  123.91
-118046.714   403.040  -296.19  168.56
-117670.437   278.456  -331.06  168.51
-117294.142   173.495  -278.91  117.64
-116917.830   105.472  -180.74   52.79
-116541.501    72.904   -86.53   23.04
-116165.155    64.988   -21.03   11.89
-115788.792    64.620    -0.98   13.21
-115412.411    65.201     1.54   14.04
-115036.013    61.631    -9.48   14.51
-114659.598    54.991   -17.64   14.70
-114283.165    49.596   -14.33   10.22
-113906.715    48.224    -3.64    6.97
-113530.248    49.712     3.95    6.53
-113153.764    50.381     1.78    7.26
-112777.262    54.404    10.68   12.87
-112400.743    59.038    12.31   18.51
-112024.207    60.274     3.28   21.36
-111647.653    55.926   -11.54   17.83
-111271.082    50.131   -15.39   12.99
-110894.494    45.790   -11.53    6.76
-110517.889    43.642    -5.70    1.87
-110141.266    43.247    -1.05    0.76
-109764.626    43.131    -0.31    0.00
-109387.968    43.131     0.00    0.00
-109011.294    45.063     5.13    5.84
-108634.602    48.596     9.38    9.46
-108257.892    51.480     7.65   10.89
-107881.165    55.790    11.44   14.94
-107504.421    54.058    -4.60   15.26
-107127.660    49.199   -12.89   10.23
-106750.881    46.495    -7.18    7.13
-106374.085    45.154    -3.56    5.69
-105997.271    46.061     2.41    6.85
-105620.440    48.798     7.26   11.01
-105243.592    53.108    11.44   15.47
-104866.726    58.985    15.59   20.29
-104489.843    61.689     7.18   20.92
-104112.943    64.798     8.25   20.72
-103736.025    70.936    16.28   28.37
-103359.090    79.699    23.25   32.28
-102982.137    90.006    27.34   36.58
-102605.167   102.464    33.05   52.86
-102228.179   108.736    16.63   56.17
-101851.175   118.224    25.17   51.08
-101474.152   111.108   -18.87   36.81
-101097.113   115.656    12.06   36.63
-100720.055   118.313     7.05   35.99
-100342.981   132.083    36.52   38.40
 -99965.889   154.972    60.69   46.50
 -99588.779   165.972    29.17   47.57
 -99214.308   167.521     4.14   40.85
 -98840.626   161.608   -15.82   35.64
 -98466.926   150.381   -30.04   34.68
 -98093.210   165.131    39.47   49.44
 -97719.476   164.829    -0.81   47.32
 -97345.725   161.222    -9.65   52.28
 -96971.958   146.107   -40.44   43.69
 -96598.173   127.399   -50.05   32.39
 -96224.370   110.290   -45.77   20.95
 -95850.551   101.406   -23.76   16.54
 -95476.715    95.222   -16.54   12.91
 -95102.861    94.108    -2.98   11.33
 -94728.990    93.759    -0.93   10.36
 -94355.103    92.107    -4.42    9.66
 -93981.197    93.156     2.80   10.13
 -93607.275    95.267     5.65    9.62
 -93233.336   100.706    14.54   10.98
 -92859.379   107.109    17.12   15.67
 -92485.406   131.224    64.48   54.49
 -92111.415   161.317    80.46   75.14
 -91737.406   224.298   168.38   99.88
 -91363.381   274.985   135.51  100.63
 -90989.339   299.176    64.67   96.59
 -90615.279   288.256   -29.19  111.84
 -90241.202   247.085  -110.05  119.62
 -89867.108   188.699  -156.06  100.02
 -89492.997   145.410  -115.70   66.19
 -89118.868   104.607  -109.05   26.17
 -88744.722    89.448   -40.51   15.55
 -88370.559    81.358   -21.62    7.80
 -87996.379    78.911    -6.54    6.60
 -87622.181    81.559     7.08    8.04
 -87247.967    88.495    18.53   10.25
 -86873.735   109.945    57.31   44.36
 -86499.486   165.805   149.25   87.29
 -86125.219   200.464    92.60   83.29
 -85750.935   248.381   128.01   71.30
 -85376.634   270.106    58.04   67.93
 -85002.316   254.722   -41.10   65.12
 -84627.981   246.585   -21.73   67.57
 -84253.628   220.702   -69.14   68.63
 -83879.258   174.666  -122.96   29.69
 -83504.871   159.940   -39.33   31.27
 -83130.466   150.486   -25.25   28.48
 -82756.044   149.009    -3.95   29.34
 -82381.605   184.290    94.22   64.18
 -82007.148   229.480   120.67   68.21
 -81632.675   271.526   112.27   67.48
 -81258.183   333.131   164.49   70.85
 -80883.675   382.131   130.83   92.99
 -80509.149   427.087   120.03   83.62
 -80134.606   467.345   107.48   56.81
 -79760.046   481.676    38.26   39.75
 -79385.468   485.798    11.00   36.86
 -79010.873   505.201    51.79   50.29
 -78636.261   547.745   113.56   54.04
 -78261.631   551.570    10.21   66.51
 -77886.984   512.353  -104.67  104.77
 -77512.319   448.108  -171.46  119.06
 -77137.638   381.426  -177.96   97.85
 -76762.939   315.964  -174.69   60.59
 -76388.222   296.456   -52.06   57.46
 -76013.488   284.745   -31.25   41.99
 -75638.737   296.887    32.40   49.99
 -75263.968   349.881   141.39   76.82
 -74889.182   408.835   157.29   70.52
 -74514.379   423.596    39.38   83.92
 -74139.558   410.805   -34.12  101.70
 -73764.720   372.247  -102.86  112.96
 -73389.864   296.517  -202.01   84.57
 -73014.991   263.012   -89.37   66.61
 -72640.101   229.563   -89.22   53.19
 -72265.193   199.267   -80.80   43.57
 -71890.268   173.643   -68.34   37.25
 -71515.326   149.038   -65.62   26.26
 -71140.366   133.631   -41.09   14.36
 -70765.388   127.404   -16.61   11.46
 -70390.393   129.155     4.67   13.40
 -70015.381   134.290    13.69   15.12
 -69640.351   146.369    32.21   14.89
 -69265.304   157.201    28.88   15.77
 -68890.239   175.540    48.89   28.53
 -68515.157   197.059    57.37   40.53
 -68140.058   254.042   151.90   81.57
 -67764.941   348.968   253.04  139.29
 -67389.806   437.404   235.73  138.60
 -67014.654   522.869   227.80   89.45
 -66639.485   556.964    90.87   44.66
 -66264.298   560.608     9.71   29.62
 -65889.093   552.606   -21.33   34.71
 -65513.871   497.676  -146.38   83.45
 -65138.632   434.495  -168.37  108.27
 -64763.375   338.015  -257.09  121.93
 -64388.101   239.922  -261.38   91.58
 -64012.809   179.155  -161.91   66.01
 -63637.499   129.245  -132.98   56.81
 -63262.173   108.448   -55.41   54.77
 -62886.828    92.813   -41.65   45.11
 -62511.466    80.199   -33.60   26.26
 -62136.087    77.345    -7.60   28.04
 -61760.690    75.835    -4.02   29.82
 -61385.275    75.253    -1.55   31.62
 -61009.843    69.381   -15.64   26.07
 -60634.393    83.512    37.64   50.54
 -60258.926   133.108   132.09   91.84
 -59883.442   202.247   184.12  109.17
 -59507.939   267.399   173.50  100.14
 -59132.419   298.676    83.29   71.50
 -58756.882   284.281   -38.33   93.19
 -58381.327   226.042  -155.07  101.26
 -58005.754   161.736  -171.21   67.51
 -57630.164   114.290  -126.32   52.72
 -57254.557    84.247   -79.98   49.44
 -56878.931    64.336   -53.01   40.26
 -56503.288    50.222   -37.57   22.05
 -56127.628    45.256   -13.22   20.15
 -55751.950    47.176     5.11   20.57
 -55376.254    44.267    -7.74   21.53
 -55000.541    37.790   -17.24   22.24
 -54624.810    30.722   -18.81   14.69
 -54249.061    27.746    -7.92   12.11
 -53873.295    32.290    12.09   15.56
 -53497.511    39.750    19.85   17.54
 -53121.710    50.222    27.86   26.63
 -52745.891    47.220    -7.99   31.53
 -52370.054    49.893     7.11   37.81
 -51994.200    65.222    40.78   53.93
 -51618.328    99.336    90.76   76.63
 -51242.438   140.608   109.79   81.91
 -50866.531   174.131    89.17   67.19
 -50490.606   200.199    69.34   62.03
 -50114.663   228.585    75.50   56.26
 -49738.703   237.581    23.93   59.23
 -49362.725   212.108   -67.75   77.62
 -48986.729   165.619  -123.64   98.52
 -48610.716    97.267  -181.77   96.30
 -48234.685    43.699  -142.45   70.63
 -47858.636    10.689   -87.78   24.66
 -47482.570     4.995   -15.14    5.25
 -47106.486     4.815    -0.48    5.26
 -46730.384     4.335    -1.28    5.05
 -46354.264     3.247    -2.89    2.14
 -45978.127     2.975    -0.72    1.64
 -45601.972     2.790    -0.49    1.88
 -45225.799     2.345    -1.18    1.91
 -44849.609     1.745    -1.60    1.53
 -44473.401     1.669    -0.20    1.19
 -44097.175     1.904     0.62    1.60
 -43720.931     1.858    -0.12    1.21
 -43344.670     1.643    -0.57    1.65
 -42968.390     2.020     1.00    2.35
 -42592.094     2.931     2.42    3.10
 -42215.779     4.267     3.55    3.95
 -41839.447     6.618     6.25    4.11
 -41463.096     7.512     2.37    4.51
 -41086.728     8.495     2.61    4.59
 -40710.343     9.503     2.68    4.82
 -40333.939    11.085     4.20    5.57
 -39957.518    13.009     5.11    5.18
 -39581.079    13.267     0.69    5.34
 -39204.622    15.596     6.19    7.20
 -38828.147    16.426     2.21    7.49
 -38451.655    20.449    10.68    7.72
 -38075.144    24.083     9.65    7.50
 -37698.616    26.064     5.26    7.20
 -37322.070    27.852     4.75    6.47
 -36945.507    26.964    -2.36    7.50
 -36568.925    26.991     0.07    8.51
 -36192.326    29.998     7.98   14.03
 -35815.708    26.040   -10.51   16.21
 -35439.073    20.845   -13.79   17.81
 -35062.420    15.108   -15.23   17.30
 -34685.750     8.176   -18.40    6.40
 -34309.061     6.881    -3.44    4.19
 -33932.355     9.449     6.82    5.27
 -33555.630    12.917     9.20    5.08
 -33178.888    15.790     7.63    5.79
 -32802.128    19.108     8.81    5.28
 -32425.350    21.686     6.84    4.64
 -32048.554    24.317     6.98    5.49
 -31671.740    27.522     8.51    5.70
 -31294.909    37.017    25.20   19.34
 -30918.059    50.631    36.12   28.24
 -30541.192    78.108    72.91   46.98
 -30164.307   107.040    76.76   47.41
 -29787.403   146.926   105.82   59.81
 -29410.482   220.722   195.78  110.93
 -29033.543   296.585   201.26  130.84
 -28656.586   382.517   227.96  122.50
 -28279.612   445.767   167.78   75.33
 -27902.619   463.585    47.26   56.73
 -27525.608   465.904     6.15   63.64
 -27148.579   447.945   -47.63   65.43
 -26771.533   433.926   -37.18   56.26
 -26394.468   411.566   -59.30   37.09
 -26017.386   394.222   -45.99   33.55
 -25640.285   372.731   -56.99   52.62
 -25263.167   348.875   -63.26   59.79
 -24886.031   351.044     5.75   79.74
 -24508.876   343.131   -20.98   90.20
 -24134.822   290.313  -141.20  130.54
 -23761.201   223.745  -178.17  143.99
 -23387.562   134.782  -238.09   99.30
 -23013.906    66.995  -181.41   52.67
 -22640.233    40.964   -69.66   39.87
 -22266.542    21.957   -50.86   13.70
 -21892.833    14.798   -19.16    6.21
 -21519.106    11.949    -7.62    5.17
 -21145.362    10.224    -4.62    4.34
 -20771.600     8.852    -3.67    4.03
 -20397.821     7.767    -2.90    3.79
 -20024.024     5.869    -5.08    2.25
 -19650.209     4.979    -2.38    2.26
 -19276.376     3.893    -2.90    1.90
 -18902.526     4.654     2.04    3.65
 -18528.658     6.949     6.14    5.75
 -18154.773    10.387     9.19    6.23
 -17780.870    14.699    11.53    5.41
 -17406.949    16.464     4.72    5.98
 -17033.010    17.740     3.41    5.66
 -16659.054    20.526     7.45    6.36
 -16285.080    24.904    11.70    9.33
 -15911.088    29.949    13.49   12.17
 -15537.079    35.040    13.61   12.20
 -15163.052    52.154    45.75   27.20
 -14789.007    72.774    55.13   40.49
 -14414.944    81.909    24.42   38.57
 -14040.864    77.805   -10.97   43.45
 -13666.766    59.972   -47.67   43.84
 -13292.650    39.222   -55.46   33.64
 -12918.517    27.199   -32.13   29.08
 -12544.366    14.017   -35.23   16.26
 -12170.196     7.131   -18.40    6.45
 -11796.010     4.220    -7.78    1.64
 -11421.805     3.608    -1.63    1.53
 -11047.583     3.495    -0.30    1.59
 -10673.343     3.585     0.24    1.81
 -10299.085     4.926     3.58    3.50
  -9924.809     8.154     8.62    7.83
  -9550.516    12.750    12.28   12.65
  -9176.205    18.585    15.59   17.54
  -8801.876    25.540    18.58   22.17
  -8427.529    25.745     0.55   21.66
  -8053.164    25.456    -0.77   21.79
  -7678.782    22.245    -8.58   17.30
  -7304.382    23.598     3.61   13.22
  -6929.964    35.789    32.56   23.84
  -6555.528    59.598    63.58   43.29
  -6181.074    84.642    66.88   49.43
  -5806.603   101.517    45.06   45.99
  -5432.113   112.607    29.61   48.17
  -5057.606   114.294     4.50   55.73
  -4683.081   113.775    -1.38   68.02
  -4308.538    91.277   -60.07   65.90
  -3933.978    73.998   -46.13   60.14
  -3559.399    61.198   -34.17   57.88
  -3184.803    39.563   -57.75   33.37
  -2810.188    24.131   -41.19   15.34
  -2435.556    18.154   -15.95    8.11
  -2060.906    14.620    -9.43    4.91
  -1686.238    13.083    -4.10    3.51
  -1311.552     9.313   -10.06    6.95
   -936.849     4.449   -12.98    6.76
   -562.127     1.335    -8.31    5.64
   -187.388    -0.590    -5.14    3.51
    187.370     1.488     5.55    5.03
    562.145     4.290     7.48    4.93
    936.938     6.228     5.17    3.08
   1311.749     5.731    -1.33    1.95
   1686.578     4.654    -2.87    1.78
   2061.425     4.176    -1.27    1.93
   2436.290     3.654    -1.39    2.27
   2811.173     3.228    -1.13    2.13
   3186.073     2.790    -1.17    1.87
   3560.992     2.869     0.21    1.95
   3935.928     3.358     1.30    2.90
   4310.883     4.267     2.42    3.43
   4685.855     5.596     3.54    4.29
   5060.846     7.313     4.58    4.63
   5435.854     8.936     4.33    4.73
   5810.881    10.131     3.19    4.89
   6185.925    11.393     3.36    5.19
   6560.987    12.290     2.39    4.79
   6936.068    14.131     4.91    5.69
   7311.166    16.750     6.98    5.27
   7686.282    18.449     4.53    5.37
   8061.416    20.381     5.15    4.53
   8436.569    20.531     0.40    4.92
   8811.739    20.247    -0.76    5.97
   9186.927    18.313    -5.16    6.20
   9562.133    16.290    -5.39    7.08
   9937.358    14.506    -4.75    7.09
  10312.600    13.881    -1.67    7.84
  10687.860    14.706     2.20    9.62
  11063.139    14.464    -0.64   11.34
  11438.435    14.968     1.34   10.73
  11813.750    14.495    -1.26    8.11
  12189.082    14.995     1.33    8.34
  12564.433    14.881    -0.30    8.73
  12939.801    12.835    -5.45    7.56
  13315.188    11.692    -3.05    7.06
  13690.592     9.449    -5.97    7.82
  14066.015     6.745    -7.20    4.68
  14441.456     7.712     2.58    5.61
  14816.915     9.699     5.29    6.06
  15192.392    12.285     6.89    6.53
  15567.887    16.835    12.12    8.72
  15943.400    21.869    13.40   11.32
  16318.931    25.798    10.46   12.82
  16694.481    32.631    18.20   15.09
  17070.048    38.736    16.25   16.30
  17445.634    45.313    17.51   19.42
  17821.237    56.951    30.99   25.00
  18196.859    70.608    36.36   29.90
  18572.499    83.676    34.79   29.74
  18948.157    97.813    37.63   32.61
  19323.833   108.553    28.59   34.50
  19699.527   107.274    -3.41   33.82
  20075.240   103.040   -11.27   34.64
  20450.970    92.406   -28.30   37.55
  20826.719    74.449   -47.79   33.28
  21202.486    50.063   -64.90   24.38
  21578.271    35.131   -39.74   18.35
  21954.074    24.998   -26.96   11.74
  22329.895    20.906   -10.89    8.94
  22705.735    24.813    10.40   12.54
  23081.592    29.381    12.15   11.88
  23457.468    36.393    18.66   12.47
  23833.362    38.245     4.93   12.25
  24209.274    35.449    -7.44   12.87
  24585.205    27.392   -21.43   14.16
  24961.153    20.155   -19.25   12.55
  25337.120    16.842    -8.81    8.83
  25713.105    15.433    -3.75    5.71
  26089.108    16.702     3.38    5.38
  26465.130    19.290     6.88    5.53
  26841.169    20.274     2.62    7.48
  27217.227    20.609     0.89    8.00
  27593.303    19.679    -2.47    7.53
  27969.397    21.063     3.68    7.22
  28345.510    23.061     5.31    6.35
  28721.641    24.370     3.48    6.18
  29097.790    22.267    -5.59    7.27
  29473.957    18.655    -9.60    7.81
  29850.143    17.313    -3.57    6.93
  30226.347    15.945    -3.64    5.36
  30602.569    17.358     3.76    6.29
  30978.809    18.540     3.14    5.23
  31355.068    19.086     1.45    6.02
  31731.344    21.063     5.25    7.34
  32107.640    24.664     9.57    9.01
  32483.953    26.790     5.65    9.89
  32860.285    30.745    10.51   10.09
  33236.635    34.813    10.81   10.45
  33613.003    39.631    12.80   10.26
  33989.390    42.745     8.27    9.24
  34365.795    39.245    -9.30    9.37
  34742.218    35.290   -10.51   10.26
  35118.660    33.745    -4.11   11.53
  35495.120    30.398    -8.89   11.32
  35871.598    33.083     7.13   11.74
  36248.094    36.063     7.91   11.71
  36624.609    36.500     1.16   13.22
  37001.143    33.540    -7.86   14.99
  37377.694    26.245   -19.38   12.63
  37754.264    22.340   -10.37    9.69
  38130.852    18.886    -9.17    6.20
  38507.459    18.464    -1.12    4.77
  38884.084    19.608     3.04    4.49
  39260.727    21.404     4.77    4.89
  39637.389    23.676     6.03    4.95
  40014.069    26.585     7.72    4.53
  40390.768    27.512     2.46    4.44
  40767.485    26.531    -2.60    5.42
  41144.220    25.512    -2.71    6.40
  41520.974    22.767    -7.29    6.06
  41897.746    20.945    -4.84    5.59
  42274.537    19.180    -4.68    4.37
  42651.345    17.540    -4.35    3.34
  43028.173    16.606    -2.48    2.29
  43405.019    16.686     0.21    2.45
  43781.883    17.363     1.80    3.15
  44158.765    18.904     4.09    3.97
  44535.666    19.608     1.87    3.77
  44912.586    21.006     3.71    3.76
  45289.524    22.563     4.13    4.67
  45666.480    23.345     2.08    5.07
  46043.455    24.109     2.03    4.81
  46420.448    24.775     1.77    5.41
  46797.460    24.270    -1.34    5.87
  47174.490    24.108    -0.43    5.32
  47551.539    24.381     0.72    5.18
  47928.606    25.904     4.04    5.25
  48305.692    28.176     6.03    5.62
  48682.796    29.949     4.70    6.32
  49059.919    30.426     1.27    6.66
  49437.060    31.692     3.36    7.17
  49814.219    32.358     1.77    5.47
  50191.398    33.375     2.70    5.60
  50568.594    35.345     5.22    5.82
  50942.248    37.858     6.73    6.86
  51315.815    40.085     5.96    7.96
  51689.400    42.457     6.35    7.69
  52063.003    44.706     6.02    6.40
  52436.624    47.176     6.61    6.73
  52810.264    51.549    11.70    7.49
  53183.921    55.012     9.27    6.88
  53557.597    56.085     2.87    7.31
  53931.291    57.335     3.35   10.88
  54305.003    50.718   -17.71   11.37
  54678.734    49.488    -3.29   10.26
  55052.482    50.835     3.61    9.70
  55426.249    51.340     1.35    7.96
  55800.033    51.875     1.43    7.78
  56173.836    51.585    -0.77    8.56
  56547.658    51.858     0.73    8.98
  56921.497    54.931     8.22    9.60
  57295.355    59.917    13.34   11.38
  57669.231    63.953    10.80   13.81
  58043.125    63.131    -2.20   10.59
  58417.037    62.643    -1.31    9.89
  58790.967    61.972    -1.79    7.27
  59164.916    64.108     5.71   10.15
  59538.883    63.654    -1.22    9.73
  59912.868    62.655    -2.67    8.19
  60286.872    64.998     6.26   11.17
  60660.894    75.433    27.90   22.96
  61034.934    91.290    42.40   33.25
  61408.992   119.242    74.73   46.23
  61783.068   140.953    58.04   48.29
  62157.163   182.975   112.34   69.90
  62531.276   238.821   149.28   79.21
  62905.408   285.886   125.81   87.42
  63279.557   338.549   140.76   74.78
  63653.725   354.245    41.95   74.90
  64027.911   350.949    -8.81   82.98
  64402.116   330.566   -54.47   83.91
  64776.338   311.858   -49.99   69.78
  65150.579   303.774   -21.60   50.02
  65524.839   291.620   -32.48   52.24
  65899.117   262.270   -78.42   66.69
  66273.413   220.886  -110.57   58.32
  66647.727   187.222   -89.94   34.64
  67022.060   175.848   -30.39   32.06
  67396.411   163.040   -34.22   31.59
  67770.780   154.821   -21.95   29.36
  68145.168   144.358   -27.95   16.11
  68519.574   139.503   -12.97   15.44
  68893.998   134.820   -12.51   17.29
  69268.441   130.631   -11.19   20.46
  69642.902   137.153    17.42   34.66
  70017.381   142.404    14.02   39.26
  70391.879   147.643    13.99   43.47
  70766.395   149.154     4.04   39.36
  71140.930   146.224    -7.82   32.52
  71515.483   136.017   -27.25   29.61
  71890.054   125.286   -28.65   36.45
  72264.644   120.370   -13.13   44.20
  72639.252   115.782   -12.25   44.90
  73013.878   117.061     3.41   47.45
  73388.523   106.909   -27.10   43.91
  73763.187    97.222   -25.86   40.80
  74137.869    81.813   -41.13   29.43
  74512.569    69.486   -32.90   21.72
  74887.287    60.585   -23.76   17.28
  75262.024    54.931   -15.09   15.80
  75636.780    51.174   -10.02   15.33
  76011.554    53.575     6.41   18.52
  76386.346    50.420    -8.42   17.38
  76761.157    46.433   -10.64   15.93
  77135.986    44.153    -6.08   15.62
  77510.834    37.404   -18.01    5.24
  77885.700    36.154    -3.33    5.70
  78260.585    36.305     0.40    7.07
  78635.488    36.375     0.19    7.66
  79010.409    34.820    -4.15    6.76
  79385.349    32.852    -5.25    4.77
  79760.308    31.566    -3.43    3.26
  80135.285    31.083    -1.29    1.23
  80510.280    31.699     1.64    2.08
  80885.294    33.153     3.88    3.59
  81260.327    34.926     4.73    4.41
  81635.378    37.699     7.39    5.58
  82010.447    40.015     6.17    6.22
  82385.535    44.457    11.84    7.05
  82760.642    47.440     7.95    6.86
  83135.767    49.108     4.45    6.50
  83510.911    50.309     3.20    6.54
  83886.073    52.676     6.31    5.94
  84261.253    52.486    -0.51    4.70
  84636.453    50.393    -5.58    6.69
  85011.670    45.218   -13.79    8.11
  85386.907    41.298   -10.45    6.17
  85762.162    39.709    -4.23    4.88
  86137.435    39.654    -0.15    4.76
  86512.727    40.753     2.93    4.89
  86888.038    43.063     6.15    5.00
  87263.367    43.931     2.31    4.65
  87638.715    44.620     1.84    4.67
  88014.081    45.619     2.66    4.42
  88389.466    46.767     3.06    4.86
  88764.869    49.953     8.49    5.36
  89140.292    51.960     5.35    4.95
  89515.732    53.631     4.45    4.40
  89891.192    55.656     5.39    4.13
  90266.670    57.798     5.70    3.84
  90642.166    57.061    -1.96    4.74
  91017.681    56.540    -1.39    5.82
  91393.215    55.745    -2.12    6.48
  91768.768    55.058    -1.83    6.08
  92144.339    56.199     3.04    6.04
  92519.928    57.448     3.33    6.30
  92895.537    58.620     3.12    5.07
  93271.164    61.245     6.99    5.17
  93646.810    63.131     5.02    5.45
  94022.474    64.198     2.84    4.86
  94398.157    65.131     2.48    5.33
  94773.859    62.881    -5.99    6.88
  95149.579    61.306    -4.19    7.66
  95525.318    59.017    -6.09    8.44
  95901.076    53.972   -13.43    7.18
  96276.852    50.619    -8.92    7.26
  96652.647    49.620    -2.66    7.11
  97028.461    49.356    -0.70    6.75
  97404.293    48.449    -2.41    6.37
  97780.145    46.410    -5.43    6.53
  98156.015    41.643   -12.68    7.02
  98531.903    36.798   -12.89    5.85
  98907.811    33.480    -8.83    4.75
  99283.737    31.174    -6.13    2.28
  99659.681    31.345     0.45    2.21
 100035.645    32.086     1.97    2.06
 100411.627    32.154     0.18    1.90
 100787.628    31.731    -1.13    2.13
 101163.648    31.108    -1.66    1.78
 101539.687    30.689    -1.11    1.45
 101915.744    30.870     0.48    1.41
 102291.820    30.736    -0.36    1.33
 102667.915    31.864     3.00    3.76
 103044.028    34.998     8.33    6.72
 103420.161    39.566    12.15    7.84
 103796.312    44.040    11.90    7.68
 104172.482    45.767     4.59    6.99
 104548.671    44.820    -2.52    7.51
 104924.878    41.782    -8.08    8.01
 105301.105    38.858    -7.77    6.63
 105677.350    35.909    -7.84    5.13
 106053.614    34.835    -2.85    3.63
 106429.896    35.753     2.44    3.28
 106806.198    37.761     5.34    4.15
 107182.519    41.313     9.44    4.98
 107558.858    46.464    13.69    8.58
 107935.216    50.363    10.36    9.31
 108311.593    61.022    28.32   19.23
 108687.989    69.108    21.48   22.30
 109064.403    76.381    19.32   23.88
 109440.837    80.153    10.02   23.18
 109817.289    80.495     0.91   20.81
 110193.760    80.585     0.24   16.75
 110570.250    88.583    21.25   19.70
 110946.759   105.653    45.34   29.56
 111323.287   116.709    29.37   35.95
 111699.834   108.953   -20.60   37.71
 112076.399    94.417   -38.61   36.43
 112452.984    80.945   -35.78   24.77
 112829.587    74.063   -18.28   12.10
 113206.209    78.131    10.80   11.56
 113582.851    83.398    13.98   13.97
 113959.511    91.835    22.40   12.43
 114336.190    96.495    12.37   11.88
 114712.888   102.790    16.71   15.90
 115089.604   102.667    -0.33   16.43
 115466.340    99.858    -7.46   16.45
 115843.095    95.821   -10.72   14.80
 116219.869    93.109    -7.20    8.75
 116596.661    93.931     2.18    8.29
 116973.473    94.201     0.72    9.88
 117350.303    97.313     8.26    9.82
 117727.153    99.856     6.75   10.12
 118104.021   103.472     9.60   12.23
 118480.909   104.063     1.57   15.33
 118857.815   100.245   -10.13   17.50
 119234.740    95.153   -13.51   19.71
 119611.685    87.036   -21.54   19.24
 119988.648    79.017   -21.27   14.43
 120365.630    72.821   -16.44   12.24
 120742.632    70.608    -5.87   13.68
 121119.652    69.109    -3.98   13.36
 121496.691    67.242    -4.95   11.78
 121873.749    66.740    -1.33   11.62
 122250.827    67.583     2.24   11.29
 122627.923    70.175     6.87   12.56
 123005.039    77.631    19.77   12.25
 123382.173    81.585    10.49   12.08
 123759.326    86.153    12.11   13.62
 124136.499    91.926    15.31   15.54
 124513.690    94.222     6.09   15.20
 124890.901    96.517     6.09   15.65
 125268.131    96.331    -0.49   13.75
 125645.131    96.699     0.98   14.24
 126018.617    96.040    -1.76   14.94
 126392.121    89.631   -17.16   16.21
 126765.644    81.358   -22.15   15.75
 127139.186    76.745   -12.35   16.25
 127512.746    76.972     0.61   19.02
 127886.325    78.154     3.16   19.87
 128259.923    77.486    -1.79   19.50
 128633.539    74.313    -8.50   14.78
 129007.174    74.442     0.35   12.58
 129380.828    87.290    34.39   29.28
 129754.500   106.042    50.19   44.28
 130128.191   115.109    24.27   48.60
 130501.901   117.267     5.78   54.73
 130875.630   107.331   -26.59   45.78
 131249.377    97.526   -26.24   34.52
 131623.143   103.066    14.82   44.99
 131996.928   107.767    12.58   40.81
 132370.732   108.175     1.09   31.08
 132744.554   106.913    -3.38   26.00
 133118.395   103.153   -10.06   22.19
 133492.255   103.086    -0.18   21.09
 133866.133   106.805     9.95   24.15
 134240.031   120.064    35.47   27.61
 134613.947   134.179    37.75   27.22
 134987.881   159.881    68.74   32.81
 135361.835   175.479    41.72   32.47
 135735.807   193.775    48.93   31.02
 136109.799   209.553    42.19   30.68
 136483.809   220.201    28.47   42.86
 136857.837   231.464    30.12   44.42
 137231.885   243.464    32.09   45.38
 137605.951   250.783    19.57   41.45
 137980.036   244.753   -16.12   43.33
 138354.140   228.398   -43.72   54.35
 138728.263   202.666   -68.79   55.02
 139102.405   186.922   -42.09   48.54
 139476.565   182.753   -11.14   41.13
 139850.745   189.345    17.62   45.04
 140224.943   209.848    54.80   41.48
 140599.160   221.313    30.64   39.17
 140973.396   237.575    43.46   35.54
 141347.650   245.417    20.95   30.62
 141721.924   242.852    -6.85   34.76
 142096.216   221.267   -57.68   38.09
 142470.527   200.556   -55.34   27.10
 142844.858   193.309   -19.36   30.86
 143219.207   186.381   -18.51   32.76
 143593.575   182.631   -10.02   31.57
 143967.961   170.176   -33.27   30.04
 144342.367   151.692   -49.38   29.37
 144716.792   135.949   -42.05   26.78
 145091.235   120.831   -40.38   16.73
 145465.697   115.131   -15.22   13.46
 145840.179   112.317    -7.52   13.77
 146214.679   114.040     4.60   19.38
 146589.198   118.109    10.87   22.34
 146963.736   118.321     0.57   15.45
 147338.293   118.290    -0.08   11.27
 147712.869   115.956    -6.23    8.86
 148087.464   112.449    -9.36   10.34
 148462.077   107.456   -13.33   10.03
 148836.710   105.664    -4.78   12.02
 149211.362   105.242    -1.13   13.53
 149586.033   104.798    -1.19   13.95
 149960.722   110.654    15.63   20.89
 150335.431   126.036    41.06   43.93
 150710.158   139.108    34.89   51.96
 151084.905   154.540    41.19   47.65
 151459.670   173.686    51.10   49.29
 151834.455   187.153    35.94   46.66
 152209.258   207.750    54.96   48.55
 152584.081   223.245    41.34   45.11
 152958.922   242.106    50.33   42.34
 153333.783   254.517    33.11   37.08
 153708.662   261.676    19.10   28.70
 154083.561   261.495    -0.49   29.54
 154458.478   262.820     3.54   30.35
 154833.415   275.536    33.92   35.22
 155208.370   291.153    41.66   38.91
 155583.345   307.321    43.12   39.52
 155958.338   320.063    33.98   41.99
 156333.351   339.620    52.16   54.76
 156708.383   356.858    45.97   54.09
 157083.434   384.909    74.80   70.95
 157458.503   427.131   112.59   82.35
 157833.592   468.609   110.60   86.64
 158208.700   511.294   113.81  100.12
 158583.827   548.245    98.52   93.11
 158958.973   574.486    69.96   81.14
 159334.139   581.174    17.83   69.97
 159709.323   567.585   -36.22   75.40
 160084.526   535.245   -86.21   67.78
 160459.749   514.848   -54.37   70.42
 160834.990   507.596   -19.33   83.80
 161210.251   500.686   -18.42   87.21
 161585.531   496.042   -12.38   72.42
 161960.830   486.979   -24.15   65.31
 162336.148   458.420   -76.10   61.70
 162711.485   422.426   -95.91   67.28
 163086.841   349.998  -192.99   89.80
 163462.217   291.472  -155.94   79.54
 163837.611   251.086  -107.60   70.11
 164213.025   218.642   -86.44   44.22
 164588.458   212.676   -15.89   37.85
 164963.910   232.995    54.12   63.19
 165339.381   266.131    88.27   69.86
 165714.871   284.664    49.37   57.77
 166090.381   297.722    34.78   50.71
 166465.909   294.596    -8.32   50.33
 166841.457   282.420   -32.43   58.66
 167217.024   286.655    11.28   64.90
 167592.610   264.000   -60.33   64.58
 167968.216   265.913     5.09   73.06
 168343.840   251.731   -37.76   85.83
 168719.484   232.608   -50.91   87.87
 169095.147   219.643   -34.52   86.08
 169470.829   188.731   -82.29   71.31
 169846.531   166.202   -59.97   61.16
 170222.251   136.413   -79.30   41.53
 170597.991   122.585   -36.81   25.83
 170973.750   114.495   -21.54   19.96
 171349.529   106.335   -21.72   20.55
 171725.326   101.497   -12.88   21.50
 172101.143    91.449   -26.74   20.02
 172476.979    85.702   -15.29   17.36
 172852.835    82.331    -8.97   15.52
 173228.709    91.153    23.47   27.98
 173604.603   106.015    39.54   30.28
 173980.516   117.585    30.79   25.18
 174356.449   125.581    21.27   18.52
 174732.400   120.585   -13.29   18.93
 175108.371   117.991    -6.90   18.74
 175484.362   135.598    46.83   35.75
 175860.371   148.309    33.81   40.63
 176236.400   152.294    10.60   44.23
 176612.448   142.664   -25.61   42.86
 176988.516   127.006   -41.64   23.18
 177364.603   126.335    -1.78   17.80
 177740.709   135.731    24.98   19.90
 178116.834   146.949    29.83   19.91
 178492.979   158.331    30.26   23.30
 178869.143   168.759    27.73   22.99
 179245.326   176.631    20.93   23.20
 179621.529   169.821   -18.10   28.25
 179997.751   154.881   -39.72   38.71
 180373.993   131.240   -62.85   39.49
 180750.254   110.609   -54.84   25.19
 181126.534    99.335   -29.97   14.90
 181502.833    95.881    -9.18    9.98
 181879.152    94.913    -2.57    7.01
 182255.491    96.654     4.62    6.28
 182631.848    96.709     0.15    5.59
 183008.225    97.553     2.24    5.87
 183384.622    96.196    -3.61    7.36
 183761.038    96.413     0.58    9.01
 184137.473    94.220    -5.83    9.77
 184513.928    90.798    -9.09    9.73
 184890.402    85.886   -13.05    9.49
 185266.895    82.154    -9.92    8.17
 185643.408    79.322    -7.52    6.86
 186019.941    77.131    -5.82    6.21
 186396.493    74.767    -6.28    5.86
 186773.064    75.109     0.91    7.48
 187149.655    74.935    -0.46    8.58
 187526.265    73.745    -3.16    8.33
 187902.894    72.536    -3.21    8.37
 188279.543    69.000    -9.39    6.55
 188656.212    65.805    -8.48    6.41
 189032.900    63.153    -7.04    6.88
 189409.607    61.495    -4.40    6.17
 189786.334    61.909     1.10    6.41
 190163.081    60.154    -4.66    6.48
 190539.846    59.681    -1.25    6.80
 190916.632    58.286    -3.70    5.60
 191293.437    58.340     0.14    5.99
 191670.261    60.353     5.34    9.61
 192047.105    60.731     1.00    9.24
 192423.968    60.774     0.11    9.68
 192800.851    58.790    -5.26    8.20
 193177.754    58.456    -0.89    7.91
 193554.676    56.286    -5.76    6.71
 193931.617    54.585    -4.51    5.05
 194308.578    55.926     3.56    6.05
 194685.559    55.442    -1.29    6.31
 195062.559    54.594    -2.25    5.49
 195439.579    53.086    -4.00    3.31
 195816.618    52.294    -2.10    4.03
 196193.677    52.084    -0.56    3.64
 196570.755    51.886    -0.53    3.21
 196947.853    53.500     4.28    5.41
 197324.970    55.674     5.77    7.37
 197702.107    57.726     5.44    8.27
 198079.264    58.575     2.25    8.01
 198456.440    58.767     0.51    7.04
 198833.636    57.654    -2.95    5.91
 199210.852    56.020    -4.33    4.87
 199588.087    54.585    -3.80    4.63
 199965.341    52.420    -5.74    3.93
 200342.616    51.245    -3.12    2.83
 200719.323    51.745     1.33    3.73
 201092.750    53.598     4.96    5.53
 201466.196    55.540     5.20    6.35
 201839.661    57.783     6.01    6.00
 202213.146    57.517    -0.71    5.95
 202586.649    56.309    -3.24    6.25
 202960.172    54.841    -3.93    6.16
