# NaN NaN NaN ;Mean Elev.(m), Avg Gradient(m/km), RMS Gradient(m/km) - SRTM1     
#    8.051  -0.149   2.471 ;Mean Elev.(m), Avg Gradient(m/km), RMS Gradient(m/km) - ASTER GDEM
#   10.587  -0.426   3.937 ;Mean Elev.(m), Avg Gradient(m/km), RMS Gradient(m/km) - GMTED2010 
  7 115.680685  29.854333    18.611    18.686  6 52461.10907171 21.857
  8 115.678395  29.855877    17.654    17.580  6 52496.10907190 20.472
  9 115.678144  29.856357    17.285    17.352  5 52531.10905764 19.951
 10 115.683680  29.855094    15.269    15.344  7 52566.10907853 23.602
 11 115.668868  29.856492    19.301    19.725  6 52601.10909465 18.401
 12 115.675925  29.856694    15.186    16.068  6 52636.10905674 31.655
 13 115.673344  29.855044    10.911     9.908  6 52671.10906347 36.315
 14 115.680056  29.856514    12.418    11.906  6 52706.10905841 29.771
 15 115.671531  29.855580    11.606    11.671  5 52741.10909239 30.893
 16 115.675858  29.856101    18.109    17.881  5 52776.10903657 19.452
 17 115.675923  29.856438    15.726    15.933  6 52811.10911312 22.203
 18 115.677897  29.856528    19.939    19.747  5 52846.10916847 19.522
 19 115.673500  29.856010    16.079    16.114  5 52881.10920587 17.504
 20 115.676356  29.856033    16.745    16.594  6 52916.10916314 21.661
 21 115.684288  29.854597    12.962    11.721  7 52951.10912371 26.832
 22 115.682969  29.855493    13.922    13.947  6 52986.10914347 23.527
 23 115.677281  29.855566    10.170    10.703  6 53021.10913330 35.874
 24 115.683395  29.855808    15.649    15.012  7 53056.10912226 21.446
 25 115.664729  29.855051     9.225     9.221  6 53091.10916061 42.749
 26 115.680221  29.854561    15.243    15.846  6 53126.10913046 23.774
 27 115.670210  29.855857    18.275    16.872  6 53161.10919251 20.398
 28 115.677848  29.855249    16.161    16.095  6 53196.10919025 24.036
 29 115.681164  29.856745    17.401    17.167  6 53231.10917372 23.091
 30 115.669901  29.855511    17.126    17.167  5 53266.10914425 20.986
 31 115.668167  29.854059    16.480    15.281  6 53301.10919467 14.735
 32 115.675055  29.856959    11.908    10.481  6 53336.10916466 24.946
 33 115.673982  29.855671    10.037     8.739  5 53371.10910230 33.929
 35 115.672847  29.856380    16.125    15.600  6 53441.10912379 19.466
 36 115.671951  29.854517    14.942    14.698  6 53476.10919065 23.832
 38 115.670201  29.856043    17.355    16.521  6 53546.10922166 24.583
 39 115.674017  29.856875    17.659    16.679  6 53581.10919526 21.889
 40 115.668723  29.853959    22.201    22.351  6 53616.10915071 17.502
 41 115.678675  29.856962    15.936    15.910  6 53651.10916360 26.954
 42 115.670611  29.855313    17.744    17.405  5 53686.10917140 18.123
 43 115.675061  29.854708    13.578    12.339  6 53721.10909733 26.139
 44 115.685812  29.854874    11.839    12.125  6 53756.10902523 25.881
 45 115.679229  29.856106     9.070     9.076  5 53791.10905252 40.083
 46 115.684760  29.855138    13.303    12.686  6 53826.10901250 26.535
 47 115.673906  29.855661    16.436    15.653  5 53861.10910372 20.793
 48 115.678321  29.855338    15.071    15.087  6 53896.10912318 26.475
 49 115.665314  29.854892    17.861    16.077  6 53931.10917494 19.205
 50 115.667726  29.854943    14.953    15.026  5 53966.10915166 16.351
 51 115.683189  29.854900    12.376    10.975  6 54001.10911127 32.628
 52 115.679530  29.855073    12.874    11.448  6 54036.10915287 28.220
 53 115.676930  29.855818    13.698    13.609  5 54071.10914722 23.187
 54 115.670627  29.854537    11.055    10.311  6 54106.10909966 25.237
 55 115.677305  29.856110     9.015     7.864  5 54141.10907991 40.031
 56 115.672915  29.855917    17.507    16.902  5 54176.10908051 18.671
 57 115.675995  29.856127    13.523    15.166  5 54211.10908671 19.026
 58 115.676215  29.855976     9.567     9.591  6 54246.10911640 37.247
 60 115.676765  29.855730    19.324    19.310  5 54316.10912620 21.102
 61 115.674130  29.856877    17.660    16.704  6 54351.10909343 22.335
 62 115.677885  29.855727    14.375    13.709  5 54386.10906526 20.659
 63 115.673404  29.855960    15.307    15.526  6 54421.10904361 20.427
 64 115.679892  29.855795    12.029    10.880  6 54456.10903778 24.588
 65 115.675242  29.854890    11.512    12.126  6 54491.10904503 28.220
 66 115.679202  29.856074     9.203     8.027  5 54526.10905063 40.327
 67 115.673367  29.855686    15.645    15.625  6 54561.10905317 18.503
 68 115.675830  29.856141    15.456    15.897  5 54596.10904622 19.428
 69 115.674995  29.856560    14.287    13.948  6 54631.10906027 26.755
 70 115.673783  29.854679    16.965    16.154  6 54666.10906676 18.486
 71 115.674892  29.856101    18.016    17.096  6 54701.10903514 25.624
 72 115.678316  29.856467    16.231    16.213  6 54736.10902605 26.859
 73 115.675519  29.855284    13.939    12.002  6 54771.10901639 26.028
 74 115.676859  29.855705    14.952    14.415  5 54806.10901991 18.041
 75 115.676374  29.856955    10.380    10.858  6 54841.10901133 28.484
 76 115.675720  29.855704     7.913     7.924  5 54876.10902142 32.288
 77 115.671348  29.855019    16.751    15.003  6 54911.10901733 19.655
 78 115.674291  29.850324    30.545    33.098  3 54946.10901449 23.657
 79 115.674441  29.855876    16.477    16.359  6 54981.10903988 18.139
 80 115.675665  29.856013    13.951    15.234  5 55016.10904137 20.871
 81 115.676581  29.856089    16.473    16.378  6 55051.10903556 35.604
 82 115.672139  29.855428    17.096    15.850  6 55086.10900133 15.234
 83 115.679093  29.856074    11.526    11.982  6 55121.10896982 37.007
 84 115.672826  29.854774    12.358    12.037  6 55156.10896166 27.572
 85 115.677754  29.856772    12.512    13.634  6 55191.10895887 24.752
 86 115.673952  29.856791     8.306     8.267  6 55226.10896190 47.409
 87 115.677060  29.856414    18.418    13.508  5 55261.10895483 25.617
 88 115.673291  29.854563    16.902    15.739  6 55296.10894700 18.316
 89 115.673703  29.855382    17.941    17.286  6 55331.10893545 17.034
 90 115.674781  29.854957    16.911    16.851  6 55366.10892896 19.758
 91 115.678027  29.856268    18.383    19.265  6 55401.10894114 19.816
 92 115.676695  29.855219    16.754    16.631  6 55436.10894569 23.576
 93 115.672697  29.854581    18.371    16.581  6 55471.10889825 17.560
