# NaN NaN NaN ;Mean Elev.(m), Avg Gradient(m/km), RMS Gradient(m/km) - SRTM1     
#    4.147  -0.827   3.771 ;Mean Elev.(m), Avg Gradient(m/km), RMS Gradient(m/km) - ASTER GDEM
#    0.644  -1.146   3.463 ;Mean Elev.(m), Avg Gradient(m/km), RMS Gradient(m/km) - GMTED2010 
  6 119.201677  32.231768     5.318     5.238  5 52420.10062027 31.810
  7 119.199936  32.232230     5.232     5.208  4 52455.10064438 23.696
  8 119.207614  32.229725     5.192     5.221  4 52490.10062012 24.309
  9 119.200761  32.232413     6.017     5.951  4 52525.10059823 24.924
 10 119.203556  32.231961     4.308     4.238  4 52560.10064725 22.604
 11 119.196995  32.233579     4.502     4.434  5 52595.10065389 28.035
 12 119.209060  32.230002     3.890     3.723  4 52630.10058679 22.088
 14 119.212792  32.228625     3.624     3.635  5 52700.10058875 24.561
 15 119.207335  32.230620     3.827     3.819  4 52735.10062022 22.615
 16 119.199852  32.233068     4.293     4.291  5 52770.10060772 30.647
 17 119.206114  32.231094     4.136     4.093  4 52805.10064425 26.029
 18 119.207006  32.230329     6.148     6.166  4 52840.10070566 25.234
 19 119.204848  32.230849     4.810     4.703  5 52875.10074486 27.240
 20 119.207155  32.230547     5.404     5.292  4 52910.10071627 27.638
 21 119.213728  32.228834     3.889     4.061  5 52945.10065799 33.956
 23 119.200394  32.233421     4.540     4.390  4 53015.10070331 24.801
 24 119.207531  32.229803     3.666     3.652  4 53050.10067801 21.046
 25 119.194963  32.234049     3.935     3.912  5 53085.10071369 26.648
 26 119.203543  32.231709     3.681     3.578  5 53120.10068379 26.847
 27 119.199184  32.232325     4.494     4.831  5 53155.10073664 21.507
 28 119.209362  32.229851     5.192     5.136  5 53190.10072722 29.723
 29 119.204814  32.230135     4.428     4.480  4 53225.10073730 23.265
 30 119.197268  32.233796     4.372     4.360  4 53260.10071142 25.906
 31 119.197981  32.232876     4.246     4.193  4 53295.10073988 25.275
 32 119.204264  32.230639     3.995     3.936  4 53330.10071315 20.262
 33 119.204088  32.230828     4.261     4.466  5 53365.10066276 26.659
 35 119.203396  32.230941     3.953     3.884  5 53435.10067775 27.124
 36 119.203713  32.231001     3.876     3.915  5 53470.10072303 25.109
 38 119.201514  32.231641     4.325     4.256  5 53540.10076318 33.403
 39 119.198857  32.231693     5.009     5.135  4 53575.10075796 21.376
 40 119.198551  32.232845     5.040     4.938  4 53610.10070832 23.061
 41 119.206485  32.229906     4.417     4.476  4 53645.10071184 21.866
 42 119.197879  32.233198     4.780     4.713  5 53680.10072881 32.283
 43 119.204160  32.230777     4.099     4.083  5 53715.10065706 25.818
 44 119.212293  32.228272     4.906     4.619  4 53750.10057358 20.855
 45 119.206339  32.229924     3.878     3.634  5 53785.10060386 27.608
 46 119.201980  32.230986     3.797     3.867  4 53820.10056285 22.945
 47 119.201622  32.231982     4.081     3.941  4 53855.10064619 21.379
 48 119.210396  32.229326     4.460     3.827  4 53890.10065631 18.765
 49 119.194831  32.233221     4.385     4.517  4 53925.10072094 23.502
 50 119.195305  32.232805     4.825     4.624  4 53960.10071002 24.311
 51 119.211857  32.229434     4.044     3.931  4 53995.10064530 20.017
 52 119.208262  32.230078     4.904     4.245  5 54030.10070215 22.915
 53 119.205765  32.230736     4.946     4.998  4 54065.10069612 23.074
 55 119.206310  32.229993     4.951     3.542  5 54135.10062133 23.902
 57 119.205881  32.231473     4.884     4.907  4 54205.10062562 20.174
 58 119.204642  32.230658     4.448     4.108  5 54240.10065945 23.419
 59 119.204511  32.231974     3.869     3.925  4 54275.10067567 23.727
 61 119.202020  32.231791     8.113     7.759  4 54345.10065294 23.282
 62 119.205780  32.230079     5.534     6.278  5 54380.10061376 23.154
 63 119.202507  32.231334     2.511     4.011  5 54415.10060168 31.181
 65 119.205610  32.230447     6.739     6.566  5 54485.10059687 23.581
 66 119.206740  32.230174     5.663     6.638  5 54520.10059494 23.117
 67 119.202023  32.233210     5.402     5.365  4 54555.10060748 22.844
 68 119.204887  32.231597     7.007     7.119  4 54590.10059025 20.478
 69 119.203010  32.231181     4.217     4.267  5 54625.10060746 29.223
 70 119.202456  32.232458     4.088     4.305  4 54660.10061549 24.947
 71 119.202777  32.230614     6.092     6.141  4 54695.10059454 23.449
 72 119.206271  32.231320     6.107     6.777  4 54730.10057054 25.910
 73 119.203568  32.231009     5.545     5.552  5 54765.10057326 26.223
 74 119.205642  32.230516     6.060     7.068  5 54800.10056445 23.714
 75 119.203392  32.231896     6.853     7.560  5 54835.10056398 32.199
 76 119.206817  32.230256     7.512     7.916  4 54870.10056198 19.539
 77 119.199516  32.233072     5.589     5.714  4 54905.10057290 22.566
 78 119.205147  32.229865     7.122     7.753  4 54940.10055318 20.646
 79 119.203723  32.230995     6.294     7.531  5 54975.10058306 27.869
 80 119.201989  32.230995     2.624     4.233  4 55010.10059534 23.288
 81 119.204489  32.230409     8.149     8.529  4 55045.10058570 21.207
 82 119.201781  32.232112     6.158     6.654  5 55080.10056077 30.575
 83 119.205807  32.231005     6.956     8.077  5 55115.10051817 21.197
 84 119.202620  32.232192     6.597     7.088  4 55150.10051748 22.160
 85 119.205848  32.230690     7.443     7.881  4 55185.10050207 20.512
 86 119.201988  32.231610     6.954     7.534  4 55220.10051568 22.087
 87 119.206511  32.229921     7.071     7.751  4 55255.10049853 22.965
 88 119.200549  32.232478     5.612     6.287  5 55290.10050440 26.919
 89 119.202225  32.231496     6.406     6.692  5 55325.10048399 25.406
 90 119.202378  32.231759     5.875     5.859  4 55360.10048186 23.062
 91 119.205157  32.230906     6.407     6.352  5 55395.10048682 26.032
 92 119.205555  32.231549     8.349     8.455  4 55430.10049700 19.807
 93 119.202029  32.230778     6.831     6.767  4 55465.10045940 23.161
