# NaN NaN NaN ;Mean Elev.(m), Avg Gradient(m/km), RMS Gradient(m/km) - SRTM1     
#   33.422   0.140   1.991 ;Mean Elev.(m), Avg Gradient(m/km), RMS Gradient(m/km) - ASTER GDEM
#   19.852  -0.028   0.998 ;Mean Elev.(m), Avg Gradient(m/km), RMS Gradient(m/km) - GMTED2010 
  7 113.494931  29.797828    12.896    12.843  5 52448.11510798 23.665
  8 113.501981  29.804054    27.551    27.337  6 52483.11509517 24.576
  9 113.506636  29.809360    29.338    29.298  6 52518.11505177 32.999
 10 113.503088  29.804433    25.892    25.589  6 52553.11510267 22.541
 12 113.505245  29.807483    24.373    25.032  7 52623.11503838 23.865
 13 113.512646  29.817593    18.554    18.567  6 52658.11505139 50.571
 15 113.513030  29.818482    25.649    25.662  8 52728.11507290 21.506
 16 113.490630  29.793001    24.706    24.692  5 52763.11509111 25.122
 17 113.520611  29.824176    22.879    22.763  5 52798.11505470 32.945
 18 113.519846  29.823774    29.796    29.906  6 52833.11512553 22.775
 19 113.519548  29.824768    25.826    25.878  6 52868.11516795 20.008
 20 113.505418  29.807360    25.872    25.895  7 52903.11518726 23.244
 21 113.500839  29.801865    21.518    21.516  6 52938.11512613 43.712
 22 113.507131  29.808392    17.796    17.800  6 52973.11515885 46.577
 23 113.499541  29.800370    16.661    16.683  5 53008.11516943 47.154
 24 113.508163  29.809353    24.695    24.848  6 53043.11512411 21.541
 25 113.499426  29.800906    18.343    18.349  5 53078.11515939 34.047
 26 113.504102  29.806184    23.920    23.888  7 53113.11512844 20.841
 27 113.503266  29.805467    24.932    24.807  6 53148.11517314 23.092
 28 113.517007  29.821833    26.611    26.626  6 53183.11516922 23.413
 29 113.506043  29.807924    27.252    27.295  7 53218.11519645 36.010
 30 113.497311  29.798370    24.993    24.842  5 53253.11517621 23.634
 31 113.502736  29.804580    24.093    24.077  6 53288.11517577 35.350
 32 113.518447  29.823878    25.938    25.944  6 53323.11514762 19.617
 33 113.512523  29.817064    17.304    17.345  6 53358.11511373 43.806
 34 113.510593  29.813831    25.154    25.362  6 53393.11512996 20.708
 35 113.511200  29.815640    25.289    25.298  6 53428.11512424 20.278
 36 113.516800  29.821289    20.519    19.843  6 53463.11514182 29.215
 37 113.498018  29.799217    25.098    25.263  5 53498.11521711 24.167
 38 113.511695  29.815562    26.879    27.206  7 53533.11519593 23.486
 39 113.497976  29.800132    26.657    26.618  5 53568.11521808 41.906
 40 113.505650  29.807381    27.194    27.271  6 53603.11516187 20.387
 41 113.506731  29.808472    25.914    25.966  6 53638.11515977 20.061
 42 113.500707  29.801892    23.289    23.623  5 53673.11518185 28.414
 43 113.513070  29.818112    25.215    25.344  7 53708.11510982 18.791
 44 113.505320  29.806931    16.933    16.920  6 53743.11502321 44.154
 45 113.516814  29.822379    24.959    24.967  6 53778.11504684 19.151
 46 113.505350  29.806853    20.763    20.754  7 53813.11502527 41.589
 47 113.506727  29.808534    21.078    21.092  7 53848.11508072 41.414
 49 113.496902  29.799252    24.893    24.732  5 53918.11516404 22.986
 50 113.494498  29.796191    23.804    23.777  5 53953.11516797 46.054
 52 113.513858  29.819571    22.484    21.486  8 54023.11514284 23.103
 53 113.519294  29.823524    17.216    17.276  5 54058.11513470 32.227
 54 113.504175  29.806209    20.577    20.944  7 54093.11511890 24.971
 55 113.515794  29.820446    18.316    17.304  7 54128.11505275 35.968
 56 113.504980  29.807093    26.475    25.344  7 54163.11508823 23.583
 57 113.512997  29.819134    17.833    17.844  8 54198.11505570 42.567
 58 113.511003  29.814294    19.993    20.036  6 54233.11509971 42.755
 59 113.509049  29.810435    25.240    25.258  6 54268.11511947 21.474
 60 113.510256  29.813996    27.065    27.165  6 54303.11512279 20.951
 61 113.507359  29.809703    26.163    26.157  6 54338.11510912 21.029
 62 113.513173  29.819102    25.380    25.357  8 54373.11505498 20.470
 63 113.506224  29.807766    24.827    24.830  6 54408.11505520 21.486
 64 113.516162  29.821593    24.510    24.508  7 54443.11501511 19.167
 65 113.509904  29.812189    24.306    24.393  6 54478.11504351 20.024
 66 113.515664  29.820996    24.592    24.740  7 54513.11503044 18.155
 67 113.506471  29.808744    24.996    25.017  6 54548.11505784 22.026
 68 113.512025  29.817117    24.467    24.459  7 54583.11502651 24.197
 69 113.509276  29.810836    23.418    23.409  5 54618.11504857 24.592
 70 113.506138  29.808113    24.387    24.441  7 54653.11506108 24.804
 71 113.505920  29.808134    25.007    25.071  7 54688.11505033 21.837
 72 113.515823  29.821462    26.838    27.078  7 54723.11500570 19.394
 73 113.506712  29.809493    25.137    25.132  6 54758.11502621 20.106
 74 113.512705  29.817019    24.437    24.782  6 54793.11500027 24.266
 75 113.509682  29.812585    22.906    24.808  7 54828.11502339 23.699
 76 113.514261  29.819664    24.301    24.690  8 54863.11499388 21.238
 77 113.504609  29.806206    24.880    24.846  7 54898.11502504 25.137
 78 113.510959  29.815175    25.935    25.700  6 54933.11498923 24.902
 79 113.508670  29.810500    25.028    25.505  5 54968.11502463 24.215
 80 113.504274  29.805759    24.579    24.537  6 55003.11504585 26.140
 81 113.510535  29.814225    26.335    26.122  6 55038.11503055 20.849
 82 113.505398  29.807457    26.151    26.355  6 55073.11501760 21.158
 83 113.512401  29.817209    23.817    24.779  6 55108.11496259 22.374
 84 113.505234  29.807316    19.545    20.146  6 55143.11496933 29.362
 85 113.516011  29.821046    25.810    25.852  7 55178.11493378 18.682
 86 113.507173  29.808291    18.456    17.249  6 55213.11496367 34.071
 87 113.513017  29.817530    21.454    20.970  6 55248.11493566 24.137
 88 113.504813  29.806153    20.119    19.961  7 55283.11495758 29.007
 89 113.506197  29.807815    25.260    25.335  6 55318.11492686 22.529
 90 113.506515  29.808350    25.378    25.404  6 55353.11492997 23.894
 91 113.510352  29.813502    30.281    28.358  6 55388.11492596 23.470
 92 113.509116  29.810756    27.103    27.087  5 55423.11494683 21.389
 93 113.505867  29.807082    26.347    26.372  6 55458.11492015 22.018
