# NaN NaN NaN ;Mean Elev.(m), Avg Gradient(m/km), RMS Gradient(m/km) - SRTM1     
#  -11.685  -0.173   4.016 ;Mean Elev.(m), Avg Gradient(m/km), RMS Gradient(m/km) - ASTER GDEM
#    1.309  -0.141   1.150 ;Mean Elev.(m), Avg Gradient(m/km), RMS Gradient(m/km) - GMTED2010 
  7 118.384558  31.567727     7.592     7.569 14 52477.57325033 23.900
  8 118.391095  31.604722     7.153     7.272 18 52512.57319966 31.710
  9 118.384985  31.570397     5.747     5.550 16 52547.57323205 26.981
 10 118.387226  31.582786     6.058     6.108 17 52582.57324134 23.497
 11 118.386389  31.578507     5.261     5.361 16 52617.57321348 25.724
 12 118.389864  31.592997     4.256     4.737 18 52652.57319079 26.245
 13 118.389000  31.589007     4.807     4.855 18 52687.57318798 25.513
 14 118.386885  31.576990     5.212     5.041 16 52722.57323297 25.285
 15 118.383586  31.556786     5.423     5.129 12 52757.57325116 26.543
 16 118.385843  31.577146     6.373     6.240 16 52792.57320692 28.464
 17 118.387378  31.581907     8.201     8.205 17 52827.57327587 27.682
 18 118.388640  31.586163     7.074     6.924 18 52862.57332181 25.762
 19 118.386647  31.577181     6.896     6.758 17 52897.57334989 24.839
 20 118.387370  31.579734     5.913     5.803 16 52932.57329656 23.899
 21 118.386128  31.577792     4.650     4.378 16 52967.57330096 24.757
 22 118.384427  31.565339     2.918     2.912 14 53002.57332368 26.953
 23 118.386744  31.578934     3.301     2.526 17 53037.57327553 28.784
 24 118.386252  31.577197     4.172     3.849 16 53072.57330064 22.374
 25 118.387382  31.580412     4.562     4.664 17 53107.57327630 23.451
 26 118.385711  31.575065     5.832     5.747 16 53142.57330939 22.462
 27 118.387334  31.582135     6.255     6.206 17 53177.57333409 26.144
 28 118.386530  31.573922     6.889     6.629 16 53212.57335267 30.552
 29 118.388524  31.584283     6.145     6.148 18 53247.57332333 26.555
 30 118.384602  31.563377     5.731     5.519 13 53282.57330911 24.055
 31 118.387747  31.582613     4.667     4.577 17 53317.57331523 23.216
 32 118.389692  31.594533     4.462     4.773 18 53352.57328318 24.198
 33 118.384859  31.571588     2.195     2.187 15 53387.57327198 44.874
 34 118.390477  31.593208     4.547     4.330 18 53422.57327704 25.558
 35 118.387727  31.579414     3.355     3.178 17 53457.57327983 33.795
 36 118.383733  31.560500     4.633     4.700 12 53492.57336178 22.614
 37 118.389311  31.588131     5.974     6.036 17 53527.57334665 23.637
 38 118.385075  31.567559     6.343     6.329 15 53562.57337198 28.810
 39 118.390030  31.592195     6.278     6.486 18 53597.57331623 25.999
 40 118.383900  31.560219     7.376     7.248 13 53632.57330573 32.186
 41 118.385079  31.567875     5.407     5.312 14 53667.57332932 31.725
 42 118.389429  31.592267     5.094     4.929 18 53702.57327928 27.226
 44 118.389186  31.588742     4.956     5.265 17 53772.57319910 28.674
 47 118.388048  31.581103     5.432     5.474 17 53877.57325494 28.400
 48 118.384345  31.562797     6.391     6.442 13 53912.57330351 30.007
 49 118.384129  31.560977     6.370     6.343 12 53947.57331820 29.437
 50 118.388212  31.580681     5.305     5.258 17 53982.57326396 20.405
 51 118.386721  31.575709     3.246     3.205 16 54017.57329063 40.859
 52 118.390322  31.597125     3.355     3.507 18 54052.57328954 32.715
 53 118.388428  31.586070     3.166     2.857 18 54087.57327925 39.409
 54 118.389670  31.593478     4.480     4.776 18 54122.57320447 21.414
 55 118.387019  31.577986     3.315     3.127 16 54157.57324006 26.373
 56 118.389077  31.589924     4.668     4.752 18 54192.57320313 23.089
 57 118.386726  31.577269     4.032     4.112 16 54227.57325183 36.049
 58 118.387099  31.579488     4.448     4.296 17 54262.57327151 32.040
 59 118.387916  31.582462     6.754     6.891 17 54297.57327663 28.109
 60 118.388706  31.586454     7.188     7.119 18 54332.57326752 24.665
 62 118.387827  31.583308     5.556     5.628 17 54402.57320981 24.005
 63 118.388159  31.584250     3.753     3.479 17 54437.57316703 27.846
 64 118.387399  31.582285     2.702     2.625 17 54472.57319494 43.340
 65 118.389242  31.587566     3.872     3.744 18 54507.57317889 40.994
 66 118.387960  31.583607     3.614     3.173 17 54542.57320967 29.874
 67 118.388781  31.589073     4.230     4.263 18 54577.57318173 33.067
 68 118.387713  31.582966     3.976     3.824 17 54612.57320084 31.327
 69 118.387427  31.578402     6.419     6.313 17 54647.57320669 27.290
 70 118.387845  31.582254     6.800     6.677 17 54682.57320815 28.235
 71 118.389537  31.588966     6.536     6.818 18 54717.57315737 25.934
 72 118.386777  31.576981     5.221     5.269 16 54752.57317937 38.458
 73 118.388587  31.584842     5.624     5.660 17 54787.57314646 30.035
 74 118.387058  31.577788     3.492     3.277 16 54822.57317392 40.618
 75 118.388606  31.587849     2.205     2.275 18 54857.57314332 45.548
 76 118.387277  31.579047     5.643     5.726 17 54892.57317663 23.581
 77 118.388531  31.585163     3.635     3.567 18 54927.57314072 36.754
 78 118.386642  31.576529     5.045     5.002 17 54962.57317599 33.085
 79 118.386201  31.576196     5.768     5.746 16 54997.57319663 40.636
 80 118.387328  31.579279     6.051     6.129 17 55032.57318653 38.469
 81 118.388570  31.585213     6.774     6.817 18 55067.57317646 25.932
 82 118.388529  31.586103     5.430     5.509 18 55102.57311581 23.422
 83 118.386879  31.580660     3.570     3.408 17 55137.57312172 35.818
 84 118.388748  31.586465     3.124     2.933 18 55172.57308433 42.938
 85 118.386796  31.578135     3.953     3.547 17 55207.57311577 25.894
 86 118.388546  31.586830     5.500     5.327 18 55242.57308897 24.707
 87 118.387676  31.582026     4.777     4.492 17 55277.57311013 25.156
 88 118.388811  31.587217     6.685     6.571 18 55312.57307495 22.930
 89 118.388286  31.582511     6.926     6.918 17 55347.57308068 24.298
 90 118.388001  31.582734     8.011     7.986 18 55382.57307144 30.655
 91 118.386891  31.578820     8.158     8.135 16 55417.57309903 28.682
 92 118.388931  31.586272     7.159     7.173 17 55452.57308196 23.598
 93 118.390168  31.591412     6.054     5.926 18 55487.57300465 23.424
