# NaN NaN NaN ;Mean Elev.(m), Avg Gradient(m/km), RMS Gradient(m/km) - SRTM1     
#    6.099  -0.069   3.363 ;Mean Elev.(m), Avg Gradient(m/km), RMS Gradient(m/km) - ASTER GDEM
#   18.667   0.088   2.817 ;Mean Elev.(m), Avg Gradient(m/km), RMS Gradient(m/km) - GMTED2010 
  8    24.503 52499.11290605 22.55 114.466196  30.696644 29.442
  8    24.163 52499.11290669 19.44 114.465296  30.693364 29.442
 10    25.366 52569.11292203 26.13 114.469629  30.697030 23.391
 10    24.337 52569.11292268 19.91 114.468729  30.693750 23.391
 11    24.959 52604.11290796 30.08 114.463247  30.698460 17.187
 11    15.971 52604.11290861 35.86 114.462347  30.695170 17.187
 12    15.613 52639.11288748 42.63 114.467800  30.696993 20.238
 12    15.505 52639.11288812 41.62 114.466900  30.693703 20.238
 13    14.069 52674.11288429 50.36 114.465339  30.697129 19.292
 13    13.986 52674.11288493 47.52 114.464449  30.693839 19.292
 14    24.104 52709.11289770 30.24 114.468804  30.697100 19.013
 14    15.510 52709.11289835 32.40 114.467904  30.693810 19.013
 15    24.308 52744.11292751 25.63 114.459309  30.696276 15.669
 15    23.517 52744.11292815 20.52 114.458409  30.692986 15.669
 17    25.377 52814.11294645 28.62 114.467726  30.697841 19.323
 17    24.307 52814.11294709 23.70 114.466826  30.694551 19.323
 18    25.348 52849.11299945 28.18 114.469599  30.697782 23.681
 18    22.850 52849.11300009 27.49 114.468699  30.694502 23.681
 19    24.559 52884.11303518 29.48 114.463909  30.698214 18.105
 19    24.087 52884.11303582 22.05 114.463009  30.694934 18.105
 20    19.897 52919.11299178 39.79 114.465817  30.697319 20.538
 20    19.712 52919.11299242 41.32 114.464917  30.694039 20.538
 21    23.625 52954.11295501 32.72 114.475261  30.695347 21.545
 21    14.544 52954.11295566 28.04 114.474361  30.692057 21.545
 22    13.550 52989.11296325 47.79 114.476447  30.694916 26.266
 22    13.449 52989.11296389 50.94 114.475547  30.691626 26.266
 23    12.664 53024.11294800 41.64 114.471839  30.695569 24.654
 23    12.583 53024.11294864 40.15 114.470939  30.692289 24.654
 24    11.580 53059.11294475 41.58 114.476224  30.694875 25.905
 24    11.709 53059.11294540 42.64 114.475324  30.691585 25.905
 25    24.242 53094.11298220 29.59 114.457852  30.699340 14.798
 25    23.834 53094.11298284 18.54 114.456962  30.696050 14.798
 26    23.787 53129.11295360 34.61 114.474634  30.696659 20.667
 26    23.800 53129.11295425 20.95 114.473734  30.693369 20.667
 28    24.473 53199.11302284 28.02 114.467670  30.696250 20.825
 28    23.301 53199.11302348 20.77 114.466770  30.692960 20.825
 29    24.221 53234.11299298 24.07 114.474067  30.695155 26.552
 29    21.168 53234.11299363 25.45 114.473177  30.691865 26.552
 30    24.681 53269.11295986 27.33 114.462234  30.697976 14.561
 30    24.028 53269.11296050 21.12 114.461334  30.694696 14.561
 31    25.120 53304.11302023 30.93 114.462140  30.699045 10.810
 31    24.271 53304.11302088 19.87 114.461240  30.695755 10.810
 31    23.645 53304.11302152 18.91 114.460340  30.692475 10.810
 32    15.104 53339.11298933 40.81 114.465442  30.698085 23.909
 32    14.976 53339.11298998 38.45 114.464542  30.694795 23.909
 33    13.510 53374.11292159 37.36 114.466112  30.697738 18.122
 33    13.292 53374.11292223 30.56 114.465222  30.694448 18.122
 35    24.010 53444.11294683 27.41 114.463523  30.697773 16.099
 35    14.539 53444.11294748 25.77 114.462623  30.694483 16.099
 36    23.809 53479.11302398 36.68 114.463434  30.698473 15.170
 36    15.434 53479.11302463 34.45 114.462534  30.695183 15.170
 37    24.691 53514.11303187 31.73 114.467393  30.698427 14.897
 37    23.975 53514.11303252 24.12 114.466493  30.695137 14.897
 37    21.141 53514.11303316 24.29 114.465593  30.691847 14.897
 38    25.061 53549.11305102 28.49 114.461154  30.698114 15.204
 38    24.841 53549.11305167 17.94 114.460254  30.694834 15.204
 39    24.371 53584.11301527 21.45 114.466728  30.695996 13.545
 39    24.065 53584.11301591 15.99 114.465838  30.692706 13.545
 40    25.750 53619.11297129 38.79 114.460409  30.698992 19.201
 40    24.055 53619.11297193 28.78 114.459519  30.695702 19.201
 41    24.571 53654.11299607 30.16 114.468200  30.697463 23.204
 41    23.764 53654.11299671 20.14 114.467300  30.694173 23.204
 42    24.276 53689.11299296 25.26 114.463603  30.697213 16.364
 42    23.928 53689.11299361 18.60 114.462703  30.693923 16.364
 43    24.123 53724.11291714 38.35 114.466222  30.698962 21.616
 43    13.452 53724.11291778 33.26 114.465322  30.695672 21.616
 43    13.501 53724.11291843 30.84 114.464432  30.692382 21.616
 44    13.158 53759.11285796 49.64 114.477509  30.696610 25.632
 44    12.998 53759.11285861 42.43 114.476609  30.693320 25.632
 45    22.948 53794.11287839 26.87 114.469141  30.695731 16.386
 45    20.928 53794.11287904 23.82 114.468241  30.692451 16.386
 46    23.074 53829.11285171 35.55 114.474975  30.697188 16.610
 46    22.508 53829.11285235 28.82 114.474075  30.693908 16.610
 47    23.686 53864.11293261 34.24 114.466537  30.698175 14.822
 47    23.780 53864.11293325 20.50 114.465637  30.694895 14.822
 48    19.741 53899.11295754 39.90 114.467809  30.696813 19.744
 48    19.670 53899.11295818 41.12 114.466909  30.693523 19.744
 49    23.569 53934.11300225 21.32 114.457130  30.697187 14.400
 49    20.593 53934.11300289 25.68 114.456230  30.693907 14.400
 50    24.636 53969.11297330 25.40 114.460444  30.697255 10.462
 50    24.229 53969.11297394 18.74 114.459544  30.693975 10.462
 51    14.388 54004.11294532 39.34 114.473853  30.695789 20.999
 51    14.382 54004.11294596 39.06 114.472953  30.692499 20.999
 52    15.104 54039.11297907 50.90 114.471622  30.695683 20.125
 52    15.006 54039.11297971 44.95 114.470722  30.692403 20.125
 53    23.495 54074.11297332 41.60 114.467823  30.698108 17.886
 53    13.995 54074.11297397 44.11 114.466923  30.694828 17.886
 54    23.430 54109.11291883 47.74 114.462329  30.699268 14.936
 54    11.809 54109.11291948 51.75 114.461439  30.695978 14.936
 54    11.936 54109.11292012 44.36 114.460539  30.692698 14.936
 55    11.864 54144.11291076 33.05 114.468794  30.696134  8.976
 55    12.636 54144.11291141 27.07 114.467894  30.692844  8.976
 57    13.402 54214.11291827 34.44 114.467521  30.696474 19.663
 57    13.446 54214.11291891 37.29 114.466621  30.693184 19.663
 58    15.058 54249.11294559 45.99 114.467854  30.698667 19.500
 58    15.126 54249.11294623 50.80 114.466954  30.695387 19.500
 58    15.025 54249.11294687 49.82 114.466054  30.692097 19.500
 59    24.724 54284.11295416 24.11 114.467815  30.697228 13.753
 59    24.017 54284.11295480 17.81 114.466915  30.693948 13.753
 60    23.619 54319.11295196 29.67 114.467967  30.695734 24.053
 60    23.840 54319.11295260 30.83 114.467067  30.692454 24.053
 61    24.510 54354.11291516 27.81 114.465660  30.697939 17.838
 61    23.460 54354.11291580 19.49 114.464760  30.694649 17.838
 62    16.645 54389.11289193 39.40 114.468748  30.697161 18.156
 62    16.644 54389.11289258 40.57 114.467848  30.693871 18.156
 63    13.265 54424.11286538 49.45 114.465842  30.697369 19.467
 63    13.273 54424.11286603 47.65 114.464942  30.694089 19.467
 64    11.738 54459.11286682 48.86 114.471210  30.698280 21.684
 64    11.642 54459.11286746 46.16 114.470310  30.694990 21.684
 64    11.956 54459.11286810 43.16 114.469410  30.691700 21.684
 65    12.006 54494.11286999 50.78 114.466618  30.696579 20.157
 65    12.114 54494.11287063 46.78 114.465718  30.693299 20.157
 66    12.003 54529.11288015 33.27 114.470561  30.695649 20.139
 66    12.140 54529.11288079 33.68 114.469661  30.692359 20.139
 67    15.336 54564.11287671 49.36 114.464198  30.696929 19.585
 67    15.172 54564.11287735 49.62 114.463298  30.693639 19.585
 68    17.034 54599.11287552 37.61 114.467237  30.695550 21.124
 68    16.924 54599.11287617 36.11 114.466337  30.692270 21.124
 69    23.741 54634.11288832 20.47 114.466000  30.696916 14.817
 69    24.224 54634.11288896 16.04 114.465100  30.693636 14.817
 70    24.369 54669.11289318 21.95 114.465292  30.696070 19.517
 70    23.903 54669.11289383 19.62 114.464392  30.692790 19.517
 71    22.595 54704.11285686 25.25 114.466537  30.697248 21.393
 71    23.077 54704.11285751 24.53 114.465637  30.693968 21.393
 72    24.417 54739.11285510 39.19 114.469799  30.698156 18.249
 72    20.070 54739.11285575 27.49 114.468899  30.694876 18.249
 72    20.261 54739.11285639 28.74 114.467999  30.691586 18.249
 73    24.354 54774.11283869 20.39 114.466701  30.696113 17.976
 73    23.893 54774.11283934 17.36 114.465801  30.692833 17.976
 74    24.026 54809.11284844 36.02 114.469961  30.698255 20.442
 74    14.906 54809.11284909 32.03 114.469061  30.694975 20.442
 74    15.006 54809.11284973 29.87 114.468161  30.691685 20.442
 75    12.388 54844.11283608 44.57 114.466618  30.698294 17.120
 75    12.558 54844.11283672 44.48 114.465718  30.695004 17.120
 76    12.082 54879.11285201 47.37 114.467401  30.698844 24.415
 76    12.116 54879.11285265 43.24 114.466501  30.695554 24.415
 76    12.369 54879.11285330 40.68 114.465601  30.692274 24.415
 77    24.031 54914.11284029 41.79 114.463064  30.698176 17.714
 77    14.809 54914.11284093 33.33 114.462164  30.694886 17.714
 78    25.009 54949.11284373 29.47 114.467155  30.698246 21.969
 78    24.088 54949.11284437 18.78 114.466255  30.694966 21.969
 79    19.824 54984.11286929 37.69 114.466006  30.697669 22.451
 79    19.746 54984.11286994 36.81 114.465106  30.694389 22.451
 80    25.059 55019.11286558 41.69 114.468309  30.698694 21.695
 80    24.605 55019.11286622 25.98 114.467409  30.695404 21.695
 80    21.092 55019.11286687 34.23 114.466509  30.692124 21.695
 81    25.215 55054.11286165 31.11 114.467573  30.697106 19.158
 81    22.234 55054.11286229 25.45 114.466673  30.693816 19.158
 82    24.534 55089.11282248 35.87 114.464230  30.698768 20.196
 82    24.789 55089.11282312 20.26 114.463330  30.695488 20.196
 83    13.466 55124.11279911 48.01 114.469441  30.696770 24.723
 83    13.723 55124.11279976 48.11 114.468541  30.693480 24.723
 84    12.619 55159.11278395 36.84 114.464468  30.696473 20.466
 84    12.409 55159.11278460 27.01 114.463568  30.693183 20.466
 85    12.025 55194.11278875 37.86 114.469768  30.697288 23.485
 85    12.250 55194.11278940 42.85 114.468868  30.694008 23.485
 87    23.925 55264.11278438 23.84 114.468358  30.696435 17.064
 87    13.470 55264.11278502 26.42 114.467458  30.693145 17.064
 88    25.144 55299.11276851 26.05 114.465412  30.697205 12.176
 88    24.183 55299.11276915 19.13 114.464512  30.693925 12.176
 89    25.281 55334.11276166 27.57 114.465822  30.697768 17.650
 89    19.129 55334.11276231 28.36 114.464922  30.694478 17.650
 90    22.151 55369.11275349 33.35 114.466922  30.695898 19.053
 90    21.976 55369.11275413 40.76 114.466022  30.692618 19.053
 91    25.590 55404.11276991 29.73 114.469452  30.695308 18.243
 91    25.110 55404.11277055 29.02 114.468552  30.692028 18.243
 92    22.075 55439.11277134 36.07 114.467391  30.696564 15.073
 92    21.941 55439.11277198 34.53 114.466491  30.693274 15.073
 93    25.178 55474.11271828 25.59 114.465051  30.697178 21.689
 93    19.239 55474.11271893 28.19 114.464151  30.693898 21.689
