# NaN NaN NaN ;Mean Elev.(m), Avg Gradient(m/km), RMS Gradient(m/km) - SRTM1     
#   -2.760  -2.449  19.348 ;Mean Elev.(m), Avg Gradient(m/km), RMS Gradient(m/km) - ASTER GDEM
#    3.252  -1.983  17.945 ;Mean Elev.(m), Avg Gradient(m/km), RMS Gradient(m/km) - GMTED2010 
  8 117.207927  30.627034    12.632    12.495 10 52480.57705579 25.895
  9 117.221110  30.622896    14.100    14.164 15 52515.57700439 24.578
 11 117.221659  30.624276     8.894     8.702 16 52585.57702528 36.055
 12 117.213522  30.624754     9.456    10.056 13 52620.57700734 22.464
 15 117.213731  30.624332    10.434    10.365 13 52725.57703529 29.430
 17 117.215045  30.624101    10.990    10.973 13 52795.57701015 37.750
 18 117.216239  30.624888    13.168    13.210 14 52830.57707681 22.232
 19 117.220503  30.623738    11.422    11.387 15 52865.57712038 21.732
 20 117.212390  30.625683    11.873    11.872 12 52900.57714974 38.859
 21 117.214019  30.625484     9.499     9.917 13 52935.57709161 23.585
 22 117.210027  30.625900     9.229     9.156 12 52970.57711259 27.357
 23 117.205815  30.628821     4.021     4.043  9 53005.57712869 45.552
 25 117.209557  30.627508    10.764    10.774 11 53075.57711140 19.947
 27 117.208093  30.627589    10.882    11.003 11 53145.57712397 31.856
 28 117.216506  30.624890    11.371    11.350 14 53180.57713337 22.404
 29 117.210874  30.625283    12.260    12.255 12 53215.57715588 37.433
 30 117.213871  30.624555    10.682    10.706 13 53250.57713050 25.385
 32 117.220489  30.623367     9.130     9.306 15 53320.57710480 22.956
 33 117.222090  30.624014     8.412     8.702 15 53355.57707370 27.516
 34 117.207539  30.627764    10.738    10.783 10 53390.57708466 25.032
 35 117.219515  30.623878     8.688     8.312 15 53425.57708076 33.827
 36 117.215365  30.624145     6.596     6.288 14 53460.57708864 38.992
 38 117.219665  30.622222    12.101    12.068 15 53530.57714734 29.333
 39 117.206861  30.628973    11.354    11.141 10 53565.57717677 35.440
 40 117.218212  30.622949    11.270    11.279 15 53600.57711811 22.577
 41 117.205848  30.625770    11.672    11.466  4 53635.57711598 25.318
 42 117.205553  30.629830    11.223    11.205  9 53670.57713784 23.981
 43 117.222077  30.623960    10.074     9.749 15 53705.57707021 18.925
 44 117.222954  30.625744     8.582     8.578 15 53740.57698286 23.400
 45 117.217890  30.623511     7.000     7.516 14 53775.57700405 28.717
 46 117.220634  30.622716     7.266     6.561 15 53810.57698505 34.509
 47 117.206593  30.629419    11.099    11.034 10 53845.57703247 23.354
 48 117.216276  30.622621     9.882     9.915 14 53880.57705702 22.466
 51 117.216630  30.622867     8.375     8.642 14 53985.57705967 30.723
 52 117.211311  30.625717     8.423     8.451 12 54020.57709957 38.781
 53 117.220948  30.625241     4.909     4.345 15 54055.57709023 34.718
 54 117.217061  30.624419     6.783     6.159 14 54090.57707698 33.361
 55 117.210648  30.625194     7.737     8.004 12 54125.57700635 31.405
 56 117.212374  30.625527     9.715    10.375 12 54160.57704494 29.504
 57 117.210395  30.626948     7.893     8.304 12 54195.57700819 43.407
 58 117.212829  30.624289    10.068    10.221 13 54230.57705754 21.795
 59 117.213671  30.624317     9.523    10.079 12 54265.57707522 24.664
 60 117.215070  30.623669    11.915    11.881 13 54300.57707933 31.076
 61 117.216146  30.622909    11.486    11.387 14 54335.57706782 28.218
 63 117.213815  30.624949     9.215     9.973 13 54405.57701259 30.763
 64 117.209188  30.626932     7.007     4.393 11 54440.57697073 32.538
 65 117.214913  30.623182     8.182     7.988 13 54475.57699954 24.311
 66 117.210622  30.625801     4.922     4.924 12 54510.57698536 49.310
 67 117.215148  30.623053     8.368     7.909 13 54545.57701380 26.221
 68 117.214464  30.624474     8.600     8.806 13 54580.57698091 36.253
 69 117.215317  30.622949     8.984     8.870 13 54615.57700335 25.030
 70 117.211216  30.624479    10.956    10.879 12 54650.57701592 40.629
 71 117.215369  30.622871    10.843    10.714 13 54685.57700908 24.939
 72 117.210530  30.626417    12.140    12.141 12 54720.57696105 26.765
 73 117.213115  30.624454     8.439     8.442 12 54755.57698363 37.462
 74 117.208318  30.627257    10.384    10.398 11 54790.57695423 43.678
 75 117.212791  30.624477     8.257     8.347 12 54825.57698014 28.304
 76 117.211188  30.625529     4.244     4.247 12 54860.57694757 46.580
 77 117.213054  30.625241     9.927    10.083 13 54895.57698101 25.016
 78 117.209102  30.626290    10.874    10.783 11 54930.57694574 25.261
 79 117.212698  30.624768     9.394     9.698 12 54965.57698196 27.787
 80 117.209971  30.626813    10.114    10.281 11 55000.57700230 35.338
 81 117.214607  30.622674    11.215    11.267 13 55035.57698683 25.777
 82 117.215868  30.623279    11.340    11.238 13 55070.57697661 23.875
 83 117.208454  30.627466     8.931     9.275 10 55105.57691987 38.728
 84 117.213988  30.623174     5.757     5.134 13 55140.57692498 35.226
 85 117.210916  30.625250     5.980     4.576 12 55175.57688709 40.874
 86 117.212699  30.625225     4.028     4.047 13 55210.57692065 36.395
 87 117.210650  30.625615     5.564     5.570 12 55245.57689263 44.486
 88 117.213756  30.625163    11.509    11.429 13 55280.57691419 20.542
 89 117.211896  30.625279    11.117    11.115 13 55315.57688093 36.021
 90 117.215031  30.623421    11.596    11.557 13 55350.57688567 23.777
 92 117.214114  30.624360    13.413    13.425 13 55420.57690427 33.004
 93 117.216148  30.624513    11.877    11.887 14 55455.57688059 25.018
 94 117.219939  30.623903     9.919    10.294 15 55490.57679803 21.677
