-242878.481   166.804     0.00   31.11
-242502.945   158.437   -22.28   29.10
-242127.392   164.230    15.42   34.60
-241751.822   199.476    93.83   63.49
-241376.235   218.321    50.16   59.79
-241000.631   235.146    44.79   57.14
-240625.010   232.298    -7.58   59.03
-240249.372   218.838   -35.82   60.28
-239873.717   198.253   -54.79   52.13
-239498.044   173.513   -65.84   42.91
-239122.355   157.507   -42.60   37.69
-238746.648   142.389   -40.23   35.14
-238370.925   135.996   -17.01   31.25
-237995.185   132.366    -9.66   26.75
-237619.427   132.699     0.88   25.50
-237243.652   142.443    25.93   32.48
-236867.860   154.389    31.78   38.46
-236492.052   165.430    29.37   37.26
-236116.226   182.684    45.90   41.83
-235740.383   199.571    44.92   56.71
-235364.523   229.344    79.20   62.65
-234988.645   248.249    50.29   54.95
-234612.751   253.146    13.03   45.41
-234236.840   235.048   -48.13   45.85
-233860.911   217.646   -46.28   39.54
-233484.965   196.798   -55.44   26.87
-233109.003   186.955   -26.18   24.76
-232733.023   184.775    -5.79   25.68
-232357.026   184.389    -1.03   27.49
-231981.011   179.302   -13.53   27.55
-231604.980   197.503    48.39   48.86
-231228.932   223.168    68.24   67.47
-230852.866   232.116    23.79   65.72
-230476.783   241.116    23.93   70.10
-230100.683   244.187     8.16   71.32
-229724.566   238.548   -14.99   65.06
-229348.432   248.571    26.64   69.79
-228972.281   240.344   -21.87   63.94
-228596.112   231.257   -24.15   48.60
-228219.926   231.139    -0.31   38.76
-227843.723   230.798    -0.91   32.51
-227467.503   247.521    44.44   42.19
-227091.266   275.094    73.27   64.99
-226715.011   291.971    44.85   62.50
-226338.740   304.116    32.27   58.75
-225962.451   342.662   102.42  100.09
-225586.145   405.187   166.12  136.85
-225209.821   492.344   231.55  142.83
-224833.481   577.518   226.28  106.75
-224457.123   625.594   127.71  104.84
-224080.748   657.071    83.62   91.80
-223704.356   652.889   -11.11   95.09
-223327.946   604.616  -128.22  124.70
-222951.520   559.510  -119.80  143.47
-222575.076   511.662  -127.08  135.15
-222198.615   453.994  -153.15  129.62
-221822.136   415.280  -102.81  124.82
-221445.640   354.934  -160.25  111.00
-221069.128   306.931  -127.47   79.41
-220692.597   289.957   -45.07   59.76
-220316.050   275.171   -39.26   49.69
-219939.485   264.957   -27.12   43.20
-219562.903   274.809    26.16   43.13
-219186.304   294.116    51.26   55.07
-218809.687   318.457    64.62   58.99
-218433.053   334.166    41.70   52.13
-218056.402   314.298   -52.74   47.41
-217679.734   308.507   -15.37   62.15
-217303.048   305.815    -7.14   87.76
-216926.345   300.675   -13.64   88.33
-216549.625   306.257    14.81   77.25
-216172.887   330.226    63.61   83.51
-215796.132   366.746    96.91   94.45
-215419.360   438.003   189.09  125.03
-215042.570   510.290   191.82  109.02
-214665.763   511.162     2.31  116.74
-214288.939   506.536   -12.27  117.01
-213912.097   485.071   -56.95   89.46
-213535.238   494.207    24.24   65.99
-213158.362   536.595   112.45   67.06
-212781.468   567.547    82.11   75.08
-212404.557   559.838   -20.45   83.41
-212027.628   540.594   -51.05   93.16
-211650.683   567.116    70.35  101.24
-211273.719   626.047   156.30  130.88
-210896.739   693.344   178.48  113.45
-210519.741   716.792    62.19   87.62
-210142.726   684.187   -86.47  115.52
-209765.693   615.503  -182.14  139.19
-209388.643   511.666  -275.34  117.16
-209011.575   442.844  -182.49  105.26
-208636.172   389.629  -141.73   79.50
-208262.523   361.184   -76.11   55.21
-207888.858   351.955   -24.70   57.43
-207515.175   359.382    19.87   68.66
-207141.476   350.048   -24.97   65.50
-206767.759   352.404     6.30   71.50
-206394.025   355.337     7.85   75.55
-206020.274   398.559   115.62   88.35
-205646.506   437.523   104.23   95.19
-205272.721   450.187    33.87   87.88
-204898.919   432.915   -46.20   91.79
-204525.099   385.230  -127.54   88.63
-204151.263   333.485  -138.39   61.33
-203777.409   319.162   -38.31   52.70
-203403.538   336.513    46.40   67.40
-203029.651   350.809    38.23   74.68
-202655.746   376.559    68.86   66.18
-202281.823   378.889     6.23   65.47
-201907.884   393.871    40.06   70.84
-201533.928   397.705    10.25   62.18
-201159.954   417.503    52.93   60.07
-200785.964   458.420   109.39   69.08
-200411.956   490.714    86.33   75.11
-200037.931   569.275   210.01   93.29
-199663.889   637.466   182.28  107.91
-199289.829   720.626   222.28  118.69
-198915.753   814.246   250.22  111.62
-198541.659   830.616    43.75   93.01
-198167.548   789.510  -109.86  133.13
-197793.420   729.095  -161.45  150.36
-197419.275   637.629  -244.42  135.83
-197045.113   576.357  -163.73  125.93
-196670.933   519.571  -151.73  104.02
-196296.736   472.485  -125.81   88.97
-195922.522   458.980   -36.08   71.60
-195548.291   490.290    83.65   89.56
-195174.042   571.184   216.11  130.17
-194799.777   654.210   221.80  137.36
-194425.494   695.071   109.15  117.61
-194051.194   666.980   -75.04  134.26
-193676.876   605.681  -163.74  121.12
-193302.542   568.821   -98.45  105.31
-192928.190   545.452   -62.41  102.82
-192553.821   533.753   -31.24   81.46
-192179.434   528.912   -12.93   68.84
-191805.031   541.607    33.90   73.67
-191430.610   589.366   127.53  109.76
-191056.172   670.871   217.64  101.66
-190681.716   702.071    83.31   96.11
-190307.244   703.652     4.22   96.45
-189932.754   660.275  -115.81   98.06
-189558.247   604.862  -147.94   94.01
-189183.722   584.171   -55.24   75.89
-188809.180   602.844    49.85   83.44
-188434.621   620.546    47.25   78.48
-188060.045   652.536    85.39   61.65
-187685.451   694.978   113.28   66.83
-187310.840   725.141    80.50   74.45
-186936.212   754.026    77.09   69.33
-186561.566   747.721   -16.83   87.25
-186186.904   696.457  -136.80  124.13
-185812.223   603.120  -249.07  110.65
-185437.526   566.714   -97.14   88.31
-185062.811   523.280  -115.89   71.52
-184688.079   502.187   -56.28   66.79
-184313.329   484.184   -48.03   66.65
-183938.562   474.396   -26.12   82.92
-183563.778   480.798    17.08   88.68
-183188.976   467.412   -35.71   86.56
-182814.157   445.480   -58.51   81.19
-182439.321   427.775   -47.23   77.57
-182064.467   414.737   -34.78   83.04
-181689.596   411.934    -7.48   84.20
-181314.708   383.022   -77.11   77.36
-180939.802   356.207   -71.51   76.28
-180564.879   321.792   -91.78   61.61
-180189.938   304.594   -45.86   50.87
-179814.980   303.350    -3.32   58.35
-179440.005   311.778    22.47   73.77
-179065.012   319.753    21.26   75.77
-178690.002   327.846    21.58   72.31
-178314.975   317.582   -27.36   63.67
-177939.930   298.768   -50.16   66.03
-177564.867   275.480   -62.08   62.52
-177189.787   266.071   -25.08   49.92
-176814.690   264.096    -5.26   46.19
-176439.576   281.957    47.61   47.85
-176064.444   294.046    32.22   41.55
-175689.294   272.690   -56.92   49.88
-175314.127   254.862   -47.51   40.54
-174938.943   249.210   -15.06   35.53
-174563.741   249.537     0.87   36.08
-174188.521   258.217    23.13   41.14
-173813.285   259.048     2.21   47.70
-173438.030   260.642     4.25   49.95
-173062.759   254.525   -16.30   52.41
-172687.469   247.230   -19.44   55.37
-172312.163   238.681   -22.78   51.90
-171936.839   250.866    32.46   54.48
-171561.497   258.714    20.90   52.36
-171186.138   246.675   -32.07   63.98
-170810.761   212.327   -91.49   73.14
-170435.367   177.366   -93.12   54.68
-170059.956   149.862   -73.25   24.86
-169684.526   142.999   -18.28    7.24
-169309.080   144.093     2.91    7.59
-168933.616   146.792     7.19    8.72
-168558.134   149.523     7.27    9.20
-168182.635   151.071     4.12    8.32
-167807.118   155.071    10.65    7.55
-167431.584   156.503     3.81    7.18
-167056.032   156.666     0.44    8.07
-166680.463   155.116    -4.13    8.12
-166304.876   155.234     0.31    7.68
-165929.271   154.792    -1.18    7.88
-165553.649   156.730     5.16    7.89
-165178.010   160.690    10.54    8.48
-164802.353   166.115    14.44   11.00
-164426.678   172.327    16.53   14.28
-164050.986   177.616    14.08   16.35
-163675.276   186.327    23.18   19.78
-163299.549   193.049    17.89   20.41
-162923.804   201.980    23.76   20.81
-162548.041   211.690    25.84   18.41
-162172.261   220.629    23.78   15.84
-161796.463   220.141    -1.30   16.80
-161420.648   223.139     7.98   19.74
-161044.815   215.321   -20.80   26.60
-160668.964   200.782   -38.68   30.36
-160293.096   189.548   -29.88   27.04
-159917.210   179.976   -25.46   15.04
-159541.307   178.457    -4.04    9.47
-159165.386   182.866    11.73   10.71
-158789.447   185.889     8.04   12.62
-158413.491   182.821    -8.16   15.36
-158037.517   176.207   -17.59   18.51
-157661.525   168.298   -21.03   18.17
-157285.516   161.420   -18.29   10.26
-156909.489   161.684     0.70   11.26
-156533.444   163.071     3.69   11.47
-156157.382   164.404     3.55   11.04
-155781.302   161.404    -7.98   11.31
-155405.204   158.980    -6.44   12.20
-155029.089   154.838   -11.01   11.94
-154652.956   151.389    -9.17   10.78
-154276.805   148.396    -7.95    7.73
-153900.637   147.003    -3.70    5.28
-153524.451   148.548     4.11    5.47
-153148.247   151.001     6.52    7.52
-152772.026   155.525    12.02   10.39
-152395.787   159.934    11.72   15.72
-152019.530   169.537    25.52   29.17
-151643.255   170.420     2.34   27.10
-151266.963   169.094    -3.52   20.98
-150890.653   168.775    -0.85   18.50
-150514.325   169.139     0.97   10.24
-150137.980   177.912    23.31   15.41
-149761.616   180.373     6.54   16.24
-149385.235   182.594     5.90   18.79
-149008.837   200.523    47.63   49.30
-148632.420   238.303   100.35   83.50
-148255.986   273.937    94.65   91.32
-147879.534   304.675    81.64   86.25
-147503.064   342.434   100.28   83.42
-147126.577   361.452    50.51   98.60
-146750.071   401.701   106.89  115.95
-146373.548   435.257    89.11  124.16
-145997.007   443.798    22.68  129.90
-145620.449   433.095   -28.42  144.47
-145243.872   392.327  -108.25  138.95
-144867.278   353.525  -103.02  128.02
-144490.666   346.771   -17.93  125.45
-144114.036   353.982    19.14  110.78
-143737.389   328.639   -67.28   98.41
-143360.723   305.141   -62.38   81.95
-142984.040   272.071   -87.78   77.11
-142607.339   255.095   -45.06   73.36
-142230.620   242.821   -32.58   62.32
-141853.883   247.404    12.16   55.17
-141477.128   260.707    35.31   66.94
-141100.356   283.525    60.55   71.74
-140723.566   304.380    55.34   71.78
-140346.758   321.753    46.10   74.21
-139969.932   326.071    11.46   82.98
-139593.088   323.003    -8.14   75.27
-139216.226   305.513   -46.40   65.98
-138839.346   301.389   -10.94   59.58
-138462.449   316.457    39.97   73.42
-138085.534   323.507    18.70   74.69
-137708.600   335.821    32.67   74.72
-137331.649   331.046   -12.66   61.05
-136954.680   336.503    14.47   57.80
-136577.693   362.798    69.74   81.88
-136200.689   411.792   129.94  114.24
-135823.666   441.639    79.16  124.29
-135446.625   460.466    49.93  117.12
-135069.567   465.548    13.48  105.56
-134692.490   456.594   -23.74   87.71
-134315.396   460.139     9.40   78.73
-133938.284   450.434   -25.73   69.70
-133563.266   453.846     9.10   60.57
-133189.677   475.730    58.57   73.04
-132816.070   518.353   114.07   81.76
-132442.446   546.639    75.70   67.80
-132068.804   545.912    -1.95   72.88
-131695.144   548.071     5.78   93.70
-131321.467   573.003    66.71  113.84
-130947.773   600.705    74.12  103.95
-130574.061   612.730    32.17   84.28
-130200.331   613.045     0.84   83.94
-129826.583   578.207   -93.20   81.83
-129452.818   529.412  -130.54   78.01
-129079.036   512.908   -44.15   67.16
-128705.235   515.760     7.63   65.98
-128331.417   549.876    91.25   79.77
-127957.582   583.753    90.61   78.91
-127583.728   617.404    90.00   82.80
-127209.858   619.275     5.00   91.88
-126835.969   637.912    49.84   92.81
-126462.063   648.071    27.17   85.74
-126088.139   642.804   -14.08   81.18
-125714.197   644.496     4.52   81.62
-125340.238   659.321    39.64   91.67
-124966.261   695.840    97.64  100.60
-124592.267   751.606   149.09  107.87
-124218.255   838.025   231.04  116.75
-123844.225   895.071   152.50  113.04
-123470.177   968.693   196.80  105.95
-123096.112  1055.021   230.76  104.82
-122722.029  1096.889   111.91  110.50
-122347.928  1122.814    69.29  101.72
-121973.810  1090.699   -85.83  104.74
-121599.674  1071.798   -50.51  106.19
-121225.520  1098.257    70.71  123.29
-120851.348  1136.671   102.65  130.98
-120477.159  1179.971   115.70  123.56
-120102.952  1160.184   -52.87  117.39
-119728.728  1110.846  -131.83  112.01
-119354.485  1038.912  -192.19  140.94
-118980.225   956.594  -219.93  159.68
-118605.947   896.117  -161.56  162.31
-118231.651   849.639  -124.16  144.44
-117857.338   828.421   -56.68  120.13
-117483.007   792.162   -96.85  117.77
-117108.658   750.821  -110.42  114.94
-116734.291   697.844  -141.50  116.45
-116359.906   632.571  -174.33  123.62
-115985.504   575.745  -151.76  130.23
-115611.084   523.321  -140.00  101.36
-115236.646   485.246  -101.68   78.25
-114862.190   464.798   -54.60   74.79
-114487.717   459.803   -13.34   73.60
-114113.226   440.160   -52.45   74.85
-113738.717   417.957   -59.28   85.58
-113364.190   380.768   -99.29   91.96
-112989.645   339.344  -110.59   63.78
-112615.083   309.296   -80.21   37.98
-112240.502   293.366   -42.52   32.11
-111865.904   279.675   -36.54   31.34
-111491.288   274.707   -13.26   26.97
-111116.654   274.275    -1.15   35.00
-110742.003   293.642    51.69   56.38
-110367.333   297.889    11.33   56.65
-109992.646   304.656    18.06   59.88
-109617.941   296.525   -21.70   59.46
-109243.218   272.024   -65.38   48.70
-108868.477   259.889   -32.38   33.80
-108493.718   266.253    16.98   43.83
-108118.941   287.857    57.64   60.84
-107744.147   333.548   121.90   84.14
-107369.334   388.388   146.30   84.31
-106994.504   417.730    78.27   82.33
-106619.656   441.048    62.20   88.11
-106244.790   449.844    23.46  104.53
-105869.906   436.396   -35.87  121.25
-105495.004   421.339   -40.16  121.37
-105120.084   395.548   -68.78   98.97
-104745.147   383.388   -32.43   72.43
-104370.191   422.955   105.51  100.07
-103995.217   461.730   103.40  102.65
-103620.226   469.980    22.00  111.17
-103245.217   440.940   -77.43  136.62
-102870.189   385.656  -147.40  125.44
-102495.144   353.639   -85.36  107.25
-102120.081   323.141   -81.31   81.95
-101745.000   325.214     5.53   82.17
-101369.901   327.730     6.71   83.09
-100994.784   321.582   -16.39   87.11
-100619.649   324.614     8.08   88.52
-100244.496   289.428   -93.78   86.44
 -99869.325   283.960   -14.57  108.03
 -99494.136   281.480    -6.61  105.44
 -99118.929   276.785   -12.51  100.43
 -98743.704   256.389   -54.35   81.57
 -98368.461   243.768   -33.63   75.44
 -97993.200   220.810   -61.17   65.90
 -97617.922   197.595   -61.86   49.15
 -97242.625   184.662   -34.46   38.80
 -96867.310   179.652   -13.35   32.08
 -96491.977   190.004    27.58   47.21
 -96116.626   197.275    19.37   52.44
 -95741.257   217.666    54.32   80.65
 -95365.870   228.937    30.02  104.17
 -94990.465   267.443   102.56  120.39
 -94615.043   294.449    71.93  115.89
 -94239.602   283.298   -29.70  108.44
 -93864.142   273.419   -26.31   98.21
 -93488.665   250.821   -60.18  101.30
 -93113.170   223.303   -73.28   90.86
 -92737.657   197.298   -69.25   81.53
 -92362.126   168.210   -77.45   65.02
 -91986.577   145.662   -60.04   44.71
 -91611.009   128.684   -45.20   27.25
 -91235.424   119.389   -24.75   12.99
 -90859.820   119.350    -0.10   13.89
 -90484.199   117.360    -5.30   13.62
 -90108.559   113.594   -10.03   12.10
 -89732.901   109.094   -11.98   10.13
 -89357.225   105.071   -10.71    0.00
 -88981.531   105.071     0.00    0.00
 -88605.819   105.071     0.00    0.00
 -88230.089   105.071     0.00    0.00
 -87854.341   105.071     0.00    0.00
 -87478.574   105.071     0.00    0.00
 -87102.790   105.071     0.00    0.00
 -86726.987   109.234    11.08   17.71
 -86351.166   122.798    36.09   40.99
 -85975.327   142.162    51.52   62.08
 -85599.470   151.162    23.94   58.26
 -85223.595   152.457     3.45   31.79
 -84847.702   172.489    53.29   41.48
 -84471.790   212.207   105.65   57.04
 -84095.861   224.071    31.56   56.40
 -83719.913   211.139   -34.40   63.34
 -83343.947   185.382   -68.50   67.56
 -82967.963   153.253   -85.45   46.95
 -82591.960   130.207   -61.29   29.26
 -82215.940   121.955   -21.95   19.54
 -81839.901   115.804   -16.35   16.54
 -81463.844   114.666    -3.03   16.65
 -81087.769   125.866    29.78   31.20
 -80711.676   155.616    79.10   62.62
 -80335.564   209.327   142.79   95.96
 -79959.435   299.071   238.58  117.29
 -79583.287   354.437   147.18  100.14
 -79207.121   373.271    50.07   79.76
 -78830.936   354.838   -49.00   88.77
 -78454.734   329.548   -67.22   97.85
 -78078.513   291.303  -101.65   85.81
 -77702.274   276.250   -40.01   72.90
 -77326.016   303.571    72.61   76.94
 -76949.741   339.146    94.54   85.42
 -76573.447   352.115    34.46   84.51
 -76197.135   364.280    32.32   78.41
 -75820.805   345.594   -49.65   80.60
 -75444.456   340.094   -14.61   65.59
 -75068.090   334.096   -15.93   47.32
 -74691.704   329.525   -12.14   37.81
 -74315.301   332.737     8.53   24.69
 -73938.879   343.804    29.40   39.67
 -73562.439   364.649    55.37   55.92
 -73185.981   397.117    86.24   73.74
 -72809.505   410.730    36.16   67.05
 -72433.010   412.097     3.63   56.71
 -72056.497   426.389    37.96   59.46
 -71679.965   460.908    91.67   67.74
 -71303.416   510.671   132.15   84.13
 -70926.848   563.915   141.38  105.30
 -70550.261   616.761   140.32   97.60
 -70173.657   636.003    51.09   82.55
 -69797.033   600.996   -92.94  122.96
 -69420.392   516.730  -223.72  154.07
 -69043.732   408.321  -287.80  125.03
 -68667.054   332.480  -201.33   86.58
 -68290.358   262.293  -186.31   76.53
 -67913.643   209.446  -140.28   68.95
 -67536.910   181.434   -74.35   45.30
 -67160.159   159.722   -57.63   36.79
 -66783.389   147.838   -31.54   39.84
 -66406.600   140.889   -18.44   53.04
 -66029.794   128.094   -33.95   55.97
 -65652.969   117.136   -29.08   42.66
 -65276.126   121.952    12.78   39.14
 -64899.264   146.662    65.56   56.82
 -64522.384   174.707    74.41   66.30
 -64145.485   180.049    14.17   68.74
 -63768.568   160.978   -50.60   79.28
 -63391.633   113.904  -124.88   73.23
 -63014.679    80.594   -88.36   41.08
 -62637.707    67.798   -33.94   26.56
 -62260.716    73.412    14.89   35.43
 -61883.707    83.844    27.67   38.94
 -61506.680    91.253    19.65   45.06
 -61129.634    90.162    -2.89   39.44
 -60752.569    91.889     4.58   36.89
 -60375.486    99.480    20.13   50.61
 -59998.385   119.116    52.07   73.91
 -59621.266   145.503    69.96  100.32
 -59244.127   183.048    99.55  106.80
 -58866.971   217.162    90.44  102.57
 -58492.334   250.184    88.14   83.12
 -58118.804   276.821    71.31   49.76
 -57745.256   275.298    -4.08   53.50
 -57371.689   255.382   -53.31   47.32
 -56998.105   226.838   -76.40   51.34
 -56624.503   208.344   -49.50   40.35
 -56250.882   203.548   -12.83   28.55
 -55877.243   200.684    -7.66   36.50
 -55503.587   186.253   -38.62   50.02
 -55129.912   156.775   -78.88   62.08
 -54756.219   116.404  -108.03   54.66
 -54382.507    91.595   -66.38   37.71
 -54008.778    69.321   -59.60   24.35
 -53635.030    57.094   -32.71   25.74
 -53261.265    43.639   -36.00   22.55
 -52887.481    30.503   -35.14   13.10
 -52513.679    25.025   -14.65    8.74
 -52139.859    24.737    -0.77    8.39
 -51766.021    27.690     7.90    9.31
 -51392.164    34.616    18.53   12.51
 -51018.289    39.594    13.31   10.56
 -50644.397    38.715    -2.35   10.56
 -50270.486    35.957    -7.38   11.36
 -49896.556    29.321   -17.75   10.30
 -49522.609    27.116    -5.90   11.76
 -49148.643    29.071     5.23   16.84
 -48774.659    26.571    -6.68   17.63
 -48400.657    24.745    -4.88   17.06
 -48026.637    21.980    -7.39   13.26
 -47652.599    17.139   -12.94    7.54
 -47278.542    16.753    -1.03    7.50
 -46904.467    17.230     1.28    7.57
 -46530.374    16.904    -0.87    7.21
 -46156.262    17.462     1.49    7.72
 -45782.133    17.116    -0.92    7.92
 -45407.985    14.798    -6.20    8.00
 -45033.819    11.503    -8.81    7.39
 -44659.634     9.980    -4.07    5.75
 -44285.431     9.449    -1.42    4.86
 -43911.210    10.214     2.04    5.97
 -43536.971    10.049    -0.44    5.73
 -43162.714     9.412    -1.70    3.95
 -42788.438    10.139     1.94    6.08
 -42414.144    13.452     8.85    8.80
 -42039.832    18.003    12.16   10.79
 -41665.501    21.849    10.27   10.21
 -41291.152    26.309    11.91   10.15
 -40916.785    35.006    23.23   16.92
 -40542.399    55.480    54.69   35.18
 -40167.995    77.184    57.97   43.41
 -39793.573   116.280   104.41   52.60
 -39419.133   162.164   122.54   77.38
 -39044.674   204.412   112.82   80.84
 -38670.197   235.746    83.67   73.64
 -38295.701   231.493   -11.36   82.21
 -37921.187   226.466   -13.42   87.41
 -37546.655   240.957    38.69   82.33
 -37172.105   249.815    23.65   74.77
 -36797.536   303.309   142.81   99.08
 -36422.948   364.684   163.84   98.28
 -36048.343   397.146    86.65   74.99
 -35673.719   360.604   -97.54   95.26
 -35299.077   290.327  -187.58  109.71
 -34924.416   205.594  -226.15   92.26
 -34549.737   133.912  -191.31   62.69
 -34175.039    91.646  -112.80   38.79
 -33800.323    70.980   -55.15   18.34
 -33425.589    59.971   -29.38   15.05
 -33050.836    51.049   -23.81   17.20
 -32676.065    41.885   -24.45   15.64
 -32301.276    34.071   -20.85    8.44
 -31926.468    29.298   -12.73    5.92
 -31551.642    25.998    -8.81    4.81
 -31176.797    26.162     0.44    5.87
 -30801.934    28.771     6.96   11.81
 -30427.052    45.382    44.31   32.62
 -30052.152    64.420    50.78   46.26
 -29677.234    69.707    14.10   44.46
 -29302.297    68.137    -4.19   42.39
 -28927.341    78.705    28.18   47.97
 -28552.368    88.503    26.13   50.16
 -28177.375   106.583    48.21   48.70
 -27802.365   110.804    11.26   43.74
 -27427.335    89.753   -56.13   40.49
 -27052.288    74.466   -40.76   44.80
 -26677.222    49.226   -67.29   35.73
 -26302.137    31.271   -47.87   21.78
 -25927.034    22.980   -22.10   17.82
 -25551.912    16.021   -18.55    9.00
 -25176.772    14.162    -4.96    7.80
 -24801.613    13.094    -2.85    5.94
 -24426.436    16.420     8.87    9.11
 -24051.241    23.515    18.91   19.30
 -23676.027    36.821    35.46   33.49
 -23300.794    38.253     3.82   32.79
 -22925.543    44.973    17.91   35.69
 -22550.273    42.207    -7.37   32.66
 -22174.985    32.934   -24.71   20.01
 -21799.678    27.955   -13.27   11.51
 -21424.353    22.782   -13.78    6.32
 -21049.009    19.971    -7.49    5.92
 -20673.646    15.344   -12.33    6.51
 -20298.265    11.955    -9.03    5.43
 -19922.866    10.366    -4.23    4.79
 -19547.448     9.871    -1.32    4.39
 -19172.011     9.373    -1.33    4.10
 -18796.556     7.701    -4.45    4.20
 -18421.082     6.190    -4.03    3.42
 -18045.589     6.048    -0.38    3.49
 -17670.078     6.071     0.06    3.37
 -17294.549     7.158     2.89    3.32
 -16919.001     8.844     4.49    3.81
 -16543.434    10.001     3.08    3.64
 -16167.848    12.006     5.34    4.81
 -15792.244    15.513     9.34    6.17
 -15416.622    15.915     1.07    6.49
 -15040.981    16.226     0.83    6.45
 -14665.321    15.136    -2.90    5.65
 -14289.642    12.889    -5.98    4.78
 -13913.945    11.048    -4.90    4.83
 -13538.229     8.626    -6.45    3.64
 -13162.495     7.815    -2.16    2.51
 -12786.742     7.753    -0.17    1.84
 -12410.970     8.226     1.26    1.62
 -12035.179     7.982    -0.65    2.90
 -11659.370     7.337    -1.71    3.61
 -11283.543     6.745    -1.58    3.90
 -10907.696     6.693    -0.14    3.73
 -10531.831     6.826     0.35    3.83
 -10155.947     6.699    -0.34    4.16
  -9780.045     6.693    -0.02    4.06
  -9404.124     6.025    -1.78    4.17
  -9028.184     5.389    -1.69    4.09
  -8652.225     4.810    -1.54    3.53
  -8276.248     4.389    -1.12    3.13
  -7900.252     4.139    -0.66    2.50
  -7524.237     4.118    -0.05    2.24
  -7148.204     4.006    -0.30    2.52
  -6772.152     4.280     0.73    2.74
  -6396.081     4.184    -0.25    2.91
  -6019.992     4.745     1.49    3.13
  -5643.883     4.798     0.14    3.20
  -5267.756     4.493    -0.81    3.11
  -4891.610     4.315    -0.47    3.15
  -4515.446     4.288    -0.07    2.85
  -4139.262     5.071     2.08    2.55
  -3763.060     5.934     2.30    1.75
  -3386.839     6.466     1.41    1.66
  -3010.600     6.171    -0.78    2.12
  -2634.341     5.934    -0.63    2.47
  -2258.064     6.121     0.50    3.46
  -1881.768     7.493     3.65    4.18
  -1505.453     7.480    -0.03    4.93
  -1129.120     6.275    -3.20    5.99
   -752.768     3.616    -7.07    6.08
   -376.396     1.217    -6.37    5.04
     -0.006     1.162    -0.15    3.61
    376.402     3.071     5.07    3.98
    752.830     5.382     6.14    3.46
   1129.276     6.649     3.36    2.04
   1505.742     6.350    -0.79    1.93
   1882.226     6.003    -0.92    2.00
   2258.729     5.646    -0.95    1.77
   2635.251     5.457    -0.50    1.38
   3011.791     5.162    -0.78    1.39
   3388.351     5.116    -0.12    1.58
   3764.929     5.049    -0.18    1.70
   4141.526     5.404     0.94    1.76
   4518.142     5.594     0.50    2.18
   4894.777     5.571    -0.06    2.44
   5271.431     5.548    -0.06    2.44
   5648.104     5.160    -1.03    2.13
   6024.795     5.715     1.47    1.94
   6401.506     6.915     3.19    3.04
   6778.235     9.023     5.60    3.81
   7154.983    10.315     3.43    4.61
   7531.750    11.412     2.91    5.01
   7908.537    13.275     4.95    5.70
   8285.342    15.737     6.53    6.33
   8662.165    18.116     6.31    4.96
   9039.008    19.139     2.71    4.37
   9415.870    19.025    -0.30    4.21
   9792.751    17.315    -4.54    4.92
  10169.650    16.139    -3.12    5.64
  10546.569    14.753    -3.68    5.07
  10923.507    14.003    -1.99    5.70
  11300.463    14.025     0.06    5.99
  11677.438    12.980    -2.77    5.43
  12054.433    11.525    -3.86    6.23
  12431.446     9.207    -6.15    5.80
  12808.479     6.548    -7.05    3.70
  13185.530     5.095    -3.85    2.09
  13562.600     5.525     1.14    2.82
  13939.689     6.919     3.69    3.58
  14316.798     8.693     4.71    4.82
  14693.925    11.275     6.85    5.13
  15071.071    13.880     6.91    4.70
  15448.237    17.182     8.75    5.53
  15825.421    20.642     9.17    4.84
  16202.624    22.582     5.14    4.49
  16576.878    23.434     2.28    4.58
  16950.345    23.001    -1.16    5.32
  17323.831    22.912    -0.24    6.28
  17697.335    22.461    -1.21    7.30
  18070.857    19.525    -7.86    8.44
  18444.399    17.976    -4.15    8.09
  18817.959    15.493    -6.65    7.26
  19191.538    14.298    -3.20    7.19
  19565.135    13.003    -3.47    8.28
  19938.751    12.730    -0.73    8.71
  20312.386    12.168    -1.50    8.00
  20686.039    10.594    -4.21    8.36
  21059.711    10.476    -0.32    8.55
  21433.402     7.866    -6.98    4.95
  21807.111     7.912     0.12    5.09
  22180.839     8.844     2.49    6.89
  22554.586     9.775     2.49    7.97
  22928.351     8.363    -3.78    6.49
  23302.136     6.798    -4.19    3.65
  23675.938     6.242    -1.49    2.69
  24049.760     6.004    -0.64    2.19
  24423.600     6.230     0.60    1.92
  24797.459     6.253     0.06    1.94
  25171.337     6.493     0.64    1.94
  25545.233     6.485    -0.02    1.94
  25919.149     6.253    -0.62    1.86
  26293.083     6.168    -0.23    1.69
  26667.035     6.293     0.33    1.61
  27041.007     6.536     0.65    1.40
  27414.997     6.957     1.13    1.79
  27789.006     7.184     0.61    1.97
  28163.033     7.309     0.33    2.02
  28537.080     7.230    -0.21    1.78
  28911.145     7.242     0.03    2.04
  29285.229     6.889    -0.94    1.11
  29659.332     7.798     2.43    3.77
  30033.453    10.426     7.03    6.85
  30407.594    10.982     1.48    6.66
  30781.753    10.380    -1.61    5.30
  31155.931     9.889    -1.31    4.59
  31530.128     9.485    -1.08    2.07
  31904.343     9.798     0.84    2.30
  32278.578    10.684     2.37    2.12
  32652.831    11.957     3.40    2.54
  33027.103    13.671     4.58    3.10
  33401.394    16.404     7.30    4.46
  33775.703    18.366     5.24    5.75
  34150.032    22.095     9.96    9.67
  34524.379    25.184     8.25   10.57
  34898.746    27.366     5.83    9.90
  35273.131    32.684    14.21   14.45
  35647.535    49.937    46.08   42.12
  36021.957    67.904    47.99   54.93
  36396.399    84.136    43.35   56.48
  36770.860   104.857    55.34   54.28
  37145.339   110.849    16.00   52.08
  37519.837   124.004    35.13   44.03
  37894.354   124.775     2.06   39.57
  38268.890   109.004   -42.11   47.86
  38643.445    77.141   -85.07   42.03
  39018.019    70.114   -18.76   34.68
  39392.612    77.214    18.95   40.79
  39767.224    88.116    29.10   43.32
  40141.854    93.639    14.74   45.80
  40516.504    80.506   -35.06   50.97
  40891.172    54.798   -68.62   40.14
  41265.859    38.275   -44.10   32.17
  41640.566    27.310   -29.27   13.68
  42015.291    19.466   -20.93    9.14
  42390.035    13.849   -14.99    8.82
  42764.798     9.230   -12.32    8.08
  43139.580     5.382   -10.27    4.47
  43514.381     3.426    -5.22    1.45
  43889.201     3.071    -0.95    0.00
  44264.040     3.071     0.00    0.00
  44638.898     3.071     0.00    0.00
  45013.775     3.071     0.00    0.00
  45388.671     3.071     0.00    0.00
  45763.586     3.071     0.00    0.00
  46138.519     3.071     0.00    0.00
  46513.472     3.071     0.00    0.00
  46888.444     3.071     0.00    0.00
  47263.435     3.071     0.00    0.00
  47638.445     3.071     0.00    0.00
  48013.474     3.071     0.00    0.00
  48388.521     3.071     0.00    0.00
  48763.588     3.071     0.00    0.00
  49138.674     3.071     0.00    0.00
  49513.779     3.071     0.00    0.00
  49888.903     3.071     0.00    0.00
  50264.046     3.071     0.00    0.00
  50639.208     3.071     0.00    0.00
  51014.389     3.071     0.00    0.00
  51389.590     3.071     0.00    0.00
  51764.809     3.071     0.00    0.00
  52140.047     3.071     0.00    0.00
  52515.305     3.071     0.00    0.00
  52890.581     3.071     0.00    0.00
  53265.877     3.071     0.00    0.00
  53641.191     3.071     0.00    0.00
  54016.525     3.071     0.00    0.00
  54391.878     3.071     0.00    0.00
  54767.250     3.071     0.00    0.00
  55142.641     3.071     0.00    0.00
  55518.051     3.071     0.00    0.00
  55893.480     3.071     0.00    0.00
  56268.928     3.071     0.00    0.00
  56644.396     3.071     0.00    0.00
  57019.883     3.071     0.00    0.00
  57395.388     3.071     0.00    0.00
  57770.913     3.071     0.00    0.00
  58146.457     3.071     0.00    0.00
  58522.020     3.071     0.00    0.00
  58897.603     3.071     0.00    0.00
  59273.204     3.871     2.13    2.49
  59648.825     5.980     5.62    4.42
  60024.465     8.525     6.78    5.31
  60400.124    11.271     7.31    4.94
  60775.802    12.271     2.66    4.40
  61151.499    13.434     3.10    4.53
  61527.216    14.618     3.15    4.54
  61902.952    14.957     0.90    4.69
  62278.706    16.912     5.20    4.64
  62654.481    17.889     2.60    4.95
  63030.274    18.723     2.22    5.61
  63406.086    18.973     0.67    6.27
  63781.918    19.515     1.44    6.28
  64157.769    18.753    -2.03    6.31
  64533.639    17.908    -2.25    5.68
  64909.529    17.982     0.20    5.42
  65285.438    18.404     1.12    4.86
  65661.366    20.266     4.95    4.48
  66037.313    22.285     5.37    4.00
  66413.279    23.537     3.33    3.96
  66789.265    26.139     6.92    3.80
  67165.270    28.048     5.08    3.78
  67541.294    29.026     2.60    3.11
  67917.337    30.048     2.72    3.82
  68293.400    29.636    -1.10    4.54
  68669.482    29.844     0.55    4.70
  69045.583    30.604     2.02    4.48
  69421.704    31.293     1.83    4.31
  69797.844    32.798     4.00    4.13
  70174.003    35.937     8.35    4.31
  70550.182    38.798     7.60    4.86
  70926.379    42.715    10.41    5.91
  71302.597    47.321    12.24    7.30
  71678.833    52.821    14.62   10.74
  72055.089    63.571    28.57   19.52
  72431.364    73.396    26.11   23.68
  72807.658    92.527    50.84   33.26
  73183.972   101.071    22.70   29.68
  73560.305   105.226    11.04   24.85
  73936.658   104.675    -1.46   21.91
  74313.029   107.908     8.59   20.60
  74689.420   110.204     6.10   16.06
  75065.831   110.607     1.07   16.32
  75442.261   101.715   -23.62   16.61
  75818.710    90.094   -30.87   12.44
  76195.179    82.253   -20.83    9.78
  76571.667    76.730   -14.67    6.35
  76948.174    74.117    -6.94    3.27
  77324.701    73.139    -2.60    3.64
  77701.247    72.166    -2.58    3.86
  78077.813    71.093    -2.85    4.77
  78454.398    69.093    -5.31    4.50
  78831.002    67.234    -4.94    3.61
  79207.626    66.026    -3.21    3.26
  79584.269    65.146    -2.34    3.48
  79960.932    65.071    -0.20    4.19
  80337.614    66.162     2.90    6.18
  80714.316    67.321     3.08    7.76
  81091.037    67.760     1.17    8.28
  81467.777    65.499    -6.00    9.31
  81844.537    60.832   -12.39   10.65
  82221.316    55.214   -14.91   10.06
  82598.115    51.071   -11.00    7.83
  82974.933    47.160   -10.38    4.17
  83351.771    45.506    -4.39    4.31
  83728.628    43.871    -4.34    4.57
  84105.505    41.412    -6.53    4.36
  84482.401    40.962    -1.19    3.63
  84859.317    40.187    -2.06    3.35
  85236.252    41.671     3.94    3.70
  85613.207    43.071     3.71    3.00
  85990.181    43.960     2.36    2.08
  86367.175    43.962     0.01    1.69
  86744.188    43.440    -1.38    1.85
  87121.221    42.471    -2.57    1.92
  87498.273    41.626    -2.24    2.45
  87875.345    40.844    -2.08    2.01
  88252.436    39.897    -2.51    2.12
  88629.547    39.844    -0.14    1.61
  89006.677    39.226    -1.64    1.76
  89383.827    38.593    -1.68    1.76
  89760.997    38.026    -1.50    1.88
  90138.186    37.337    -1.83    1.89
  90515.394    36.785    -1.46    1.81
  90892.623    35.962    -2.18    2.01
  91269.870    35.912    -0.13    1.88
  91643.761    35.560    -0.94    1.98
  92017.171    34.025    -4.11    2.81
  92390.599    32.293    -4.64    3.48
  92764.047    31.139    -3.09    3.36
  93137.515    30.946    -0.52    3.47
  93511.001    32.537     4.26    3.54
  93884.507    35.166     7.04    3.30
  94258.031    36.426     3.37    2.33
  94631.575    35.293    -3.03    3.34
  95005.138    34.480    -2.18    3.58
  95378.721    33.889    -1.58    3.15
  95752.322    34.190     0.81    3.01
  96125.943    35.503     3.51    2.71
  96499.583    35.904     1.07    2.37
  96873.242    35.515    -1.04    2.31
  97246.921    34.760    -2.02    2.24
  97620.618    35.389     1.68    2.46
  97994.335    35.382    -0.02    2.98
  98368.071    35.729     0.93    2.82
  98741.827    36.094     0.97    2.95
  99115.601    37.217     3.01    3.19
  99489.395    38.115     2.40    3.10
  99863.209    38.275     0.43    3.58
 100237.041    38.344     0.18    3.63
 100610.893    39.389     2.80    4.50
 100984.764    39.999     1.63    4.40
 101358.654    41.934     5.18    4.65
 101732.563    44.095     5.78    4.60
 102106.492    46.434     6.26    3.91
 102480.440    48.503     5.53    3.41
 102854.408    49.457     2.55    3.32
 103228.394    50.204     2.00    3.27
 103602.400    51.142     2.51    2.94
 103976.426    51.934     2.12    3.17
 104350.470    53.357     3.80    3.05
 104724.534    54.775     3.79    2.66
 105098.618    55.737     2.57    2.91
 105472.720    56.253     1.38    2.87
 105846.842    56.471     0.58    3.17
 106220.984    56.707     0.63    3.30
 106595.144    57.919     3.24    3.22
 106969.324    59.071     3.08    3.40
 107343.524    60.382     3.50    3.53
 107717.743    61.457     2.87    4.18
 108091.981    61.715     0.69    4.54
 108466.238    61.115    -1.60    4.92
 108840.515    61.049    -0.18    4.68
 109214.811    62.266     3.25    4.47
 109589.127    63.303     2.77    4.11
 109963.462    65.404     5.61    3.86
 110337.817    66.844     3.85    3.63
 110712.190    67.980     3.04    3.20
 111086.584    68.426     1.19    3.43
 111460.996    69.480     2.81    3.43
 111835.428    70.471     2.65    3.44
 112209.880    72.026     4.15    3.44
 112584.351    73.875     4.94    3.20
 112958.841    74.960     2.90    3.37
 113333.351    74.889    -0.19    3.62
 113707.880    73.160    -4.62    4.11
 114082.429    71.207    -5.21    3.79
 114456.997    69.593    -4.31    3.54
 114831.585    68.962    -1.68    3.87
 115206.192    69.271     0.82    4.09
 115580.818    69.760     1.31    4.02
 115955.464    71.280     4.06    3.99
 116330.130    71.305     0.07    3.50
 116704.815    72.071     2.04    3.12
 117079.519    71.788    -0.75    3.05
 117454.243    70.919    -2.32    3.13
 117828.986    69.360    -4.16    3.94
 118203.749    66.571    -7.44    4.41
 118578.532    63.978    -6.92    4.39
 118953.334    61.849    -5.68    3.60
 119328.155    59.999    -4.93    2.91
 119702.996    59.462    -1.43    3.16
 120077.856    60.139     1.81    3.18
 120452.737    60.782     1.72    3.41
 120827.636    62.366     4.23    3.63
 121202.555    63.164     2.13    3.07
 121577.494    62.571    -1.58    3.05
 121952.452    61.046    -4.07    3.23
 122327.430    58.537    -6.69    3.59
 122702.427    56.594    -5.18    3.68
 123077.444    54.889    -4.55    4.18
 123452.480    52.253    -7.03    4.29
 123827.536    49.785    -6.58    3.56
 124202.612    47.866    -5.12    2.64
 124577.707    46.371    -3.99    2.43
 124952.822    45.760    -1.63    2.68
 125327.956    44.885    -2.33    2.40
 125703.110    43.782    -2.94    1.62
 126078.284    43.649    -0.36    1.45
 126453.477    43.833     0.49    1.79
 126828.690    43.275    -1.49    1.41
 127203.922    43.047    -0.61    1.16
 127579.174    43.230     0.49    1.29
 127954.446    43.821     1.57    2.17
 128329.737    45.412     4.24    3.33
 128705.048    48.266     7.61    3.86
 129080.379    50.737     6.58    2.75
 129455.729    50.962     0.60    2.21
 129831.099    49.357    -4.28    3.10
 130206.489    47.315    -5.44    3.28
 130581.898    44.940    -6.33    2.00
 130957.327    43.919    -2.72    1.28
 131332.776    43.804    -0.30    1.12
 131708.244    44.434     1.68    1.79
 132083.732    45.940     4.01    3.12
 132459.239    47.257     3.51    3.51
 132834.767    48.915     4.42    4.10
 133210.314    50.293     3.67    4.05
 133585.880    51.245     2.53    3.76
 133961.467    52.382     3.03    3.81
 134337.073    53.344     2.56    4.04
 134712.699    54.226     2.35    3.90
 135088.345    54.230     0.01    4.06
 135464.010    54.071    -0.42    4.49
 135839.695    53.204    -2.31    4.39
 136215.400    53.184    -0.05    3.90
 136591.124    52.680    -1.34    3.14
 136966.869    53.701     2.72    3.00
 137342.633    54.471     2.05    2.83
 137718.416    55.253     2.08    2.55
 138094.220    55.548     0.79    2.83
 138470.043    55.249    -0.80    2.41
 138845.887    55.190    -0.16    2.12
 139221.749    55.788     1.59    2.23
 139597.632    56.957     3.11    2.49
 139973.535    57.915     2.55    2.54
 140349.457    58.775     2.29    2.45
 140725.399    59.606     2.21    2.52
 141101.361    60.503     2.39    2.54
 141477.343    61.821     3.51    2.31
 141853.344    63.360     4.09    2.46
 142229.365    65.230     4.97    2.45
 142605.407    66.275     2.78    2.52
 142981.468    65.626    -1.73    3.82
 143357.548    65.266    -0.96    3.86
 143733.649    64.980    -0.76    3.33
 144109.770    64.428    -1.47    3.31
 144485.910    62.493    -5.14    4.56
 144862.070    58.753    -9.94    5.64
 145238.250    55.207    -9.43    4.58
 145614.450    52.832    -6.32    3.92
 145990.670    50.761    -5.50    3.70
 146366.910    49.471    -3.43    4.09
 146743.169    46.838    -7.00    4.48
 147119.449    44.798    -5.42    4.13
 147495.748    43.114    -4.48    3.96
 147872.067    42.114    -2.66    3.22
 148248.406    42.375     0.69    3.12
 148624.766    42.980     1.61    2.97
 149001.144    43.760     2.07    2.96
 149377.543    44.775     2.70    2.72
 149753.962    46.525     4.65    3.47
 150130.401    48.266     4.63    3.67
 150506.860    50.116     4.91    3.78
 150883.338    52.337     5.90    3.51
 151259.837    53.984     4.37    2.76
 151636.355    55.457     3.91    2.45
 152012.894    56.093     1.69    2.77
 152389.452    56.639     1.45    2.81
 152766.030    57.201     1.49    2.75
 153142.629    58.094     2.37    2.49
 153519.247    58.027    -0.18    2.72
 153895.885    57.201    -2.19    3.32
 154272.544    56.071    -3.00    3.48
 154649.222    54.026    -5.43    3.16
 155025.920    52.876    -3.06    2.84
 155402.638    52.180    -1.85    2.24
 155779.377    52.707     1.40    2.46
 156156.135    54.537     4.86    2.81
 156532.913    56.471     5.13    2.48
 156909.712    58.396     5.11    2.46
 157286.530    60.094     4.50    2.46
 157663.368    61.510     3.76    2.26
 158040.227    62.271     2.02    2.07
 158417.105    62.025    -0.65    2.48
 158794.003    60.457    -4.16    3.41
 159170.922    58.560    -5.03    3.25
 159547.861    56.803    -4.66    2.78
 159924.819    55.389    -3.75    2.19
 160301.798    54.024    -3.62    2.88
 160678.797    52.582    -3.83    3.27
 161055.816    50.353    -5.91    3.38
 161432.854    50.027    -0.86    3.14
 161809.913    51.245     3.23    4.16
 162186.993    53.499     5.98    4.14
 162564.092    55.204     4.52    3.81
 162941.211    56.707     3.99    3.82
 163318.350    56.957     0.66    4.27
 163695.510    56.440    -1.37    4.80
 164072.690    55.207    -3.27    4.87
 164449.889    54.471    -1.95    4.04
 164827.109    54.404    -0.18    3.17
 165204.349    54.982     1.53    3.11
 165581.609    55.760     2.06    2.53
 165958.890    56.434     1.79    2.54
 166336.190    57.332     2.38    2.07
 166709.706    58.366     2.77    2.22
 167083.051    60.984     7.01    3.52
 167456.415    62.919     5.18    4.35
 167829.799    64.419     4.02    4.81
 168203.202    66.571     5.76    4.40
 168576.626    68.190     4.34    4.84
 168950.069    71.114     7.83    5.72
 169323.531    73.809     7.22    6.00
 169697.014    79.177    14.38    8.44
 170070.516    83.226    10.84    9.29
 170444.038    87.984    12.74   11.30
 170817.580    93.006    13.45   12.07
 171191.141    97.885    13.06   14.49
 171564.723   105.360    20.01   15.92
 171938.324   109.696    11.61   15.80
 172311.944   112.723     8.10   12.41
 172685.585   117.207    12.00   11.01
 173059.245   125.849    23.13   14.66
 173432.926   139.871    37.53   21.67
 173806.626   147.684    20.91   19.94
 174180.345   144.934    -7.36   22.10
 174554.085   140.595   -11.61   23.18
 174927.844   139.298    -3.47   19.71
 175301.623   137.606    -4.53   14.66
 175675.422   142.404    12.84   17.43
 176049.241   142.915     1.37   22.28
 176423.080   142.606    -0.83   28.38
 176796.939   134.582   -21.47   25.08
 177170.817   135.021     1.17   23.99
 177544.715   135.525     1.35   25.85
 177918.633   139.866    11.61   31.09
 178292.571   145.804    15.88   30.97
 178666.529   143.571    -5.97   26.70
 179040.506   145.525     5.23   26.73
 179414.504   140.315   -13.93   27.12
 179788.521   141.022     1.89   29.39
 180162.559   138.271    -7.36   25.00
 180536.616   141.237     7.93   23.72
 180910.693   137.293   -10.55   22.64
 181284.790   124.897   -33.14   27.64
 181658.907   112.462   -33.24   26.50
 182033.043   105.614   -18.31   23.29
 182407.200   103.420    -5.87   20.70
 182781.377   100.745    -7.15   22.92
 183155.573    92.904   -20.96   25.20
 183529.790    83.493   -25.15   25.37
 183904.026    72.766   -28.67   21.15
 184278.282    64.766   -21.38   18.76
 184652.558    58.382   -17.06   14.56
 185026.855    52.662   -15.29    4.34
 185401.171    52.571    -0.24    5.45
 185775.507    51.337    -3.30    6.18
 186149.863    50.160    -3.15    7.36
 186524.239    46.804    -8.96    6.56
 186898.635    43.525    -8.76    5.29
 187273.051    40.493    -8.10    4.79
 187647.487    37.798    -7.20    2.11
 188021.943    36.604    -3.19    1.67
 188396.419    35.288    -3.51    1.85
 188770.915    33.915    -3.67    2.56
 189145.431    32.337    -4.21    2.33
 189519.967    31.094    -3.32    2.57
 189894.523    29.136    -5.23    2.76
 190269.099    27.616    -4.06    2.79
 190643.695    26.305    -3.50    2.66
 191018.311    25.006    -3.47    2.55
 191392.947    23.636    -3.66    2.46
 191767.603    22.210    -3.81    2.28
 192142.279    21.513    -1.86    2.38
 192516.975    20.937    -1.54    2.11
 192891.692    20.785    -0.41    2.26
 193266.428    21.180     1.05    2.04
 193641.185    21.798     1.65    1.77
 194015.961    22.360     1.50    1.91
 194390.758    23.271     2.43    2.11
 194765.574    24.360     2.91    2.54
 195140.411    25.798     3.84    2.69
 195515.268    26.621     2.20    2.97
 195890.145    27.671     2.80    3.08
 196265.042    29.327     4.42    2.74
 196639.959    30.071     1.99    2.63
 197014.896    29.671    -1.07    3.01
 197389.853    28.117    -4.14    3.03
 197764.831    26.366    -4.67    2.82
 198139.828    24.523    -4.92    2.43
 198514.846    23.525    -2.66    1.93
 198889.884    22.782    -1.98    2.00
 199264.942    22.321    -1.23    1.99
 199640.020    21.788    -1.42    1.99
 200015.118    21.412    -1.00    1.74
 200390.237    21.397    -0.04    1.58
 200765.375    21.380    -0.04    1.49
 201140.534    21.737     0.95    1.51
 201515.713    22.137     1.07    1.60
 201890.912    23.701     4.17    4.81
 202266.132    24.419     1.91    5.25
 202641.371    24.782     0.97    5.21
 203016.631    24.288    -1.32    4.98
 203391.911    22.934    -3.61    2.24
 203767.211    22.293    -1.71    1.82
 204142.531    22.071    -0.59    2.43
 204517.872    21.844    -0.61    2.29
 204893.232    21.310    -1.42    3.25
 205268.613    20.957    -0.94    3.51
 205644.015    19.760    -3.19    4.19
 206019.436    18.549    -3.23    4.14
 206394.878    17.982    -1.51    3.81
 206770.340    18.760     2.07    4.32
 207145.822    18.525    -0.62    3.65
 207521.324    16.788    -4.63    4.11
 207896.847    14.844    -5.18    3.51
 208272.390    14.701    -0.38    3.72
 208647.953    14.897     0.52    4.25
 209023.537    15.766     2.32    4.21
 209399.140    16.960     3.18    3.38
 209774.764    17.257     0.79    2.25
 210150.409    17.471     0.57    2.08
 210526.074    17.510     0.10    1.86
 210901.758    17.158    -0.94    2.09
 211277.464    16.639    -1.38    2.34
 211653.189    15.980    -1.75    2.62
 212028.935    15.804    -0.47    2.40
 212404.702    16.048     0.65    2.27
 212780.488    15.889    -0.42    2.13
 213156.295    16.206     0.84    1.72
