# NaN NaN NaN ;Mean Elev.(m), Avg Gradient(m/km), RMS Gradient(m/km) - SRTM1     
#    2.279  -4.104  26.186 ;Mean Elev.(m), Avg Gradient(m/km), RMS Gradient(m/km) - ASTER GDEM
#    0.320  -3.845  26.277 ;Mean Elev.(m), Avg Gradient(m/km), RMS Gradient(m/km) - GMTED2010 
  8     5.740 52493.57133281 24.59 118.948257  32.171870 12.874
  8     5.507 52493.57133346 21.89 118.947337  32.175150 12.874
  8     5.375 52493.57133410 21.50 118.946417  32.178430 12.874
  8     5.800 52493.57133475 23.10 118.945492  32.181718 33.474
  8     5.959 52493.57133539 24.36 118.944572  32.184998 33.474
  9     5.781 52528.57131417 20.90 118.937294  32.172186 27.510
  9     5.557 52528.57131482 19.90 118.936374  32.175466 27.510
  9     5.678 52528.57131546 22.50 118.935454  32.178756 27.510
  9     5.874 52528.57131611 23.84 118.934534  32.182036 27.510
 10     5.008 52563.57134860 18.14 118.943308  32.173144 20.995
 10     5.019 52563.57134924 17.58 118.942388  32.176434 20.995
 10     5.567 52563.57134989 19.35 118.941468  32.179714 20.995
 10     4.609 52563.57135053 20.13 118.940548  32.183004 20.995
 12     4.916 52633.57132014 22.34 118.936569  32.171678 21.266
 12     2.764 52633.57132079 21.58 118.935649  32.174968 21.266
 12     4.480 52633.57132143 20.24 118.934729  32.178248 21.266
 12     4.781 52633.57132208 27.01 118.933806  32.181533 34.524
 13     5.277 52668.57133438 25.33 118.939349  32.170148 24.911
 13     4.552 52668.57133503 19.61 118.938429  32.173428 24.911
 13     3.539 52668.57133567 19.14 118.937509  32.176718 24.911
 13     4.066 52668.57133632 21.84 118.936589  32.179998 24.911
 13     4.362 52668.57133696 23.14 118.935669  32.183278 24.911
 14     7.970 52703.57131500 22.81 118.942685  32.173139 13.247
 14     8.581 52703.57131564 21.68 118.941765  32.176419 13.247
 14     7.465 52703.57131629 22.94 118.940845  32.179709 13.247
 14     4.607 52703.57131693 26.46 118.939925  32.182989 13.247
 16     4.883 52773.57130742 33.76 118.949082  32.169916 23.597
 16     6.236 52773.57130807 19.42 118.948162  32.173196 23.597
 16     7.872 52773.57130871 19.49 118.947242  32.176486 23.597
 16     5.176 52773.57130936 20.02 118.946322  32.179766 23.597
 16     4.608 52773.57131000 24.21 118.945402  32.183046 23.597
 16     4.982 52773.57131065 29.72 118.944482  32.186336 23.597
 17     5.061 52808.57137571 26.27 118.935328  32.169784 20.731
 17     4.342 52808.57137636 21.88 118.934408  32.173064 20.731
 17     4.175 52808.57137700 20.91 118.933488  32.176344 20.731
 17     4.672 52808.57137764 21.97 118.932564  32.179630 37.069
 17     4.898 52808.57137829 27.86 118.931644  32.182910 37.069
 18     6.421 52843.57143329 24.93 118.937532  32.171141 21.243
 18     6.107 52843.57143394 24.95 118.936612  32.174431 21.243
 18     6.714 52843.57143458 25.11 118.935692  32.177711 21.243
 18     6.740 52843.57143523 28.96 118.934772  32.180991 21.243
 18     6.955 52843.57143587 26.36 118.933848  32.184278 33.569
 19     5.042 52878.57147131 29.23 118.937881  32.170766 16.361
 19     4.866 52878.57147195 24.59 118.936961  32.174056 16.361
 19     6.925 52878.57147260 21.94 118.936041  32.177336 16.361
 19     5.218 52878.57147324 22.19 118.935121  32.180616 16.361
 19     5.150 52878.57147389 34.49 118.934200  32.183903 34.956
 20     5.990 52913.57142936 21.85 118.949076  32.172612 15.551
 20     5.359 52913.57143000 19.59 118.948156  32.175902 15.551
 20     4.700 52913.57143065 20.26 118.947236  32.179182 15.551
 20     5.237 52913.57143129 22.56 118.946316  32.182462 15.551
 20     5.129 52913.57143194 24.03 118.945396  32.185752 15.551
 21     4.981 52948.57138745 22.43 118.941053  32.171212 27.139
 21     8.713 52948.57138809 18.25 118.940133  32.174492 27.139
 21     4.111 52948.57138874 19.92 118.939213  32.177782 27.139
 21     4.212 52948.57138938 21.13 118.938293  32.181062 27.139
 21     4.353 52948.57139003 29.14 118.937373  32.184342 27.139
 23     7.844 53018.57141149 20.81 118.943535  32.171129 21.377
 23     7.320 53018.57141214 18.93 118.942615  32.174419 21.377
 23     4.050 53018.57141278 19.13 118.941695  32.177699 21.377
 23     4.225 53018.57141343 20.69 118.940775  32.180989 21.377
 23     4.225 53018.57141407 26.35 118.939855  32.184269 21.377
 24     4.922 53053.57139433 23.64 118.942161  32.170535 22.037
 24     4.277 53053.57139498 21.28 118.941241  32.173815 22.037
 24     3.718 53053.57139562 20.48 118.940321  32.177095 22.037
 24     3.747 53053.57139627 21.56 118.939401  32.180385 22.037
 24     4.038 53053.57139691 25.15 118.938481  32.183665 22.037
 25     7.317 53088.57143161 20.17 118.935399  32.171403 21.383
 25     9.943 53088.57143225 15.78 118.934479  32.174683 21.383
 25     7.925 53088.57143290 17.75 118.933559  32.177973 21.383
 25     4.288 53088.57143354 19.00 118.932639  32.181253 21.383
 26     4.983 53123.57140181 22.42 118.938598  32.171126 24.825
 26     4.225 53123.57140245 20.23 118.937678  32.174406 24.825
 26     3.697 53123.57140310 19.04 118.936758  32.177696 24.825
 26     4.237 53123.57140374 20.25 118.935838  32.180976 24.825
 26     3.978 53123.57140439 30.95 118.934918  32.184256 24.825
 27    12.387 53158.57146034 21.04 118.932823  32.171443 25.559
 27     8.980 53158.57146099 20.59 118.931903  32.174723 25.559
 27     8.591 53158.57146163 19.04 118.930983  32.178003 25.559
 27     4.367 53158.57146228 21.78 118.930063  32.181293 25.559
 28     4.715 53193.57145440 22.09 118.944632  32.172011 15.480
 28     4.446 53193.57145504 22.08 118.943712  32.175291 15.480
 28     4.710 53193.57145569 21.70 118.942792  32.178581 15.480
 28     5.013 53193.57145633 20.62 118.941872  32.181861 15.480
 28     5.423 53193.57145698 27.39 118.940952  32.185141 15.480
 29     4.961 53228.57144917 24.76 118.945739  32.172047 28.320
 29     4.587 53228.57144981 19.67 118.944819  32.175327 28.320
 29     5.903 53228.57145046 18.62 118.943899  32.178607 28.320
 29     5.152 53228.57145110 18.42 118.942979  32.181897 28.320
 29     5.374 53228.57145175 22.89 118.942059  32.185177 28.320
 30     4.921 53263.57142173 21.94 118.941747  32.172914 27.516
 30     4.620 53263.57142237 20.74 118.940827  32.176194 27.516
 30     5.513 53263.57142302 22.23 118.939907  32.179484 27.516
 30     5.926 53263.57142366 22.57 118.938987  32.182764 27.516
 31    10.144 53298.57146292 32.60 118.929815  32.169595 29.585
 31     3.268 53298.57146357 26.42 118.928895  32.172885 29.585
 31     3.297 53298.57146421 22.98 118.927975  32.176165 29.585
 31     4.105 53298.57146486 20.04 118.927055  32.179445 29.585
 31     4.640 53298.57146550 22.62 118.926135  32.182735 29.585
 33     4.937 53368.57137639 23.40 118.946871  32.172348 24.339
 33     5.180 53368.57137703 18.95 118.945951  32.175628 24.339
 33     5.532 53368.57137767 18.47 118.945031  32.178908 24.339
 33     4.101 53368.57137832 19.36 118.944111  32.182198 24.339
 33     4.406 53368.57137896 19.82 118.943191  32.185478 24.339
 34     4.877 53403.57140664 26.37 118.940020  32.170279 28.775
 34     1.298 53403.57140728 24.56 118.939100  32.173559 28.775
 34     3.580 53403.57140793 19.59 118.938180  32.176849 28.775
 34     3.512 53403.57140857 19.09 118.937260  32.180129 28.775
 34     3.881 53403.57140922 19.73 118.936340  32.183409 28.775
 35     4.501 53438.57139519 20.85 118.944518  32.172361 24.970
 35     2.943 53438.57139584 23.46 118.943598  32.175641 24.970
 35     3.641 53438.57139648 19.82 118.942678  32.178931 24.970
 35     3.307 53438.57139713 21.06 118.941758  32.182211 24.970
 35     4.286 53438.57139777 21.51 118.940838  32.185491 24.970
 36    12.624 53473.57145269 22.80 118.935191  32.170075 27.297
 36    12.477 53473.57145333 20.52 118.934271  32.173355 27.297
 36     3.441 53473.57145397 20.38 118.933351  32.176635 27.297
 36     3.920 53473.57145462 20.40 118.932431  32.179925 27.297
 36     4.252 53473.57145526 23.93 118.931511  32.183205 27.297
 37     5.368 53508.57147623 22.15 118.939481  32.170072 28.451
 37     7.454 53508.57147688 17.33 118.938561  32.173352 28.451
 37     7.350 53508.57147752 17.95 118.937641  32.176642 28.451
 37     3.828 53508.57147817 20.62 118.936721  32.179922 28.451
 37     3.719 53508.57147881 27.38 118.935801  32.183202 28.451
 38     5.168 53543.57148814 24.86 118.937312  32.171212 30.545
 38     4.979 53543.57148878 20.87 118.936392  32.174492 30.545
 38     4.870 53543.57148943 21.77 118.935472  32.177772 30.545
 38     5.503 53543.57149007 22.16 118.934552  32.181062 30.545
 39     7.641 53578.57147012 17.78 118.941397  32.171659 20.119
 39     4.964 53578.57147077 17.87 118.940477  32.174939 20.119
 39     9.057 53578.57147141 15.71 118.939557  32.178219 20.119
 39     5.846 53578.57147206 16.85 118.938637  32.181509 20.119
 39     5.439 53578.57147270 24.11 118.937717  32.184789 20.119
 40     5.651 53613.57142343 23.87 118.941454  32.171715 25.536
 40     5.472 53613.57142407 24.20 118.940534  32.174995 25.536
 40     5.810 53613.57142472 23.44 118.939614  32.178285 25.536
 40     5.947 53613.57142536 25.86 118.938694  32.181565 25.536
 40     6.291 53613.57142601 31.47 118.937774  32.184845 25.536
 41     8.111 53648.57142945 22.18 118.940233  32.172663 26.873
 41     7.783 53648.57143010 20.83 118.939313  32.175953 26.873
 41     6.568 53648.57143074 21.47 118.938393  32.179233 26.873
 41     5.657 53648.57143139 22.35 118.937473  32.182513 26.873
 42     2.839 53683.57144413 23.35 118.935857  32.172737 31.490
 42     3.261 53683.57144478 23.42 118.934937  32.176017 31.490
 42     4.358 53683.57144542 20.93 118.934017  32.179307 31.490
 42     4.600 53683.57144607 26.02 118.933097  32.182587 31.490
 43     5.677 53718.57137065 21.43 118.947007  32.171834 22.991
 43     3.872 53718.57137130 22.71 118.946087  32.175114 22.991
 43     2.374 53718.57137194 22.09 118.945167  32.178394 22.991
 43     4.146 53718.57137259 19.02 118.944247  32.181684 22.991
 43     4.406 53718.57137323 20.28 118.943327  32.184964 22.991
 44     8.553 53753.57129232 23.67 118.944456  32.172074 18.566
 44     8.593 53753.57129296 21.16 118.943536  32.175354 18.566
 44     8.085 53753.57129361 20.42 118.942616  32.178644 18.566
 44     6.583 53753.57129425 22.74 118.941696  32.181924 18.566
 44     4.801 53753.57129490 25.43 118.940776  32.185204 18.566
 45     5.964 53788.57132232 21.90 118.945793  32.172062 23.319
 45     7.232 53788.57132297 17.94 118.944873  32.175342 23.319
 45     5.850 53788.57132361 19.13 118.943953  32.178632 23.319
 45     4.494 53788.57132426 20.14 118.943033  32.181912 23.319
 45     4.651 53788.57132490 26.32 118.942113  32.185192 23.319
 46     4.563 53823.57127784 22.95 118.939558  32.172419 27.868
 46     3.517 53823.57127849 21.54 118.938638  32.175709 27.868
 46     3.783 53823.57127913 21.40 118.937718  32.178989 27.868
 46     4.285 53823.57127978 20.79 118.936798  32.182269 27.868
 47     6.248 53858.57137020 21.43 118.935664  32.170476 28.951
 47     9.190 53858.57137084 18.53 118.934744  32.173756 28.951
 47     3.932 53858.57137149 18.50 118.933824  32.177046 28.951
 47     4.208 53858.57137213 19.32 118.932894  32.180326 28.951
 47     4.567 53858.57137278 27.08 118.931974  32.183606 28.951
 48     4.744 53893.57138597 21.03 118.942615  32.173036 24.718
 48     4.178 53893.57138662 21.00 118.941695  32.176316 24.718
 48     4.164 53893.57138726 19.56 118.940775  32.179606 24.718
 48     4.248 53893.57138790 20.99 118.939855  32.182886 24.718
 49     9.625 53928.57144357 21.92 118.930031  32.172223 33.741
 49     7.038 53928.57144422 20.60 118.929111  32.175513 33.741
 49     5.018 53928.57144486 20.71 118.928191  32.178793 33.741
 49     5.448 53928.57144551 25.47 118.927271  32.182073 33.741
 51     5.379 53998.57137422 24.93 118.937899  32.170501 30.213
 51     4.848 53998.57137486 18.76 118.936979  32.173791 30.213
 51     7.160 53998.57137551 16.77 118.936059  32.177071 30.213
 51     4.542 53998.57137615 17.93 118.935129  32.180351 30.213
 51     4.542 53998.57137680 24.98 118.934209  32.183641 30.213
 52     4.866 54033.57142205 19.37 118.941753  32.171457 28.552
 52     4.900 54033.57142270 19.25 118.940823  32.174737 28.552
 52     6.829 54033.57142334 17.22 118.939903  32.178017 28.552
 52     6.095 54033.57142398 18.11 118.938983  32.181307 28.552
 52     4.078 54033.57142463 23.70 118.938063  32.184587 28.552
 54     7.312 54103.57137371 18.10 118.943561  32.172983 17.871
 54     8.550 54103.57137436 16.76 118.942645  32.176271 26.409
 54     5.949 54103.57137500 18.09 118.941725  32.179551 26.409
 54     3.735 54103.57137565 19.00 118.940805  32.182841 26.409
 55     5.239 54138.57134568 26.40 118.938832  32.169964 26.070
 55     8.028 54138.57134632 23.07 118.937922  32.173244 26.070
 55     7.670 54138.57134696 22.67 118.936992  32.176534 26.070
 55     7.278 54138.57134761 22.61 118.936072  32.179814 26.070
 55     6.440 54138.57134825 22.45 118.935152  32.183094 26.070
 56     8.486 54173.57135179 18.90 118.942416  32.171483 14.604
 56    17.875 54173.57135243 17.36 118.941496  32.174763 14.604
 56    14.668 54173.57135308 17.57 118.940576  32.178043 14.604
 56     7.281 54173.57135372 18.54 118.939656  32.181333 14.604
 56     5.812 54173.57135437 20.20 118.938736  32.184613 14.604
 57     4.999 54208.57135189 19.66 118.937065  32.172209 20.548
 57     7.226 54208.57135253 17.58 118.936145  32.175499 20.548
 57     6.714 54208.57135318 18.17 118.935225  32.178779 20.548
 57     4.451 54208.57135382 20.91 118.934305  32.182059 20.548
 58     4.731 54243.57138358 25.45 118.940738  32.171369 17.629
 58     2.180 54243.57138422 24.25 118.939818  32.174649 17.629
 58     2.617 54243.57138487 22.60 118.938898  32.177939 17.629
 58     3.192 54243.57138551 22.32 118.937978  32.181219 17.629
 58     3.872 54243.57138616 22.02 118.937058  32.184499 17.629
 59     4.717 54278.57139615 27.79 118.940920  32.170271 26.241
 59     4.484 54278.57139680 23.38 118.940000  32.173561 26.241
 59     4.599 54278.57139744 21.08 118.939080  32.176841 26.241
 59     4.753 54278.57139809 21.61 118.938160  32.180121 26.241
 59     5.050 54278.57139873 23.11 118.937240  32.183411 26.241
 60     6.196 54313.57139592 24.48 118.943226  32.170082 20.899
 60     5.174 54313.57139657 24.07 118.942306  32.173362 20.899
 60     5.554 54313.57139721 23.10 118.941386  32.176642 20.899
 60     6.169 54313.57139786 25.97 118.940466  32.179932 20.899
 60     6.265 54313.57139850 28.79 118.939546  32.183212 20.899
 61     7.794 54348.57136713 19.32 118.943950  32.172693 17.661
 61     5.245 54348.57136778 20.70 118.943030  32.175973 17.661
 61     5.313 54348.57136842 20.48 118.942110  32.179253 17.661
 61     5.419 54348.57136906 21.11 118.941190  32.182543 17.661
 61     5.518 54348.57136971 34.77 118.940270  32.185823 17.661
 62     4.819 54383.57133404 20.13 118.940011  32.171609 25.008
 62     4.158 54383.57133469 22.24 118.939091  32.174899 25.008
 62     4.558 54383.57133533 21.46 118.938171  32.178179 25.008
 62     4.667 54383.57133598 21.60 118.937251  32.181459 25.008
 62     4.878 54383.57133662 30.98 118.936331  32.184749 25.008
 63     4.899 54418.57131633 20.83 118.942515  32.171970 19.220
 63     4.111 54418.57131698 21.08 118.941595  32.175250 19.220
 63     3.405 54418.57131762 22.23 118.940675  32.178540 19.220
 63     3.469 54418.57131827 21.93 118.939755  32.181820 19.220
 63     4.243 54418.57131891 23.40 118.938835  32.185100 19.220
 64     4.576 54453.57130421 29.84 118.938305  32.170032 23.247
 64     1.273 54453.57130486 24.71 118.937385  32.173322 23.247
 64     3.379 54453.57130550 20.64 118.936465  32.176602 23.247
 64     6.696 54453.57130615 19.60 118.935545  32.179882 23.247
 64     4.675 54453.57130679 22.47 118.934625  32.183172 23.247
 65     8.038 54488.57131505 18.32 118.942813  32.172446 14.338
 65     6.815 54488.57131570 19.51 118.941890  32.175734 26.919
 65     3.930 54488.57131634 21.23 118.940970  32.179014 26.919
 65     4.519 54488.57131698 20.33 118.940050  32.182294 26.919
 65     3.982 54488.57131763 25.03 118.939130  32.185584 26.919
 66     4.804 54523.57131733 23.68 118.941112  32.171149 16.127
 66     3.986 54523.57131798 22.62 118.940192  32.174439 16.127
 66     3.133 54523.57131862 23.22 118.939272  32.177719 16.127
 66     3.123 54523.57131927 23.98 118.938352  32.180999 16.127
 66     4.067 54523.57131991 24.62 118.937431  32.184285 29.566
 67     4.560 54558.57132486 23.29 118.942491  32.172968 15.857
 67     3.492 54558.57132551 23.77 118.941571  32.176248 15.857
 67     3.249 54558.57132615 21.45 118.940651  32.179528 15.857
 67     3.529 54558.57132679 21.02 118.939731  32.182818 15.857
 68     4.849 54593.57131374 24.42 118.940212  32.170574 19.059
 68     4.152 54593.57131438 21.96 118.939292  32.173864 19.059
 68     3.813 54593.57131502 22.27 118.938372  32.177144 19.059
 68     3.837 54593.57131567 21.19 118.937452  32.180424 19.059
 68     4.128 54593.57131631 23.21 118.936533  32.183713 26.656
 69     5.332 54628.57132880 21.26 118.940284  32.173095 13.208
 69     7.235 54628.57132944 19.57 118.939364  32.176385 13.208
 69     6.624 54628.57133009 19.74 118.938444  32.179665 13.208
 69     3.566 54628.57133073 22.13 118.937524  32.182945 13.208
 70     5.332 54663.57133565 23.47 118.938429  32.171294 16.253
 70     4.921 54663.57133629 21.22 118.937509  32.174574 16.253
 70     4.747 54663.57133694 20.00 118.936589  32.177864 16.253
 70     4.831 54663.57133758 20.46 118.935669  32.181144 16.253
 70     4.815 54663.57133823 23.60 118.934749  32.184424 16.253
 71     5.766 54698.57130857 26.92 118.945318  32.170547 16.795
 71     7.590 54698.57130922 19.36 118.944398  32.173827 16.795
 71     5.029 54698.57130986 20.54 118.943478  32.177117 16.795
 71     8.779 54698.57131051 21.74 118.942558  32.180397 16.795
 71     5.669 54698.57131115 25.03 118.941638  32.183677 16.795
 72     5.248 54733.57129323 23.77 118.938426  32.170632 17.895
 72     8.159 54733.57129387 17.91 118.937506  32.173922 17.895
 72     8.456 54733.57129452 18.97 118.936586  32.177202 17.895
 72     7.806 54733.57129516 22.27 118.935666  32.180482 17.895
 72     5.219 54733.57129581 27.03 118.934742  32.183770 35.032
 73     8.980 54768.57128808 20.08 118.942507  32.171229 14.412
 73    10.730 54768.57128872 19.23 118.941587  32.174519 14.412
 73     9.812 54768.57128937 19.34 118.940667  32.177799 14.412
 73     9.515 54768.57129001 19.79 118.939747  32.181079 14.412
 73     4.737 54768.57129066 22.69 118.938827  32.184359 14.412
 74     5.432 54803.57128674 22.31 118.937582  32.170316 16.886
 74     4.524 54803.57128739 20.86 118.936662  32.173606 16.886
 74     3.689 54803.57128803 20.90 118.935742  32.176886 16.886
 74     4.167 54803.57128868 21.09 118.934822  32.180166 16.886
 74     4.451 54803.57128932 24.28 118.933899  32.183451 35.702
 75     4.651 54838.57128193 27.42 118.941585  32.170849 15.887
 75     1.512 54838.57128257 26.75 118.940665  32.174129 15.887
 75     4.081 54838.57128322 21.79 118.939745  32.177409 15.887
 75     9.214 54838.57128386 20.50 118.938825  32.180699 15.887
 75     4.689 54838.57128451 22.63 118.937905  32.183979 15.887
 76     5.287 54873.57128659 20.87 118.938670  32.171397 16.142
 76     8.614 54873.57128724 16.95 118.937750  32.174677 16.142
 76     8.711 54873.57128788 18.14 118.936830  32.177957 16.142
 76     9.081 54873.57128853 20.10 118.935909  32.181244 31.568
 76     3.979 54873.57128917 31.06 118.934989  32.184524 31.568
 77     7.379 54908.57128830 23.38 118.942566  32.170554 16.816
 77     8.772 54908.57128894 21.53 118.941646  32.173844 16.816
 77     8.573 54908.57128959 21.85 118.940726  32.177124 16.816
 77     3.860 54908.57129023 22.57 118.939806  32.180404 16.816
 77     4.395 54908.57129088 22.54 118.938886  32.183694 16.816
 78    12.682 54943.57127961 19.64 118.937514  32.171053 17.124
 78    12.436 54943.57128025 17.16 118.936594  32.174343 17.124
 78     8.812 54943.57128090 17.83 118.935674  32.177623 17.124
 78     8.869 54943.57128154 18.44 118.934752  32.180909 32.932
 78     4.125 54943.57128219 26.68 118.933832  32.184189 32.932
 79     6.009 54978.57130661 24.60 118.940212  32.169858 16.851
 79     8.802 54978.57130726 17.17 118.939292  32.173148 16.851
 79     8.862 54978.57130790 18.09 118.938372  32.176428 16.851
 79     8.696 54978.57130855 18.30 118.937452  32.179708 16.851
 79     4.993 54978.57130919 23.76 118.936534  32.182997 30.038
 80     7.962 55013.57131226 22.53 118.940754  32.171797 17.145
 80     4.218 55013.57131290 22.66 118.939834  32.175077 17.145
 80     4.392 55013.57131355 23.57 118.938914  32.178357 17.145
 80     8.894 55013.57131419 21.95 118.937994  32.181647 17.145
 80     4.855 55013.57131484 25.92 118.937074  32.184927 17.145
 81     7.853 55048.57130551 21.55 118.941088  32.172221 19.529
 81     8.863 55048.57130615 18.94 118.940168  32.175501 19.529
 81     8.576 55048.57130680 19.80 118.939248  32.178791 19.529
 81     8.897 55048.57130744 21.27 118.938328  32.182071 19.529
 82     5.872 55083.57127464 24.18 118.944822  32.170450 21.148
 82     8.570 55083.57127529 18.68 118.943902  32.173730 21.148
 82     8.322 55083.57127593 20.46 118.942982  32.177020 21.148
 82     8.859 55083.57127658 20.26 118.942062  32.180300 21.148
 82     5.075 55083.57127722 22.81 118.941142  32.183580 21.148
 83     2.143 55118.57123709 25.55 118.939745  32.172513 18.518
 83     4.025 55118.57123773 21.94 118.938825  32.175793 18.518
 83     3.444 55118.57123838 21.29 118.937905  32.179083 18.518
 83     8.934 55118.57123902 22.24 118.936985  32.182363 18.518
 84     7.860 55153.57123317 22.89 118.941359  32.170870 14.375
 84     6.174 55153.57123381 22.15 118.940439  32.174160 14.375
 84     8.108 55153.57123446 21.38 118.939519  32.177440 14.375
 84     4.420 55153.57123510 21.40 118.938599  32.180720 14.375
 84     4.913 55153.57123575 25.43 118.937679  32.184010 14.375
 85     8.765 55188.57122603 17.87 118.937259  32.172753 18.993
 85     8.625 55188.57122668 17.70 118.936339  32.176033 18.993
 85     8.587 55188.57122732 18.97 118.935419  32.179313 18.993
 85     4.797 55188.57122797 23.33 118.934496  32.182599 34.426
 86     1.574 55223.57123268 28.48 118.941276  32.171676 15.007
 86     1.163 55223.57123332 27.43 118.940356  32.174956 15.007
 86     3.737 55223.57123397 23.84 118.939436  32.178236 15.007
 86     9.041 55223.57123461 20.16 118.938516  32.181526 15.007
 86     4.201 55223.57123526 27.44 118.937596  32.184806 15.007
 87     8.376 55258.57122110 25.53 118.941186  32.170623  9.802
 87     9.318 55258.57122175 21.88 118.940266  32.173913  9.802
 87     8.707 55258.57122239 23.01 118.939346  32.177193  9.802
 87     7.638 55258.57122304 22.90 118.938426  32.180473  9.802
 87     5.227 55258.57122368 25.61 118.937508  32.183758 27.523
 88     7.680 55293.57122009 18.75 118.943074  32.172560 19.162
 88     8.617 55293.57122074 18.70 118.942154  32.175850 19.162
 88     8.441 55293.57122138 19.77 118.941234  32.179130 19.162
 88     7.608 55293.57122203 21.59 118.940314  32.182410 19.162
 88     4.745 55293.57122267 31.83 118.939394  32.185700 19.162
 89     8.957 55328.57120495 18.15 118.938433  32.171589 17.576
 89     8.743 55328.57120559 17.50 118.937513  32.174869 17.576
 89     8.413 55328.57120624 19.22 118.936593  32.178159 17.576
 89     4.580 55328.57120688 22.42 118.935673  32.181439 17.576
 90     5.151 55363.57119957 22.14 118.942481  32.171782 20.801
 90     4.998 55363.57120022 20.94 118.941561  32.175062 20.801
 90     4.736 55363.57120086 21.50 118.940641  32.178342 20.801
 90     5.210 55363.57120151 22.49 118.939721  32.181632 20.801
 90     5.475 55363.57120215 34.00 118.938801  32.184912 20.801
 92     7.601 55433.57121537 22.20 118.943312  32.170250 17.942
 92     8.356 55433.57121602 19.51 118.942392  32.173530 17.942
 92     6.812 55433.57121666 21.70 118.941472  32.176810 17.942
 92     5.564 55433.57121730 22.03 118.940552  32.180100 17.942
 92     5.738 55433.57121795 24.53 118.939632  32.183380 17.942
 93     5.169 55468.57117223 22.62 118.945799  32.172511 14.129
 93     4.864 55468.57117287 22.35 118.944879  32.175791 14.129
 93     4.928 55468.57117352 22.59 118.943959  32.179081 14.129
 93     5.081 55468.57117416 22.53 118.943039  32.182361 14.129
 93     5.297 55468.57117481 30.82 118.942119  32.185641 14.129
