# NaN NaN NaN ;Mean Elev.(m), Avg Gradient(m/km), RMS Gradient(m/km) - SRTM1     
#   -3.512  -5.037  37.281 ;Mean Elev.(m), Avg Gradient(m/km), RMS Gradient(m/km) - ASTER GDEM
#    3.745  -4.744  35.244 ;Mean Elev.(m), Avg Gradient(m/km), RMS Gradient(m/km) - GMTED2010 
  9 117.241298  30.548961    14.861    14.881  6 52515.57698988 25.790
 10 117.233493  30.519021    10.556    10.419  4 52550.57703106 28.789
 11 117.241406  30.551986    12.045    12.015  6 52585.57701109 20.812
 12 117.237296  30.537676    13.052    12.981  4 52620.57699026 20.443
 15 117.237517  30.537254    14.453    14.415  6 52725.57701821 25.874
 16 117.233793  30.518084    11.067    10.903  4 52760.57703211 31.817
 17 117.238390  30.538668    11.175    10.959  5 52795.57699338 34.233
 18 117.239138  30.541099    14.008    13.877  5 52830.57706037 22.172
 19 117.241150  30.548162    12.194    12.179  5 52865.57710556 22.271
 20 117.237067  30.535321    12.167    12.203  5 52900.57713201 34.253
 21 117.237789  30.538406    12.391    12.428  4 52935.57707453 18.320
 22 117.236059  30.530611    12.364    12.416  6 52970.57709389 22.264
 23 117.234532  30.523677    10.746    10.822  5 53005.57710806 25.394
 24 117.234028  30.521123    12.985    12.915  5 53040.57705832 21.288
 25 117.236028  30.530576    13.201    13.103  6 53075.57709239 20.574
 27 117.235469  30.527367    10.882    10.880  6 53145.57710431 35.449
 28 117.239392  30.541097    12.767    12.820  5 53180.57711693 23.272
 29 117.236452  30.531634    12.812    12.777  5 53215.57713750 36.644
 30 117.237642  30.537478    10.878    10.508  6 53250.57711341 32.159
 32 117.241135  30.547792    11.336    11.205  5 53320.57708998 21.415
 33 117.242279  30.550080    11.415    11.211  6 53355.57705920 20.701
 34 117.234926  30.527547    10.457    10.351  5 53390.57706500 20.370
 35 117.240605  30.546659    12.332    12.243  6 53425.57706561 26.089
 36 117.238261  30.540357     7.838     7.952  5 53460.57707220 31.224
 38 117.240305  30.546645    12.366    12.187  5 53530.57713251 26.227
 39 117.235125  30.525466    11.652    11.587  5 53565.57715647 29.326
 40 117.239746  30.544087    11.908    11.984  5 53600.57710264 22.678
 41 117.232780  30.527196    12.463    12.463  2 53635.57709664 21.906
 43 117.242268  30.550027    13.036    12.048  6 53705.57705571 21.789
 44 117.242239  30.555096    12.218    12.102  6 53740.57696900 21.353
 45 117.239884  30.543008    12.827    13.198  5 53775.57698826 25.188
 46 117.240819  30.548783    10.141    10.676  6 53810.57697054 26.799
 47 117.234569  30.527005    12.605    12.032  3 53845.57701238 22.340
 48 117.239166  30.538832    12.644    12.953  5 53880.57704058 23.258
 49 117.234296  30.518864    11.802    11.776  5 53915.57709517 40.123
 50 117.233810  30.517844    12.446    12.804  5 53950.57710333 23.069
 51 117.239055  30.540717    10.087    11.386  4 53985.57704355 21.687
 52 117.236450  30.533712    11.907    12.091  6 54020.57708152 16.686
 53 117.241144  30.551310    11.940    12.472  6 54055.57707572 18.513
 54 117.239937  30.540628    11.760    11.643  3 54090.57706055 20.398
 55 117.236237  30.531546     4.411     4.378  5 54125.57698798 32.497
 56 117.237053  30.535165    14.209    14.476  5 54160.57702721 18.663
 57 117.236432  30.531661     6.605     6.635  6 54195.57698949 33.591
 58 117.237062  30.535567    12.587    12.629  5 54230.57704013 16.661
 59 117.237006  30.538882    12.764    12.696  4 54265.57705846 19.788
 60 117.238404  30.538237    12.335    12.272  5 54300.57706257 27.105
 61 117.239026  30.539115    12.318    12.170  5 54335.57705138 26.596
 63 117.238044  30.536230    12.462    12.510  5 54405.57699518 20.177
 64 117.236130  30.528359     8.733    10.014  5 54440.57695139 22.581
 65 117.238247  30.537748    11.784    11.703  5 54475.57698277 19.120
 66 117.236209  30.532152     5.754     4.807  5 54510.57696699 31.833
 67 117.238478  30.537621    12.403    12.698  5 54545.57699704 20.613
 68 117.237800  30.539042     9.531     9.546  5 54580.57696415 25.882
 69 117.238201  30.539157    12.678    12.884  6 54615.57698691 21.292
 70 117.236346  30.532472    11.261    11.272  6 54650.57699787 35.437
 71 117.238250  30.539078    12.096    12.046  6 54685.57699264 23.023
 72 117.236567  30.531123    12.861    12.731  6 54720.57694235 26.481
 73 117.237347  30.535733     9.729     9.736  6 54755.57696623 27.895
 74 117.235254  30.528689    10.721    10.702  5 54790.57693489 32.397
 75 117.237025  30.535758    15.276    14.659  6 54825.57696273 18.464
 76 117.236329  30.533523     4.431     4.406  6 54860.57692952 34.061
 77 117.237280  30.536523    13.713    13.667  5 54895.57696360 22.815
 78 117.236035  30.527714     6.548     6.495  5 54930.57692640 39.436
 79 117.236929  30.536047    10.094    10.223  6 54965.57696455 26.081
 80 117.235996  30.531520    10.488    10.425  5 55000.57698360 36.515
 81 117.237943  30.537239    11.900    11.803  5 55035.57697007 20.460
 82 117.238750  30.539486    12.109    12.090  6 55070.57696017 22.106
 83 117.235837  30.527242     8.226     8.236  5 55105.57690021 31.379
 84 117.237769  30.536097     7.344     7.601  6 55140.57690790 23.054
 86 117.237380  30.534861     6.425     4.107  6 55210.57690292 30.016
 87 117.236236  30.531964     5.620     5.688  5 55245.57687426 30.250
 88 117.237982  30.536447    14.444    14.024  5 55280.57689679 22.756
 89 117.236579  30.534915    12.575    12.568  6 55315.57686320 33.876
 90 117.238360  30.537986    12.589    12.560  5 55350.57686891 21.001
 92 117.237447  30.538926    14.058    13.936  5 55420.57688751 30.166
 93 117.239024  30.540720    13.149    13.247  5 55455.57686415 22.445
 94 117.241018  30.546682    13.150    13.164  6 55490.57678288 25.200
