# NaN NaN NaN ;Mean Elev.(m), Avg Gradient(m/km), RMS Gradient(m/km) - SRTM1     
#   34.921  -3.413  12.959 ;Mean Elev.(m), Avg Gradient(m/km), RMS Gradient(m/km) - ASTER GDEM
#   19.708  -3.728  13.872 ;Mean Elev.(m), Avg Gradient(m/km), RMS Gradient(m/km) - GMTED2010 
  6    29.231 52419.58878177 26.92 113.199794  29.505668 13.576
  6    29.104 52419.58878242 24.69 113.198904  29.508958 13.576
  6    28.634 52419.58878306 23.73 113.198024  29.512248 13.576
  6    28.697 52419.58878371 23.71 113.197134  29.515538 13.576
  6    28.703 52419.58878435 23.73 113.196254  29.518818 13.576
  6    28.703 52419.58878499 23.80 113.195374  29.522108 13.576
  6    28.737 52419.58878564 23.51 113.194491  29.525398 33.173
  6    28.909 52419.58878628 23.90 113.193601  29.528688 33.173
  7    30.619 52454.58880685 30.56 113.200654  29.506972 20.001
  7    30.425 52454.58880750 25.09 113.199774  29.510252 20.001
  7    30.098 52454.58880814 23.82 113.198884  29.513542 20.001
  7    29.910 52454.58880879 24.14 113.198004  29.516832 20.001
  7    29.855 52454.58880943 24.57 113.197124  29.520122 20.001
  7    30.077 52454.58881007 22.98 113.196234  29.523402 20.001
  7    29.960 52454.58881072 25.01 113.195354  29.526692 20.001
  7    30.306 52454.58881136 27.98 113.194474  29.529982 20.001
  9    28.769 52524.58876168 25.91 113.205447  29.514562 23.093
  9    28.133 52524.58876232 18.38 113.204567  29.517842 23.093
  9    26.500 52524.58876297 21.75 113.203687  29.521132 23.093
  9    27.463 52524.58876361 20.56 113.202797  29.524422 23.093
  9    28.111 52524.58876426 20.17 113.201917  29.527712 23.093
  9    28.212 52524.58876490 22.74 113.201037  29.530992 23.093
  9    28.552 52524.58876555 22.74 113.200147  29.534282 23.093
  9    28.460 52524.58876619 35.08 113.199267  29.537572 23.093
 10    25.658 52559.58880972 23.47 113.200412  29.507393 20.614
 10    25.788 52559.58881036 18.09 113.199522  29.510673 20.614
 10    27.046 52559.58881101 18.26 113.198642  29.513963 20.614
 10    27.489 52559.58881165 17.19 113.197762  29.517253 20.614
 10    26.856 52559.58881230 18.91 113.196872  29.520543 20.614
 10    27.308 52559.58881294 18.17 113.195992  29.523823 20.614
 10    27.706 52559.58881359 18.68 113.195102  29.527113 20.614
 10    27.753 52559.58881423 23.84 113.194222  29.530403 20.614
 11    27.422 52594.58881401 23.20 113.198938  29.505889 12.819
 11    28.620 52594.58881465 21.04 113.198058  29.509179 12.819
 11    27.861 52594.58881530 21.95 113.197178  29.512459 12.819
 11    26.209 52594.58881594 21.16 113.196288  29.515749 12.819
 11    27.195 52594.58881659 20.84 113.195408  29.519039 12.819
 11    27.079 52594.58881723 21.33 113.194528  29.522329 12.819
 11    27.771 52594.58881788 20.71 113.193638  29.525609 12.819
 11    27.899 52594.58881852 24.94 113.192758  29.528899 12.819
 12    27.396 52629.58874525 24.87 113.203976  29.513404 17.902
 12    27.471 52629.58874589 22.31 113.203086  29.516694 17.902
 12    27.122 52629.58874654 21.16 113.202206  29.519974 17.902
 12    26.989 52629.58874718 18.85 113.201326  29.523264 17.902
 12    27.252 52629.58874783 20.04 113.200436  29.526554 17.902
 12    27.468 52629.58874847 22.65 113.199556  29.529844 17.902
 12    28.411 52629.58874912 23.16 113.198666  29.533124 17.902
 13    27.520 52664.58877640 23.39 113.202338  29.510128  7.956
 13    28.023 52664.58877704 21.63 113.201448  29.513418  7.956
 13    26.488 52664.58877769 23.20 113.200568  29.516708  7.956
 13    26.523 52664.58877833 22.41 113.199688  29.519988  7.956
 13    26.685 52664.58877898 21.28 113.198798  29.523278  7.956
 13    27.530 52664.58877962 20.64 113.197918  29.526568  7.956
 13    27.525 52664.58878027 21.57 113.197038  29.529858  7.956
 13    28.794 52664.58878091 22.43 113.196148  29.533138  7.956
 14    27.330 52699.58875080 30.64 113.205073  29.512778 18.658
 14    27.659 52699.58875145 21.33 113.204193  29.516068 18.658
 14    27.413 52699.58875209 22.45 113.203303  29.519348 18.658
 14    27.147 52699.58875274 21.54 113.202423  29.522638 18.658
 14    26.894 52699.58875338 20.89 113.201543  29.525928 18.658
 14    27.150 52699.58875403 21.66 113.200653  29.529218 18.658
 14    27.833 52699.58875467 21.57 113.199773  29.532498 18.658
 14    27.670 52699.58875532 24.61 113.198883  29.535788 18.658
 15    27.975 52734.58878027 30.26 113.208782  29.518721 13.121
 15    21.321 52734.58878092 31.23 113.207892  29.522011 13.121
 15    21.207 52734.58878156 33.67 113.207012  29.525301 13.121
 15    21.387 52734.58878220 34.31 113.206132  29.528591 13.121
 15    21.273 52734.58878285 34.81 113.205252  29.531871 13.121
 15    21.648 52734.58878349 35.34 113.204362  29.535161 13.121
 15    21.549 52734.58878414 35.92 113.203482  29.538451 13.121
 16    27.144 52769.58877240 29.68 113.205181  29.513212 17.908
 16    26.622 52769.58877304 29.13 113.204301  29.516492 17.908
 16    25.426 52769.58877369 29.15 113.203421  29.519782 17.908
 16    25.297 52769.58877433 30.26 113.202531  29.523072 17.908
 16    25.209 52769.58877498 30.28 113.201651  29.526362 17.908
 16    25.390 52769.58877562 30.20 113.200771  29.529642 17.908
 16    25.598 52769.58877627 29.19 113.199891  29.532932 17.908
 16    26.666 52769.58877691 30.14 113.199001  29.536222 17.908
 17    25.594 52804.58880290 28.41 113.200348  29.506385 19.137
 17    25.336 52804.58880355 27.76 113.199468  29.509675 19.137
 17    25.610 52804.58880419 27.02 113.198578  29.512955 19.137
 17    26.051 52804.58880484 26.02 113.197698  29.516245 19.137
 17    26.147 52804.58880548 26.48 113.196818  29.519535 19.137
 17    26.302 52804.58880613 26.80 113.195928  29.522825 19.137
 17    26.321 52804.58880677 26.79 113.195048  29.526105 19.137
 17    26.318 52804.58880742 28.09 113.194158  29.529395 19.137
 19    29.273 52874.58890485 25.19 113.202827  29.510447 21.987
 19    27.319 52874.58890550 25.63 113.201947  29.513737 21.987
 19    27.031 52874.58890872 24.54 113.197527  29.530167 21.987
 19    27.131 52874.58890937 24.88 113.196637  29.533457 21.987
 20    33.503 52909.58888115 21.36 113.208608  29.519283 13.444
 20    31.894 52909.58888179 21.28 113.207728  29.522573 13.444
 20    27.246 52909.58888244 22.23 113.206848  29.525863 13.444
 20    27.401 52909.58888308 19.37 113.205958  29.529143 13.444
 20    27.405 52909.58888373 19.49 113.205078  29.532433 13.444
 20    27.566 52909.58888437 19.36 113.204200  29.535723 16.282
 20    27.562 52909.58888502 21.90 113.203310  29.539013 16.282
 22    27.176 52979.58886901 23.52 113.202737  29.512564 19.324
 22    26.901 52979.58886966 21.60 113.201847  29.515844 19.324
 22    26.111 52979.58887030 23.78 113.200967  29.519134 19.324
 22    20.137 52979.58887095 28.64 113.200087  29.522424 19.324
 22    19.936 52979.58887159 33.67 113.199197  29.525714 19.324
 22    20.551 52979.58887224 38.72 113.198317  29.528994 19.324
 22    20.582 52979.58887288 33.50 113.197427  29.532284 19.324
 23    26.937 53014.58886649 24.97 113.202835  29.512150 16.295
 23    27.690 53014.58886713 21.18 113.201955  29.515440 16.295
 23    26.650 53014.58886778 21.97 113.201075  29.518720 16.295
 23    19.554 53014.58886842 27.17 113.200195  29.522010 16.295
 23    19.346 53014.58886907 33.37 113.199305  29.525300 16.295
 23    19.275 53014.58886971 35.09 113.198425  29.528590 16.295
 23    19.302 53014.58887036 31.64 113.197545  29.531870 16.295
 24    20.859 53049.58884229 36.66 113.197925  29.525776 15.266
 24    18.633 53049.58884293 33.03 113.197045  29.529066 15.266
 24    18.414 53049.58884358 36.63 113.196155  29.532356 15.266
 26    25.264 53119.58884499 22.48 113.199367  29.508529 20.010
 26    21.005 53119.58884563 24.59 113.198477  29.511819 20.010
 26    21.501 53119.58884628 25.80 113.197597  29.515109 20.010
 26    21.390 53119.58884692 29.50 113.196707  29.518389 20.010
 26    21.280 53119.58884757 32.53 113.195827  29.521679 20.010
 26    21.331 53119.58884821 34.39 113.194947  29.524969 20.010
 26    21.325 53119.58884886 45.59 113.194057  29.528259 20.010
 27    26.594 53154.58889795 20.88 113.196631  29.511241 12.813
 27    26.860 53154.58889860 19.42 113.195741  29.514531 12.813
 27    26.955 53154.58889924 19.87 113.194861  29.517821 12.813
 27    27.278 53154.58889989 21.02 113.193981  29.521111 12.813
 27    27.719 53154.58890053 21.37 113.193091  29.524391 12.813
 27    26.814 53154.58890117 26.72 113.192211  29.527681 12.813
 29    27.775 53224.58890014 24.91 113.206279  29.515464 19.492
 29    27.646 53224.58890079 22.60 113.205399  29.518754 19.492
 29    27.560 53224.58890143 22.34 113.204509  29.522044 19.492
 29    27.491 53224.58890208 22.58 113.203629  29.525334 19.492
 29    27.518 53224.58890272 24.03 113.202749  29.528614 19.492
 29    27.769 53224.58890336 21.83 113.201859  29.531904 19.492
 29    27.950 53224.58890401 23.38 113.200979  29.535194 19.492
 30    29.629 53259.58887609 19.10 113.200097  29.520307 19.546
 30    29.567 53259.58887674 18.84 113.199207  29.523597 19.546
 30    29.775 53259.58887738 20.45 113.198327  29.526887 19.546
 30    30.201 53259.58887803 20.92 113.197447  29.530167 19.546
 30    30.747 53259.58887867 25.51 113.196557  29.533457 19.546
 33    28.450 53364.58882553 22.17 113.208104  29.517938 21.660
 33    26.078 53364.58882617 20.78 113.207224  29.521218 21.660
 33    25.264 53364.58882682 22.90 113.206334  29.524508 21.660
 33    19.421 53364.58882746 25.51 113.205454  29.527798 21.660
 33    19.494 53364.58882811 30.11 113.204574  29.531088 21.660
 33    19.743 53364.58882875 34.84 113.203684  29.534368 21.660
 33    20.142 53364.58882940 33.14 113.202804  29.537658 21.660
 34    26.446 53399.58884836 23.92 113.201907  29.508958 10.810
 34    24.543 53399.58884900 22.69 113.201027  29.512248 10.810
 34    27.720 53399.58884965 19.65 113.200147  29.515528 10.810
 34    26.227 53399.58885029 20.85 113.199257  29.518818 10.810
 34    25.934 53399.58885094 20.66 113.198377  29.522108 10.810
 34    25.682 53399.58885158 21.52 113.197487  29.525398 10.810
 34    26.058 53399.58885223 21.93 113.196607  29.528678 10.810
 34    26.780 53399.58885287 21.72 113.195727  29.531968 10.810
 35    27.128 53434.58884017 24.36 113.206416  29.518220 20.280
 35    25.733 53434.58884081 24.10 113.205526  29.521510 20.280
 35    20.949 53434.58884146 25.42 113.204646  29.524800 20.280
 35    21.265 53434.58884210 26.83 113.203766  29.528090 20.280
 35    21.469 53434.58884275 32.19 113.202876  29.531370 20.280
 35    21.797 53434.58884339 39.97 113.201996  29.534660 20.280
 35    21.358 53434.58884404 48.34 113.201109  29.537950 32.154
 36    26.927 53469.58888291 20.56 113.198950  29.512524 10.598
 36    27.096 53469.58888355 18.93 113.198070  29.515814 10.598
 36    27.203 53469.58888420 18.05 113.197180  29.519104 10.598
 36    27.327 53469.58888484 18.95 113.196300  29.522384 10.598
 36    28.033 53469.58888549 17.73 113.195420  29.525674 10.598
 36    28.132 53469.58888613 18.70 113.194534  29.528962 28.281
 37    25.612 53504.58892461 21.62 113.200124  29.508656 11.781
 37    26.175 53504.58892525 19.29 113.199244  29.511946 11.781
 37    26.478 53504.58892590 16.63 113.198364  29.515226 11.781
 37    26.333 53504.58892654 17.08 113.197474  29.518516 11.781
 37    26.804 53504.58892719 17.16 113.196594  29.521806 11.781
 37    27.339 53504.58892783 17.03 113.195714  29.525096 11.781
 37    27.357 53504.58892848 18.99 113.194824  29.528376 11.781
 39    27.831 53574.58891989 24.82 113.202306  29.509689 19.468
 39    28.464 53574.58892053 23.58 113.201416  29.512979 19.468
 40    29.501 53609.58887425 17.94 113.200377  29.530972 12.162
 40    29.486 53609.58887489 19.43 113.199497  29.534262 12.162
 43    27.871 53714.58882178 17.95 113.205358  29.527529 12.874
 43    26.366 53714.58882242 18.37 113.204478  29.530819 12.874
 43    26.941 53714.58882307 18.69 113.203588  29.534099 12.874
 43    27.634 53714.58882371 18.70 113.202708  29.537389 12.874
 44    19.479 53749.58873805 30.40 113.199990  29.530498 21.542
 44    19.213 53749.58873870 35.24 113.199100  29.533788 21.542
 45    27.361 53784.58876602 29.02 113.206778  29.518005 20.555
 45    23.875 53784.58876667 26.85 113.205888  29.521295 20.555
 45    25.372 53784.58876731 22.81 113.205008  29.524585 20.555
 45    25.303 53784.58876796 25.08 113.204128  29.527875 20.555
 45    19.295 53784.58876860 28.28 113.203238  29.531155 20.555
 45    19.232 53784.58876925 36.06 113.202358  29.534445 20.555
 45    19.194 53784.58876989 39.28 113.201468  29.537734 28.757
 46    28.715 53819.58872665 23.87 113.209185  29.519963 18.277
 46    26.898 53819.58872729 24.18 113.208305  29.523243 18.277
 46    25.879 53819.58872794 23.06 113.207425  29.526533 18.277
 46    24.321 53819.58872858 22.30 113.206535  29.529823 18.277
 46    23.900 53819.58872923 22.96 113.205655  29.533113 18.277
 46    24.929 53819.58872987 22.81 113.204775  29.536393 18.277
 46    26.555 53819.58873052 23.79 113.203885  29.539683 18.277
 47    28.496 53854.58880934 16.89 113.194518  29.522807 11.609
 47    28.226 53854.58880999 17.45 113.193628  29.526087 11.609
 47    28.381 53854.58881063 19.59 113.192748  29.529377 11.609
 49    26.747 53924.58888215 25.84 113.193684  29.508007 17.698
 49    26.986 53924.58888279 25.11 113.192804  29.511287 17.698
 49    27.139 53924.58888344 25.04 113.191924  29.514577 17.698
 49    26.960 53924.58888408 25.37 113.191034  29.517867 17.698
 49    27.362 53924.58888473 24.91 113.190154  29.521157 17.698
 49    27.748 53924.58888537 27.12 113.189264  29.524437 17.698
 50    26.427 53959.58887376 19.02 113.196321  29.518125 16.852
 50    27.440 53959.58887440 19.51 113.195441  29.521415 16.852
 50    27.640 53959.58887505 19.94 113.194551  29.524705 16.852
 50    27.969 53959.58887569 20.03 113.193671  29.527995 16.852
 51    24.065 53994.58880903 27.80 113.196426  29.529767 14.775
 51    25.612 53994.58880967 27.94 113.195546  29.533047 14.775
 52    28.896 54029.58886355 17.04 113.202909  29.512800 18.660
 52    28.681 54029.58886419 14.58 113.202029  29.516080 18.660
 52    27.481 54029.58886484 15.57 113.201149  29.519370 18.660
 52    26.008 54029.58886548 17.84 113.200259  29.522660 18.660
 52    25.745 54029.58886613 16.61 113.199379  29.525950 18.660
 52    25.691 54029.58886677 17.77 113.198489  29.529230 18.660
 52    26.535 54029.58886741 17.41 113.197609  29.532520 18.660
 53    27.735 54064.58885772 22.83 113.206595  29.517387 19.611
 53    26.252 54064.58885837 20.67 113.205715  29.520667 19.611
 53    25.105 54064.58885901 22.93 113.204835  29.523957 19.611
 53    19.900 54064.58885966 26.77 113.203945  29.527247 19.611
 53    19.889 54064.58886030 30.70 113.203065  29.530537 19.611
 53    19.831 54064.58886094 32.63 113.202175  29.533817 19.611
 53    19.835 54064.58886159 34.77 113.201295  29.537107 19.611
 54    27.028 54099.58882321 22.26 113.205083  29.515973 18.010
 54    26.773 54099.58882385 20.24 113.204193  29.519263 18.010
 54    25.744 54099.58882450 21.34 113.203313  29.522543 18.010
 54    19.936 54099.58882514 23.05 113.202433  29.525833 18.010
 54    19.610 54099.58882579 25.94 113.201543  29.529123 18.010
 54    19.440 54099.58882643 30.30 113.200663  29.532413 18.010
 54    20.297 54099.58882708 27.39 113.199783  29.535693 18.010
 57    26.844 54204.58878666 19.37 113.199514  29.514946 12.583
 57    21.764 54204.58878731 21.50 113.198634  29.518236 12.583
 57    22.403 54204.58878795 22.77 113.197749  29.521524 26.077
 57    22.283 54204.58878860 28.58 113.196859  29.524814 26.077
 57    22.021 54204.58878924 31.44 113.195979  29.528094 26.077
 57    21.661 54204.58878988 28.44 113.195099  29.531384 26.077
 58    27.213 54239.58882091 23.24 113.203651  29.513305 16.299
 58    21.775 54239.58882478 35.97 113.198351  29.533025 19.903
 62    45.821 54379.58877772 18.26 113.198110  29.526852 12.629
 62    27.851 54379.58877837 20.80 113.197220  29.530142 12.629
 62    27.758 54379.58877901 24.70 113.196343  29.533431 30.524
 63    28.506 54414.58876451 16.37 113.203155  29.517847 20.643
 63    27.534 54414.58876515 18.36 113.202265  29.521137 20.643
 63    25.538 54414.58876580 20.39 113.201385  29.524427 20.643
 63    24.681 54414.58876644 23.01 113.200505  29.527717 20.643
 63    25.661 54414.58876709 24.35 113.199615  29.530997 20.643
 63    23.229 54414.58876773 25.99 113.198735  29.534287 20.643
 65    27.138 54484.58875879 18.16 113.204290  29.516101 21.293
 65    26.920 54484.58875944 19.25 113.203400  29.519391 21.293
 65    19.149 54484.58876008 24.18 113.202520  29.522681 21.293
 65    19.105 54484.58876073 27.65 113.201640  29.525971 21.293
 65    19.181 54484.58876137 41.18 113.200750  29.529251 21.293
 65    19.622 54484.58876202 30.15 113.199870  29.532541 21.293
 65    18.964 54484.58876266 33.10 113.198990  29.535831 21.293
 66    26.344 54519.58875522 22.72 113.203386  29.510737 18.430
 66    26.347 54519.58875587 24.84 113.202506  29.514027 18.430
 66    19.224 54519.58875651 25.88 113.201616  29.517317 18.430
 66    18.932 54519.58875716 27.91 113.200736  29.520597 18.430
 66    19.149 54519.58875780 27.38 113.199856  29.523887 18.430
 66    19.292 54519.58875845 29.10 113.198971  29.527175 28.964
 66    18.980 54519.58875909 30.74 113.198081  29.530465 28.964
 66    19.019 54519.58875974 45.36 113.197201  29.533745 28.964
 67    27.591 54554.58877043 21.20 113.204489  29.516516 12.571
 67    27.030 54554.58877108 21.03 113.203599  29.519806 12.571
 67    27.008 54554.58877172 19.89 113.202719  29.523096 12.571
 67    26.742 54554.58877237 20.20 113.201839  29.526386 12.571
 67    25.852 54554.58877301 22.61 113.200949  29.529666 12.571
 67    25.347 54554.58877366 25.74 113.200069  29.532956 12.571
 67    25.820 54554.58877430 26.84 113.199182  29.536246 26.531
 68    28.750 54589.58875144 22.16 113.202935  29.510119 12.704
 68    28.298 54589.58875208 19.88 113.202055  29.513409 12.704
 68    27.158 54589.58875273 20.66 113.201175  29.516699 12.704
 68    28.117 54589.58875337 19.54 113.200285  29.519979 12.704
 68    27.402 54589.58875402 20.46 113.199405  29.523269 12.704
 68    27.333 54589.58875466 21.72 113.198523  29.526559 25.026
 68    27.204 54589.58875531 25.37 113.197633  29.529849 25.026
 68    26.834 54589.58875595 27.95 113.196753  29.533129 25.026
 69    26.696 54624.58877082 18.83 113.201147  29.523148 15.750
 69    26.159 54624.58877147 19.19 113.200267  29.526438 15.750
 69    26.921 54624.58877211 19.97 113.199387  29.529729 34.762
 69    26.742 54624.58877276 21.12 113.198497  29.533019 34.762
 73    22.761 54764.58873755 33.93 113.199503  29.527216 21.761
 73    22.420 54764.58873820 37.85 113.198613  29.530496 21.761
 73    23.659 54764.58873884 36.92 113.197733  29.533786 21.761
 74    25.061 54799.58872471 25.01 113.200646  29.510221 16.001
 74    23.398 54799.58872536 25.33 113.199766  29.513511 16.001
 74    23.379 54799.58872600 26.63 113.198876  29.516791 16.001
 74    23.531 54799.58872665 26.70 113.197996  29.520081 16.001
 74    23.446 54799.58872729 29.15 113.197116  29.523371 16.001
 74    23.465 54799.58872794 29.50 113.196229  29.526658 28.486
 74    23.362 54799.58872858 33.30 113.195339  29.529948 28.486
 75    36.536 54834.58872767 25.74 113.201265  29.521401 19.303
 75    21.524 54834.58872831 34.30 113.200385  29.524691 19.303
 75    21.476 54834.58872896 34.38 113.199495  29.527971 19.303
 75    22.730 54834.58872960 26.15 113.198615  29.531261 19.303
 75    25.546 54834.58873025 23.58 113.197725  29.534551 28.945
 76    19.734 54869.58872344 26.12 113.200010  29.517977 13.000
 76    19.711 54869.58872408 31.31 113.199130  29.521267 13.000
 76    21.248 54869.58872473 33.15 113.198243  29.524557 28.670
 76    20.924 54869.58872537 29.91 113.197353  29.527847 28.670
 76    25.709 54869.58872602 25.01 113.196473  29.531127 28.670
 77    24.947 54904.58873677 24.76 113.201148  29.523537 18.586
 77    24.395 54904.58873741 28.20 113.200268  29.526817 18.586
 77    24.466 54904.58873806 34.53 113.199378  29.530107 18.586
 77    24.412 54904.58873870 37.56 113.198498  29.533397 18.586
 78    30.796 54939.58871336 21.86 113.202431  29.510170 22.314
 78    24.053 54939.58871401 23.19 113.201551  29.513460 22.314
 78    25.032 54939.58871465 24.19 113.200661  29.516740 22.314
 78    25.778 54939.58871530 23.37 113.199781  29.520030 22.314
 78    24.664 54939.58871594 26.14 113.198901  29.523320 22.314
 81    26.536 55044.58874734 23.19 113.203600  29.512541 22.054
 81    27.465 55044.58874798 18.68 113.202710  29.515831 22.054
 81    27.217 55044.58874863 19.26 113.201830  29.519121 22.054
 81    27.278 55044.58874927 19.11 113.200950  29.522411 22.054
 81    27.258 55044.58874992 20.52 113.200060  29.525691 22.054
 81    27.427 55044.58875056 23.66 113.199180  29.528981 22.054
 81    27.615 55044.58875121 23.24 113.198298  29.532270 34.077
 81    27.777 55044.58875185 26.72 113.197408  29.535560 34.077
 82    26.737 55079.58872425 22.62 113.204973  29.516676 19.954
 82    26.932 55079.58872489 19.50 113.204093  29.519956 19.954
 82    26.888 55079.58872554 21.66 113.203203  29.523246 19.954
 82    26.910 55079.58872618 23.05 113.202323  29.526536 19.954
 82    27.026 55079.58872682 21.93 113.201443  29.529826 19.954
 82    27.307 55079.58872747 23.04 113.200553  29.533106 19.954
 82    27.362 55079.58872811 27.01 113.199673  29.536396 19.954
 84    21.361 55149.58868182 25.92 113.199090  29.526117 15.132
 84    31.214 55149.58868246 24.97 113.198200  29.529397 15.132
 84    26.276 55149.58868311 23.86 113.197320  29.532687 15.132
 85    23.365 55184.58866301 23.40 113.200700  29.512190 14.001
 85    19.240 55184.58866623 30.07 113.196274  29.528628 31.342
 85    19.233 55184.58866688 45.85 113.195394  29.531918 31.342
 86    26.876 55219.58867723 21.62 113.203592  29.512382 18.623
 86    27.927 55219.58867788 20.68 113.202712  29.515662 18.623
 86    20.852 55219.58867852 21.28 113.201822  29.518952 18.623
 86    25.485 55219.58867917 21.73 113.200942  29.522242 18.623
 86    21.185 55219.58867981 24.22 113.200062  29.525532 18.623
 86    25.395 55219.58868045 20.57 113.199172  29.528812 18.623
 86    24.477 55219.58868110 22.23 113.198292  29.532102 18.623
 86    25.088 55219.58868174 23.63 113.197412  29.535392 27.657
 87    27.096 55254.58865878 23.16 113.203017  29.512867 19.707
 87    19.069 55254.58866200 29.05 113.198593  29.529305 24.088
 87    19.247 55254.58866265 39.54 113.197713  29.532595 24.088
 90    27.454 55359.58864382 23.14 113.203150  29.513743 16.996
 90    27.674 55359.58864446 24.03 113.202260  29.517033 16.996
 90    27.909 55359.58864511 21.44 113.201380  29.520323 16.996
 90    28.026 55359.58864575 21.80 113.200500  29.523613 16.996
 90    27.949 55359.58864640 21.79 113.199610  29.526893 16.996
 90    27.912 55359.58864704 23.94 113.198730  29.530183 16.996
 90    28.172 55359.58864769 24.91 113.197850  29.533473 33.146
 93    27.298 55464.58862257 22.58 113.206908  29.518138 19.253
 93    27.175 55464.58862322 18.98 113.206028  29.521418 19.253
 93    26.632 55464.58862386 20.60 113.205138  29.524708 19.253
 93    26.829 55464.58862451 19.60 113.204258  29.527998 19.253
 93    27.119 55464.58862515 18.63 113.203378  29.531288 19.253
 93    27.137 55464.58862580 20.65 113.202488  29.534568 19.253
 93    27.968 55464.58862644 21.52 113.201608  29.537858 19.253
