# NaN NaN NaN ;Mean Elev.(m), Avg Gradient(m/km), RMS Gradient(m/km) - SRTM1     
#  133.247 -50.368  87.311 ;Mean Elev.(m), Avg Gradient(m/km), RMS Gradient(m/km) - ASTER GDEM
#  134.149 -50.323  86.328 ;Mean Elev.(m), Avg Gradient(m/km), RMS Gradient(m/km) - GMTED2010 
  7 107.974763  30.206069   121.995   121.970  3 52447.60292910 19.488
  9 107.989693  30.210964   162.565   134.075  3 52517.60287477 35.037
 10 107.976981  30.206139   131.841   131.563  3 52552.60292347 31.370
 11 107.988849  30.211814   470.991   470.991  2 52587.60290240  2.112
 12 107.986850  30.213182   131.529   131.529  2 52622.60286468 34.850
 13 107.987327  30.209419   131.407   130.744  4 52657.60287472 30.874
 16 107.978694  30.209383   475.665   475.431  3 52762.60291291  2.688
 17 107.987829  30.210476   465.277   470.931  3 52797.60287862  4.115
 19 107.991709  30.208735   147.224   146.747  3 52867.60299229 17.143
 20 107.986074  30.206815   155.064   152.053  3 52902.60301106 16.598
 22 107.981682  30.209758   473.689   473.213  3 52972.60298151  3.261
 24 107.979076  30.208463   470.471   470.471  2 53042.60294715  1.156
 26 107.976349  30.207011   213.241   189.792  4 53112.60295030 17.005
 27 107.980720  30.208084   150.759   142.481  4 53147.60299476 23.916
 28 107.990025  30.209497   146.181   146.454  4 53182.60299626 21.207
 30 107.985052  30.207117   150.680   143.148  3 53252.60299762 16.043
 31 107.976229  30.205122   161.340   145.477  3 53287.60299632 18.423
 32 107.992178  30.209912   361.657   335.976  4 53322.60297270 10.005
 33 107.993265  30.209712   157.431   146.753  4 53357.60293843 18.814
 34 107.980516  30.210097   470.121   470.121  2 53392.60295387  2.305
 35 107.990593  30.210849   456.165   454.948  3 53427.60294868  1.192
 36 107.985105  30.210614   462.470   464.346  3 53462.60296558  3.648
 37 107.977240  30.207560   474.173   473.209  3 53497.60303852  3.116
 38 107.989761  30.208936   223.371   224.344  3 53532.60301962 13.800
 40 107.989631  30.209463   147.677   148.102  3 53602.60298484 22.674
 41 107.978792  30.209277   473.329   474.370  3 53637.60298306  2.375
 43 107.993269  30.211697   473.637   473.095  3 53707.60293524  2.028
 44 107.993414  30.212279   468.630   468.630  2 53742.60284690  1.733
 45 107.989294  30.210642   456.327   456.327  2 53777.60287254  1.783
 46 107.992105  30.210758   467.573   470.649  3 53812.60284895  2.203
 47 107.979409  30.209682   476.280   475.890  3 53847.60290305  3.192
 49 107.977624  30.207422   141.352   141.284  4 53917.60298488 23.765
 50 107.977440  30.205919   139.853   139.804  4 53952.60298869 27.457
 52 107.983604  30.208556   157.423   157.500  4 54022.60296788 20.073
 53 107.991955  30.210760   163.279   162.850  3 54057.60295997 15.935
 55 107.982162  30.211932   450.985   450.985  2 54127.60287804  2.934
 56 107.984240  30.211863   469.646   469.646  2 54162.60291148  1.705
 57 107.983733  30.207121   159.083   159.044  4 54197.60287914 21.090
 58 107.985224  30.208510   169.567   158.975  4 54232.60292439 20.383
 59 107.985406  30.212038   433.874   433.874  2 54267.60294365  5.779
 61 107.987860  30.208086   148.681   148.942  4 54337.60293276 26.740
 63 107.985093  30.210837   470.637   471.092  3 54407.60287849  3.338
 64 107.982942  30.207910   165.617   163.747  4 54442.60283963 23.074
 65 107.986595  30.209743   223.329   223.346  4 54477.60286714 13.025
 66 107.983887  30.207443   158.919   154.952  3 54512.60285478 20.135
 67 107.986928  30.209144   464.130   466.532  3 54547.60288089  4.007
 68 107.986729  30.207391   266.744   237.472  3 54582.60285077 14.517
 69 107.986362  30.208406   162.448   151.956  4 54617.60287165 23.249
 71 107.986769  30.209080   150.866   150.862  4 54687.60287408 24.120
 72 107.983617  30.207686   435.868   434.489  3 54722.60283077  3.812
 73 107.985289  30.209830   471.081   471.081  2 54757.60284946  1.452
 74 107.981544  30.207061   175.175   175.060  3 54792.60282357 22.362
 75 107.984894  30.209957   457.748   457.748  2 54827.60284754  2.888
 76 107.983739  30.208957   454.721   454.721  2 54862.60281820  1.886
 77 107.985252  30.209066   166.516   166.627  4 54897.60284716 19.936
 81 107.987079  30.208175   151.760   148.601  4 55037.60285460 17.395
 82 107.987424  30.207946   329.808   330.295  4 55072.60284115  6.695
 84 107.984469  30.212009   470.857   470.857  2 55142.60279243  1.235
 85 107.983192  30.207938   178.408   178.241  4 55177.60275823 16.252
 86 107.985570  30.208546   168.952   169.033  4 55212.60278662 23.456
 87 107.984392  30.208488   164.075   164.151  4 55247.60275982 19.721
 88 107.985011  30.211900   463.501   463.501  2 55282.60278090  2.792
 90 107.986601  30.208008   157.201   157.429  3 55352.60275279 27.410
 93 107.988087  30.209383   164.791   164.695  4 55457.60274392 28.303
