-248367.793   305.583     0.00   67.47
-247994.248   302.362    -8.62   63.70
-247620.686   269.134   -88.93   82.97
-247247.106   235.423   -90.22   70.62
-246873.508   245.930    28.12   83.91
-246499.893   275.680    79.61  101.10
-246126.260   278.457     7.43   96.93
-245752.610   255.354   -61.82  108.40
-245378.942   237.361   -48.14   99.16
-245005.256   268.407    83.06  116.79
-244631.552   319.705   137.24  116.77
-244257.831   343.861    64.62   90.73
-243884.093   344.411     1.47   89.11
-243510.336   335.613   -23.54   75.08
-243136.562   356.842    56.79   72.35
-242762.771   383.657    71.72   67.73
-242388.961   377.384   -16.78   73.26
-242015.134   343.269   -91.24   90.85
-241641.290   283.930  -158.69   87.83
-241267.427   230.948  -141.68   66.79
-240893.547   198.043   -87.99   47.41
-240519.649   183.517   -38.84   40.12
-240145.734   191.157    20.43   60.89
-239771.801   210.657    52.14   82.19
-239397.850   228.680    48.19   95.47
-239023.881   225.452    -8.63   98.86
-238649.895   203.289   -59.25   91.64
-238275.891   177.293   -69.49   68.80
-237901.869   160.935   -43.73   69.58
-237527.830   156.293   -12.41   70.29
-237153.773   158.498     5.89   71.52
-236779.698   168.603    27.01   76.08
-236405.605   174.611    16.06   86.89
-236031.495   176.655     5.46   89.54
-235657.366   160.248   -43.85   59.83
-235283.221   149.248   -29.39   27.01
-234909.057   160.270    29.45   36.66
-234534.875   186.839    70.99   51.26
-234160.676   218.013    83.29   63.27
-233786.459   246.907    77.20   64.36
-233412.224   271.227    64.97   67.48
-233037.972   295.768    65.56   89.16
-232663.702   323.524    74.14  104.23
-232289.414   378.680   147.33  109.93
-231915.108   420.270   111.09  106.42
-231540.784   449.548    78.20   88.07
-231166.442   476.770    72.71   71.61
-230792.083   469.251   -20.08   61.15
-230417.706   495.457    69.99   60.51
-230043.311   519.146    63.26   63.87
-229668.898   514.470   -12.49   65.61
-229294.468   457.361  -152.49  108.24
-228920.019   384.522  -194.49  116.87
-228545.553   322.770  -164.87  100.77
-228171.069   264.633  -155.22   81.05
-227796.567   222.991  -111.17   58.26
-227422.048   193.146   -79.67   39.35
-227047.510   173.377   -52.77   35.35
-226672.954   150.793   -60.28   29.16
-226298.381   139.048   -31.35   21.46
-225923.790   133.657   -14.39   13.60
-225549.181   137.168     9.37   13.57
-225174.554   143.543    17.01   15.16
-224799.909   150.791    19.34   17.12
-224425.247   156.560    15.40   18.46
-224050.566   162.657    16.27   21.33
-223675.867   167.890    13.96   22.06
-223301.151   174.975    18.90   21.28
-222926.417   182.354    19.69   22.29
-222551.665   193.611    30.03   26.30
-222176.895   216.702    61.60   36.10
-221802.107   243.923    72.62   41.97
-221427.301   257.589    36.45   40.27
-221052.477   253.423   -11.11   42.50
-220677.635   231.293   -59.03   48.16
-220302.776   209.975   -56.86   38.05
-219927.898   196.680   -35.46   26.99
-219553.002   192.591   -10.90   25.56
-219178.089   193.728     3.03   26.16
-218803.157   195.066     3.57   22.76
-218428.208   203.115    21.46   29.48
-218053.241   215.493    33.00   36.76
-217678.255   230.884    41.04   36.73
-217303.252   238.540    20.41   33.07
-216928.231   248.457    26.44   38.42
-216553.192   256.280    20.85   39.53
-216178.134   284.316    74.74   52.72
-215803.059   310.731    70.41   58.33
-215427.966   334.111    62.32   69.00
-215052.855   349.293    40.47   67.79
-214677.726   342.633   -17.75   64.75
-214302.579   368.134    67.96   74.54
-213927.413   399.155    82.67   79.33
-213552.230   429.384    80.56   78.93
-213177.029   449.013    52.31   84.84
-212801.810   464.748    41.93   84.86
-212426.572   474.270    25.37   74.41
-212051.317   467.227   -18.77   63.25
-211676.044   472.134    13.07   46.75
-211300.753   485.021    34.33   60.19
-210925.443   524.907   106.25  103.19
-210550.116   577.293   139.55  140.41
-210174.770   632.384   146.75  171.73
-209799.407   668.680    96.68  187.36
-209424.025   706.289   100.17  206.47
-209048.625   713.924    20.33  189.74
-208673.208   730.370    43.80  191.80
-208297.772   720.517   -26.24  164.18
-207922.318   717.998    -6.71  121.81
-207546.846   743.235    67.20  102.38
-207171.356   809.168   175.56  149.57
-206795.848   898.489   237.82  159.38
-206420.321   993.368   252.61  167.01
-206044.777  1048.493   146.76  152.10
-205669.215  1091.566   114.67  137.78
-205293.634  1140.816   131.11  122.00
-204918.035  1209.702   183.37  131.31
-204542.419  1313.839   277.19  143.70
-204166.784  1387.441   195.91   95.87
-203791.131  1386.907    -1.42   85.77
-203415.459  1311.043  -201.90  153.63
-203039.770  1200.225  -294.92  188.47
-202664.063  1080.407  -318.86  171.53
-202288.337  1003.225  -205.38  148.77
-201912.593  1006.134     7.74  155.54
-201536.831  1021.377    40.56  135.70
-201161.051   990.102   -83.21  127.83
-200785.253   912.520  -206.41  132.82
-200409.436   855.680  -151.22  104.42
-200033.602   842.430   -35.25  100.77
-199657.749   853.725    30.05  115.81
-199281.878   895.191   110.30  107.52
-198905.989   910.407    40.47   96.28
-198530.082   896.842   -36.08  103.00
-198154.156   842.793  -143.75  143.63
-197778.212   761.075  -217.33  177.06
-197402.250   680.702  -213.74  161.11
-197026.270   629.114  -137.18  165.64
-196650.272   586.998  -111.99  161.22
-196274.255   508.168  -209.61  156.90
-195898.221   426.005  -218.46  125.45
-195522.168   342.546  -221.89   96.48
-195146.096   291.493  -135.73   60.88
-194770.007   258.066   -88.87   32.67
-194393.899   254.543    -9.36   37.90
-194017.773   258.407    10.27   45.21
-193641.629   260.270     4.95   50.32
-193265.466   241.465   -49.98   62.28
-192889.286   201.027  -107.48   68.13
-192513.086   157.857  -114.73   42.92
-192136.869   136.157   -57.67   16.79
-191760.634   138.275     5.63   19.71
-191384.380   153.075    39.33   29.73
-191008.108   180.816    73.71   38.92
-190631.817   215.132    91.18   58.08
-190255.509   236.810    57.60   49.58
-189879.182   232.089   -12.54   55.63
-189502.836   215.075   -45.20   59.16
-189126.473   185.202   -79.36   36.87
-188750.091   184.387    -2.17   40.34
-188373.690   192.089    20.46   55.28
-187997.272   189.441    -7.03   58.07
-187620.835   175.384   -37.34   55.81
-187244.380   156.680   -49.68   33.77
-186867.906   154.656    -5.37   21.83
-186491.414   154.907     0.67   21.17
-186114.904   160.755    15.53   18.98
-185738.376   160.202    -1.47   18.17
-185361.829   154.935   -13.99   16.15
-184985.263   150.452   -11.90   15.02
-184608.680   145.384   -13.46   14.66
-184232.078   141.436   -10.48   15.94
-183855.457   132.134   -24.69   18.74
-183478.819   121.899   -27.17   19.52
-183102.161   113.225   -23.03   15.82
-182725.486   126.680    35.71   42.73
-182348.792   145.773    50.68   49.95
-181972.080   165.435    52.19   45.59
-181595.349   188.830    62.09   43.21
-181218.600   195.020    16.43   45.50
-180841.832   200.400    14.28   42.83
-180465.047   211.498    29.45   49.19
-180088.242   207.975    -9.35   57.49
-179711.419   210.299     6.17   61.82
-179334.578   213.589     8.73   57.22
-178957.719   215.299     4.54   65.11
-178580.841   222.930    20.24   65.81
-178203.944   231.407    22.49   65.48
-177827.029   240.930    25.26   60.19
-177450.096   261.835    55.45   56.58
-177073.144   291.918    79.79   56.02
-176696.174   336.413   118.02   74.55
-176319.185   369.816    88.59   68.97
-175942.178   371.407     4.22   65.13
-175565.152   347.857   -62.45   77.90
-175188.108   316.089   -84.24   66.00
-174811.045   297.498   -49.30   58.95
-174433.964   299.191     4.49   58.86
-174056.864   319.346    53.44   64.04
-173679.746   346.634    72.35   70.37
-173304.674   371.902    67.36   70.64
-172931.190   415.270   116.10   76.35
-172557.688   473.952   157.09   92.81
-172184.168   520.293   124.05   90.43
-171810.630   524.589    11.50   84.28
-171437.073   506.791   -47.64  100.05
-171063.499   456.293  -135.15  105.02
-170689.906   405.102  -137.00   83.28
-170316.295   357.384  -127.70   62.19
-169942.666   347.702   -25.91   68.36
-169569.019   364.725    45.55   92.93
-169195.353   413.407   130.26  113.45
-168821.670   463.861   135.00   99.47
-168447.968   492.884    77.65   80.27
-168074.248   483.202   -25.90   83.22
-167700.510   464.566   -49.86  100.26
-167326.753   410.884  -143.61  112.21
-166952.979   358.248  -140.80   97.59
-166579.186   329.452   -77.02   75.94
-166205.375   307.202   -59.51   68.47
-165831.546   295.089   -32.40   64.28
-165457.699   292.452    -7.05   63.30
-165083.833   279.520   -34.58   52.96
-164709.949   279.975     1.22   55.80
-164336.047   262.702   -46.19   53.34
-163962.127   247.975   -39.38   40.27
-163588.189   238.566   -25.16   33.40
-163214.232   239.613     2.80   36.94
-162840.257   253.293    36.58   52.76
-162466.264   272.611    51.65   77.76
-162092.252   302.680    80.38   94.19
-161718.222   307.657    13.31   91.91
-161344.174   298.475   -24.54   84.95
-160970.108   293.202   -14.09   78.38
-160596.024   287.435   -15.41   73.85
-160221.921   318.005    81.70  103.49
-159847.800   357.248   104.88   95.25
-159473.660   372.657    41.18   85.73
-159099.503   377.080    11.82   73.61
-158725.327   345.043   -85.61   74.86
-158351.132   318.407   -71.17   64.40
-157976.920   282.702   -95.40   52.87
-157602.689   267.633   -40.26   53.57
-157228.440   240.146   -73.43   49.48
-156854.172   213.725   -70.58   46.05
-156479.886   186.902   -71.65   41.01
-156105.582   159.748   -72.54   34.12
-155731.260   141.748   -48.08   29.82
-155356.919   121.043   -55.30   19.09
-154982.560   111.465   -25.58   16.15
-154608.182   105.180   -16.79   12.71
-154233.786   102.773    -6.43   16.20
-153859.372    95.134   -20.40   15.89
-153484.939    92.066    -8.19   16.11
-153110.488    85.861   -16.57   13.15
-152736.019    82.839    -8.07   14.07
-152361.531    78.965   -10.34   14.69
-151987.025    74.245   -12.60   14.22
-151612.501    69.384   -12.98   14.49
-151237.958    63.998   -14.38   12.45
-150863.397    62.965    -2.76   10.83
-150488.817    64.339     3.67   11.58
-150114.219    71.146    18.17   11.55
-149739.603    77.941    18.14   10.25
-149364.968    87.745    26.16   18.57
-148990.314   102.816    40.22   23.05
-148615.643   112.324    25.37   23.30
-148240.953   115.307     7.96   23.75
-147866.244   109.796   -14.71   23.33
-147491.517    97.907   -31.72   23.38
-147116.772    90.080   -20.88   20.73
-146742.008    81.546   -22.77   18.91
-146367.225    70.749   -28.80   15.23
-145992.425    63.089   -20.44   12.88
-145617.606    54.157   -23.83   10.66
-145242.768    48.070   -16.24    9.57
-144867.912    41.566   -17.35    8.56
-144493.037    36.555   -13.37    5.58
-144118.144    33.946    -6.96    4.17
-143743.232    31.563    -6.36    2.59
-143368.302    30.452    -2.96    1.95
-142993.354    30.043    -1.09    2.31
-142618.387    30.080     0.10    3.64
-142243.401    31.134     2.81    5.07
-141868.397    31.955     2.19    5.82
-141493.375    33.813     4.95    6.99
-141118.334    35.912     5.60    7.55
-140743.274    37.157     3.32    7.20
-140368.196    37.813     1.75    6.34
-139993.099    37.801    -0.03    5.57
-139617.984    39.066     3.37    5.27
-139242.851    40.533     3.91    6.33
-138867.698    43.302     7.38    6.57
-138492.528    46.680     9.00    6.60
-138117.338    48.912     5.95    8.92
-137742.130    47.346    -4.17   13.53
-137366.904    44.180    -8.44   14.15
-136991.659    37.089   -18.89   11.31
-136616.396    31.875   -13.89    8.75
-136241.113    27.884   -10.63    4.75
-135865.813    25.543    -6.24    3.53
-135490.493    23.819    -4.59    2.42
-135115.156    22.880    -2.50    2.13
-134739.799    22.080    -2.13    2.24
-134364.424    21.861    -0.58    2.00
-133989.030    21.447    -1.10    1.74
-133613.618    21.121    -0.87    1.56
-133238.187    20.748    -1.00    1.63
-132862.738    20.331    -1.11    1.74
-132487.270    19.524    -2.15    1.61
-132111.783    18.989    -1.42    1.60
-131736.278    18.657    -0.88    1.44
-131360.754    18.238    -1.12    1.59
-130985.211    17.839    -1.06    1.84
-130609.650    17.257    -1.55    2.06
-130234.070    16.656    -1.60    2.15
-129858.471    16.332    -0.86    1.74
-129482.854    16.132    -0.53    1.66
-129107.218    15.884    -0.66    1.76
-128731.564    15.280    -1.61    2.10
-128355.890    14.593    -1.83    2.28
-127980.198    13.839    -2.01    2.37
-127604.488    13.316    -1.39    2.07
-127228.759    12.810    -1.35    2.11
-126853.011    13.028     0.58    2.11
-126477.244    12.791    -0.63    2.01
-126101.459    12.768    -0.06    2.16
-125725.655    13.136     0.98    1.72
-125349.832    13.191     0.15    1.66
-124973.990    13.346     0.41    1.15
-124598.130    13.346     0.00    1.17
-124222.251    13.613     0.71    1.79
-123846.354    14.111     1.33    2.65
-123470.437    14.635     1.39    3.11
-123094.502    15.020     1.02    3.34
-122718.548    14.724    -0.79    2.74
-122342.576    14.745     0.06    2.86
-121966.585    15.089     0.91    3.11
-121590.574    15.391     0.80    2.57
-121214.546    15.959     1.51    2.78
-120838.498    15.680    -0.74    2.67
-120462.432    16.610     2.47    3.54
-120086.346    17.407     2.12    3.62
-119710.243    18.745     3.56    4.20
-119334.120    20.566     4.84    4.21
-118957.978    22.613     5.44    4.71
-118581.818    24.465     4.92    4.64
-118205.639    26.353     5.02    4.30
-117829.441    28.020     4.43    5.03
-117453.224    29.391     3.64    6.71
-117076.989    30.075     1.82    7.52
-116700.734    27.972    -5.59    8.10
-116324.461    23.657   -11.47    6.19
-115948.169    22.030    -4.32    4.82
-115571.859    23.102     2.85    5.33
-115195.529    23.702     1.60    4.90
-114819.180    21.589    -5.62    5.22
-114442.813    18.907    -7.12    6.14
-114066.427    16.155    -7.31    4.83
-113690.022    14.361    -4.76    2.30
-113313.598    14.394     0.09    2.19
-112937.155    15.368     2.59    2.46
-112560.694    17.324     5.19    3.72
-112184.213    20.052     7.24    4.19
-111807.714    22.430     6.32    4.09
-111431.195    24.705     6.04    3.54
-111054.658    26.180     3.92    3.81
-110678.102    26.610     1.14    3.76
-110301.527    25.991    -1.64    4.13
-109924.933    24.124    -4.96    4.25
-109548.321    21.703    -6.43    3.83
-109171.689    19.861    -4.89    3.04
-108795.039    18.606    -3.33    2.96
-108418.369    17.725    -2.34    3.04
-108041.681    17.452    -0.72    3.34
-107664.973    17.680     0.60    3.58
-107288.247    17.391    -0.77    3.47
-106911.502    17.489     0.26    2.73
-106534.738    16.702    -2.09    2.92
-106157.954    14.447    -5.98    4.03
-105781.152    12.475    -5.23    3.94
-105404.331    10.391    -5.53    2.81
-105027.491     9.991    -1.06    2.62
-104650.632    10.770     2.07    3.25
-104273.754    11.725     2.53    3.83
-103896.858    12.235     1.35    4.00
-103519.942    13.225     2.63    3.57
-103143.007    13.839     1.63    3.15
-102766.053    14.293     1.21    2.66
-102389.080    13.748    -1.45    2.92
-102012.088    12.270    -3.92    3.39
-101635.077    10.248    -5.36    3.17
-101258.047     8.702    -4.10    2.33
-100880.998     7.435    -3.36    1.77
-100503.930     6.608    -2.19    1.57
-100126.843     5.907    -1.86    1.76
 -99749.737     5.440    -1.24    1.69
 -99372.612     5.391    -0.13    2.01
 -98995.468     5.361    -0.08    1.84
 -98618.305     5.354    -0.02    1.78
 -98243.604     5.791     1.17    2.60
 -97870.182     6.418     1.68    2.90
 -97496.742     7.168     2.01    2.92
 -97123.284     7.702     1.43    2.55
 -96749.806     7.635    -0.18    2.70
 -96376.310     6.656    -2.62    2.49
 -96002.796     6.751     0.25    2.72
 -95629.262     7.524     2.07    3.25
 -95255.710     9.108     4.24    3.78
 -94882.140    10.375     3.39    3.24
 -94508.550    10.930     1.48    3.09
 -94134.942    10.768    -0.43    3.01
 -93761.315     9.121    -4.41    2.47
 -93387.670     7.703    -3.79    1.98
 -93014.005     7.020    -1.83    1.74
 -92640.322     7.255     0.63    2.31
 -92266.621     8.057     2.15    3.02
 -91892.900     9.543     3.98    3.38
 -91519.161    10.293     2.01    3.35
 -91145.403    11.520     3.28    3.51
 -90771.627    12.338     2.19    3.31
 -90397.831    13.157     2.19    3.11
 -90024.017    14.180     2.74    3.27
 -89650.184    15.280     2.94    3.36
 -89276.333    16.400     3.00    3.49
 -88902.462    17.725     3.54    3.74
 -88528.573    19.080     3.62    3.87
 -88154.665    20.028     2.54    3.97
 -87780.738    21.134     2.96    3.74
 -87406.793    21.980     2.26    4.01
 -87032.828    22.543     1.51    3.75
 -86658.845    23.377     2.23    4.09
 -86284.844    24.280     2.41    4.01
 -85910.823    24.968     1.84    4.16
 -85536.783    26.610     4.39    4.12
 -85162.725    27.793     3.16    4.12
 -84788.648    29.305     4.04    4.03
 -84414.552    32.543     8.66    5.85
 -84040.437    35.889     8.94   10.75
 -83666.304    41.057    13.81   17.08
 -83292.151    48.191    19.06   24.82
 -82917.980    59.773    30.95   34.61
 -82543.790    64.611    12.93   33.28
 -82169.581    68.230     9.67   31.08
 -81795.353    59.043   -24.55   23.05
 -81421.106    51.703   -19.61   16.07
 -81046.841    46.346   -14.31    5.60
 -80672.557    49.102     7.36    6.37
 -80298.253    53.238    11.05    8.61
 -79923.931    66.013    34.13   30.22
 -79549.590    78.230    32.63   43.95
 -79175.230    88.157    26.52   51.52
 -78800.851    85.930    -5.95   49.95
 -78426.454    69.302   -44.41   29.14
 -78052.037    56.180   -35.04   15.37
 -77677.602    47.248   -23.85    9.86
 -77303.147    41.857   -14.39    7.29
 -76928.674    37.530   -11.56    5.47
 -76554.182    38.111     1.55    7.26
 -76179.670    38.998     2.37    7.51
 -75805.140    38.680    -0.85    8.06
 -75430.591    35.391    -8.78    9.32
 -75056.023    32.680    -7.24    7.53
 -74681.436    32.571    -0.29    7.76
 -74306.831    39.875    19.50   18.79
 -73932.206    52.768    34.42   26.42
 -73557.562    67.316    38.83   26.23
 -73182.899    69.361     5.46   25.04
 -72808.218    55.657   -36.57   31.47
 -72433.517    38.480   -45.84   29.06
 -72058.797    27.375   -29.63   24.02
 -71684.059    16.680   -28.54    3.76
 -71309.301    19.124     6.52    4.44
 -70934.524    21.270     5.73    3.82
 -70559.729    22.930     4.43    4.23
 -70184.914    24.880     5.20    4.70
 -69810.080    26.020     3.04    5.04
 -69435.228    26.702     1.82    5.00
 -69060.356    27.124     1.12    6.95
 -68685.466    29.524     6.40   10.73
 -68310.556    30.880     3.62   12.61
 -67935.627    34.066     8.50   17.45
 -67560.679    32.302    -4.70   14.46
 -67185.713    32.520     0.58   13.31
 -66810.727    30.568    -5.21    4.38
 -66435.722    33.102     6.76    4.39
 -66060.698    35.202     5.60    3.82
 -65685.655    36.546     3.58    3.45
 -65310.593    36.702     0.42    3.22
 -64935.512    34.897    -4.81    3.54
 -64560.412    32.975    -5.12    3.63
 -64185.292    30.924    -5.47    3.52
 -63810.154    29.832    -2.91    3.66
 -63434.996    30.302     1.25    4.02
 -63059.820    30.991     1.84    4.19
 -62684.624    31.727     1.96    4.18
 -62309.410    31.788     0.16    3.93
 -61934.176    32.982     3.18    3.89
 -61558.923    32.857    -0.33    3.30
 -61183.651    33.452     1.59    3.48
 -60808.359    32.235    -3.24    3.56
 -60433.049    31.080    -3.08    4.00
 -60057.720    31.275     0.52    4.05
 -59682.371    31.484     0.56    3.63
 -59307.003    32.727     3.31    3.66
 -58931.616    34.020     3.45    3.25
 -58556.210    33.839    -0.48    3.17
 -58180.785    32.975    -2.30    3.79
 -57805.341    30.634    -6.23    4.85
 -57429.877    28.305    -6.20    4.52
 -57054.395    26.884    -3.78    4.20
 -56678.893    24.540    -6.24    3.84
 -56303.372    23.768    -2.05    3.81
 -55927.832    23.546    -0.59    4.68
 -55552.272    23.703     0.42    5.31
 -55176.694    23.066    -1.70    5.74
 -54801.096    22.584    -1.28    6.15
 -54425.479    21.111    -3.92    5.72
 -54049.843    19.540    -4.18    5.00
 -53674.187    20.102     1.50    7.00
 -53298.513    19.680    -1.12    8.87
 -52922.819    20.656     2.60   11.44
 -52547.106    18.657    -5.32   10.77
 -52171.373    18.582    -0.20   12.98
 -51795.622    17.043    -4.10   13.15
 -51419.851    14.413    -7.00   10.35
 -51044.061    12.202    -5.88    3.83
 -50668.252    12.440     0.63    4.07
 -50292.423    12.180    -0.69    3.32
 -49916.575    13.146     2.57    3.71
 -49540.708    14.796     4.39    4.52
 -49164.822    15.361     1.50    4.88
 -48788.916    16.635     3.39    5.33
 -48412.991    16.875     0.64    4.86
 -48037.047    17.857     2.61    4.50
 -47661.084    18.989     3.01    4.04
 -47285.101    21.361     6.31    4.26
 -46909.099    23.331     5.24    3.81
 -46533.078    24.293     2.56    4.70
 -46157.037    24.768     1.26    5.72
 -45780.977    25.180     1.09    5.12
 -45404.898    25.571     1.04    4.12
 -45028.799    26.368     2.12    3.63
 -44652.681    26.452     0.22    3.58
 -44276.544    26.413    -0.10    4.96
 -43900.387    24.339    -5.51    4.68
 -43524.211    22.027    -6.14    4.21
 -43148.016    19.839    -5.82    3.70
 -42771.801    18.391    -3.85    3.20
 -42395.567    16.919    -3.91    2.93
 -42019.313    16.180    -1.96    2.96
 -41643.041    15.202    -2.60    3.24
 -41266.748    13.989    -3.22    3.62
 -40890.437    11.788    -5.85    4.23
 -40514.106     9.861    -5.12    3.75
 -40137.756     8.057    -4.79    2.80
 -39761.386     6.680    -3.66    1.77
 -39384.997     6.346    -0.89    1.30
 -39008.588     6.270    -0.20    1.28
 -38632.160     6.630     0.95    1.24
 -38255.713     6.902     0.72    1.36
 -37879.246     6.793    -0.29    1.47
 -37502.760     6.611    -0.48    1.30
 -37126.254     6.384    -0.60    1.30
 -36749.729     6.436     0.14    1.22
 -36373.185     6.634     0.53    1.40
 -35996.621     6.753     0.32    1.39
 -35620.037     7.546     2.11    2.24
 -35243.435     7.680     0.35    2.12
 -34866.812     7.520    -0.42    2.16
 -34490.171     7.391    -0.34    2.06
 -34113.509     7.355    -0.10    1.82
 -33736.829     7.680     0.86    2.25
 -33360.129     8.370     1.83    2.67
 -32983.409     9.066     1.85    3.38
 -32606.670     9.502     1.16    3.70
 -32229.911    10.013     1.36    3.99
 -31853.133    11.853     4.88    5.11
 -31476.335    13.703     4.91    5.65
 -31099.518    16.346     7.01    5.96
 -30722.682    19.270     7.76    5.67
 -30345.825    21.875     6.91    5.23
 -29968.950    23.857     5.26    4.86
 -29592.054    24.793     2.48    5.05
 -29215.140    26.680     5.00    5.60
 -28838.205    26.839     0.42    5.83
 -28461.252    26.791    -0.13    6.13
 -28084.278    27.589     2.12    6.31
 -27707.285    28.136     1.45    5.50
 -27330.273    30.080     5.15    5.72
 -26953.241    31.875     4.76    5.42
 -26576.189    33.857     5.26    4.77
 -26199.118    36.361     6.64    4.64
 -25822.027    38.331     5.22    4.66
 -25444.917    40.457     5.64    5.34
 -25067.787    42.751     6.08    5.80
 -24690.637    46.991    11.24    7.18
 -24313.468    49.568     6.83    6.79
 -23936.279    48.835    -1.94    7.68
 -23559.071    47.134    -4.51    8.24
 -23184.729    46.156    -2.61    6.92
 -22811.370    48.302     5.75    6.69
 -22437.993    53.460    13.81    6.74
 -22064.596    59.571    16.37    7.72
 -21691.180    65.270    15.26    7.32
 -21317.744    70.793    14.79    7.92
 -20944.290    76.293    14.73    8.61
 -20570.816    83.346    18.88   12.74
 -20197.323    95.248    31.86   17.25
 -19823.811   114.455    51.42   33.25
 -19450.279   136.235    58.31   37.88
 -19076.728   138.498     6.06   39.96
 -18703.159   128.452   -26.89   43.78
 -18329.569   103.043   -68.01   35.02
 -17955.961    82.537   -54.89   22.89
 -17582.333    68.270   -38.18   23.48
 -17208.686    53.655   -39.12   13.99
 -16835.020    49.835   -10.22   10.31
 -16461.335    48.819    -2.72    9.97
 -16087.630    55.902    18.95   13.99
 -15713.906    63.880    21.35   15.81
 -15340.162    82.028    48.56   40.34
 -14966.400    94.020    32.08   44.70
 -14592.618    84.989   -24.16   47.05
 -14218.817    73.020   -32.02   51.65
 -13844.996    52.028   -56.15   42.18
 -13471.156    34.102   -47.95   24.99
 -13097.297    29.591   -12.07   16.56
 -12723.419    30.470     2.35   17.58
 -12349.521    33.191     7.28   17.09
 -11975.604    33.505     0.84   12.04
 -11601.667    34.225     1.93   10.87
 -11227.711    32.275    -5.22    9.78
 -10853.736    29.361    -7.79   12.10
 -10479.742    24.213   -13.77   13.54
 -10105.728    20.020   -11.21   12.35
  -9731.695    19.266    -2.02    8.16
  -9357.642    28.037    23.45   20.02
  -8983.570    43.946    42.53   27.00
  -8609.479    54.726    28.82   27.09
  -8235.368    53.680    -2.80   29.83
  -7861.238    41.701   -32.02   30.87
  -7487.088    31.702   -26.73   27.42
  -7112.920    27.488   -11.26   15.69
  -6738.731    31.918    11.84   17.07
  -6364.524    35.857    10.53   15.70
  -5990.297    32.726    -8.37   15.81
  -5616.050    27.324   -14.43   16.43
  -5241.784    22.593   -12.64   16.69
  -4867.499    23.288     1.86   19.90
  -4493.194    31.924    23.07   26.45
  -4118.870    35.043     8.33   26.69
  -3744.526    36.531     3.97   28.19
  -3370.163    33.293    -8.65   28.16
  -2995.781    30.657    -7.04   31.59
  -2621.379    25.235   -14.48   33.15
  -2246.957    20.093   -13.73   32.31
  -1872.516    10.657   -25.20   18.76
  -1498.056     4.452   -16.57    3.93
  -1123.576     2.480    -5.27    3.88
   -749.077     0.611    -4.99    2.67
   -374.558    -0.320    -2.49    0.00
     -0.020    -0.254     0.18    0.45
    374.538     0.566     2.19    1.92
    749.115     2.440     5.00    2.95
   1123.712     3.702     3.37    2.66
   1498.328     4.635     2.49    1.68
   1872.964     4.745     0.29    1.58
   2247.619     4.884     0.37    1.59
   2622.294     4.924     0.11    1.61
   2996.988     5.418     1.32    1.78
   3371.702     5.288    -0.35    1.67
   3746.436     5.145    -0.38    1.62
   4121.189     4.524    -1.66    1.40
   4495.961     4.071    -1.21    1.06
   4870.753     3.919    -0.41    1.08
   5245.565     4.235     0.84    1.56
   5620.396     4.132    -0.28    1.64
   5995.247     4.006    -0.34    2.02
   6370.117     3.846    -0.43    1.77
   6745.007     3.766    -0.21    1.74
   7119.916     3.770     0.01    2.03
   7494.845     4.952     3.15    2.48
   7869.794     6.975     5.39    4.14
   8244.762    11.370    11.72    8.11
   8619.750    19.793    22.46   11.61
   8994.757    26.560    18.05    9.91
   9369.784    29.391     7.55    7.49
   9744.831    29.524     0.36    6.51
  10119.897    27.540    -5.29    5.57
  10494.983    27.635     0.25    4.59
  10870.089    28.005     0.98    4.39
  11245.214    28.134     0.35    4.63
  11620.359    27.656    -1.27    4.88
  11995.523    27.280    -1.00    5.18
  12370.707    27.124    -0.41    4.58
  12745.911    27.839     1.90    3.82
  13121.135    27.168    -1.79    4.29
  13496.378    25.605    -4.17    5.28
  13871.641    23.213    -6.37    5.64
  14246.923    21.168    -5.45    4.82
  14622.225    19.770    -3.72    5.04
  14997.547    18.614    -3.08    5.29
  15372.888    17.591    -2.73    5.65
  15748.250    14.788    -7.47    5.00
  16123.630    12.587    -5.87    4.77
  16499.031     9.991    -6.92    3.37
  16874.451     8.157    -4.88    2.33
  17249.891     7.589    -1.51    2.01
  17625.351     7.680     0.24    2.09
  18000.831     7.384    -0.79    2.12
  18376.330     6.924    -1.23    2.23
  18751.849     6.391    -1.42    1.82
  19127.387     6.213    -0.47    1.70
  19502.946     6.680     1.24    1.71
  19878.524     7.020     0.91    1.72
  20254.122     7.027     0.02    1.96
  20629.740     6.566    -1.23    2.01
  21005.377     6.080    -1.29    1.70
  21381.034     5.636    -1.18    1.17
  21756.711     5.813     0.47    1.49
  22132.408     6.346     1.42    1.54
  22508.125     6.587     0.64    1.82
  22883.861     7.093     1.35    2.07
  23259.617     7.749     1.75    2.21
  23635.393     7.968     0.58    1.90
  24011.189     8.353     1.02    1.78
  24387.005     8.832     1.27    2.09
  24762.840     9.302     1.25    2.20
  25138.695     9.989     1.83    2.27
  25514.570    11.235     3.32    3.20
  25890.465    12.441     3.21    4.59
  26266.380    15.057     6.96    6.44
  26642.314    18.213     8.39    8.25
  27018.269    21.470     8.66    8.43
  27394.243    24.202     7.27    8.00
  27770.237    26.894     7.16    7.75
  28146.251    29.702     7.47    6.61
  28522.285    31.819     5.63    6.66
  28898.339    34.324     6.66    6.42
  29274.412    34.968     1.71    6.61
  29650.506    35.610     1.71    8.12
  30026.619    33.702    -5.07    8.87
  30402.752    32.533    -3.11    7.88
  30778.905    34.020     3.95    8.22
  31155.079    41.114    18.86   16.90
  31531.271    49.180    21.44   23.47
  31907.484    62.524    35.47   31.57
  32283.717    75.726    35.09   36.60
  32659.970    78.180     6.52   34.84
  33036.242    79.587     3.74   30.69
  33412.535    68.991   -28.16   28.51
  33788.848    57.013   -31.83   19.94
  34165.180    50.853   -16.37   13.15
  34541.532    48.746    -5.60    7.46
  34917.905    49.930     3.14    5.12
  35294.297    49.940     0.03    3.86
  35670.709    48.202    -4.62    3.72
  36047.142    46.791    -3.75    3.56
  36423.594    45.919    -2.32    3.35
  36800.066    44.813    -2.94    3.96
  37176.558    43.594    -3.24    4.31
  37553.070    42.506    -2.89    4.33
  37929.603    41.658    -2.25    4.30
  38306.155    41.293    -0.97    4.94
  38682.727    40.796    -1.32    4.72
  39059.319    40.924     0.34    5.00
  39435.931    41.156     0.62    4.91
  39812.563    40.743    -1.09    4.16
  40189.216    40.566    -0.47    3.49
  40565.888    39.506    -2.81    3.47
  40942.580    37.680    -4.85    3.83
  41319.293    35.610    -5.49    3.73
  41696.025    32.861    -7.30    4.75
  42072.777    30.870    -5.29    4.46
  42449.550    30.435    -1.15    4.45
  42826.342    30.657     0.59    4.65
  43203.155    33.470     7.47    4.76
  43579.988    36.391     7.75    4.57
  43956.841    38.880     6.60    4.51
  44333.713    40.407     4.05    4.21
  44710.606    40.191    -0.57    4.26
  45087.519    38.566    -4.31    4.47
  45464.452    37.813    -2.00    4.17
  45841.406    37.180    -1.68    3.55
  46218.379    38.180     2.65    3.59
  46595.372    40.156     5.24    3.42
  46972.386    41.361     3.20    2.89
  47349.420    41.332    -0.08    2.61
  47726.474    39.440    -5.02    3.88
  48103.547    36.813    -6.97    4.28
  48480.642    33.657    -8.37    3.62
  48857.756    31.353    -6.11    3.60
  49234.890    29.339    -5.34    3.78
  49612.045    28.324    -2.69    3.60
  49989.219    27.810    -1.36    3.83
  50366.414    27.391    -1.11    4.18
  50743.629    26.339    -2.79    4.37
  51120.864    25.419    -2.44    4.48
  51498.120    23.919    -3.98    4.14
  51872.115    22.589    -3.56    4.01
  52245.414    21.982    -1.63    3.88
  52618.734    20.524    -3.91    3.87
  52992.073    20.322    -0.54    3.83
  53365.431    19.484    -2.25    3.89
  53738.810    18.680    -2.15    3.36
  54112.208    17.266    -3.78    3.29
  54485.626    15.680    -4.25    2.97
  54859.064    14.424    -3.36    2.97
  55232.521    13.013    -3.78    2.13
  55605.999    13.275     0.70    2.44
  55979.496    13.788     1.37    2.90
  56353.013    14.370     1.56    2.77
  56726.549    13.940    -1.15    2.59
  57100.106    13.248    -1.85    2.05
  57473.682    12.475    -2.07    1.58
  57847.278    12.368    -0.29    1.46
  58220.894    12.703     0.89    1.81
  58594.530    13.702     2.68    2.63
  58968.186    15.537     4.91    2.70
  59341.861    17.124     4.25    2.52
  59715.557    18.975     4.95    2.05
  60089.272    20.080     2.96    2.45
  60463.007    22.013     5.17    2.74
  60836.761    24.013     5.35    2.82
  61210.536    25.748     4.64    2.64
  61584.331    26.680     2.49    2.20
  61958.145    27.384     1.88    2.32
  62331.979    28.452     2.86    2.97
  62705.833    29.257     2.15    3.28
  63079.708    29.968     1.90    3.65
  63453.601    31.013     2.79    3.05
  63827.515    31.880     2.32    2.86
  64201.449    32.338     1.23    3.08
  64575.403    33.724     3.71    3.04
  64949.376    35.531     4.83    3.09
  65323.370    37.257     4.62    3.05
  65697.383    38.353     2.93    2.61
  66071.416    38.613     0.69    2.45
  66445.469    38.006    -1.62    2.57
  66819.543    36.870    -3.04    2.55
  67193.636    36.524    -0.93    2.58
  67567.749    37.005     1.29    2.80
  67941.882    37.384     1.01    2.65
  68316.035    37.353    -0.08    2.73
  68690.208    36.897    -1.22    2.90
  69064.400    35.275    -4.33    3.54
  69438.613    34.657    -1.65    3.43
  69812.846    34.419    -0.64    2.95
  70187.099    34.657     0.64    2.90
  70561.372    35.991     3.56    2.85
  70935.664    37.723     4.63    2.72
  71309.977    39.353     4.36    2.77
  71684.310    40.946     4.26    3.16
  72058.663    42.498     4.14    2.90
  72433.035    43.136     1.71    2.79
  72807.428    42.611    -1.40    4.15
  73181.841    41.302    -3.50    4.40
  73556.274    40.080    -3.26    4.82
  73930.727    38.680    -3.74    4.30
  74305.199    39.897     3.25    3.53
  74679.692    39.589    -0.82    2.96
  75054.205    38.462    -3.01    3.35
  75428.738    37.006    -3.89    4.04
  75803.291    34.571    -6.50    4.88
  76177.865    32.346    -5.94    4.12
  76552.458    30.989    -3.62    3.71
  76927.071    28.745    -5.99    3.43
  77301.704    27.870    -2.34    3.20
  77676.358    28.049     0.48    2.94
  78051.031    28.725     1.80    2.79
  78425.725    29.614     2.37    2.95
  78800.439    31.057     3.85    1.92
  79175.173    31.773     1.91    2.17
  79549.927    33.361     4.24    2.94
  79924.701    35.846     6.63    3.75
  80299.495    37.435     4.24    3.40
  80674.309    38.635     3.20    2.83
  81049.143    38.480    -0.42    3.55
  81423.998    37.680    -2.13    3.78
  81798.873    37.513    -0.44    3.81
  82173.767    37.202    -0.83    3.44
  82548.682    37.912     1.89    3.08
  82923.618    38.057     0.39    2.54
  83298.573    38.857     2.13    2.28
  83673.548    39.475     1.65    2.27
  84048.544    40.919     3.85    2.48
  84423.560    42.965     5.46    2.49
  84798.596    44.527     4.17    2.49
  85173.652    45.799     3.39    2.75
  85548.728    45.502    -0.79    3.22
  85923.825    43.506    -5.32    4.51
  86298.941    41.810    -4.52    4.43
  86674.078    39.549    -6.03    3.56
  87049.236    37.589    -5.23    3.05
  87424.413    36.266    -3.52    3.01
  87799.610    36.293     0.07    2.90
  88174.828    35.813    -1.28    2.87
  88550.066    35.527    -0.76    3.04
  88925.325    34.114    -3.77    3.61
  89300.603    31.940    -5.79    3.77
  89675.902    29.657    -6.09    3.35
  90051.221    27.462    -5.85    3.22
  90426.560    25.725    -4.63    2.73
  90801.920    24.634    -2.91    2.51
  91177.300    23.902    -1.95    2.44
  91552.700    23.610    -0.78    2.76
  91928.120    22.766    -2.25    2.43
  92303.561    22.339    -1.14    2.62
  92679.022    21.484    -2.28    2.47
  93054.503    21.332    -0.41    2.20
  93430.004    21.488     0.42    2.68
  93805.526    21.680     0.51    2.88
  94181.068    21.656    -0.06    3.09
  94556.631    20.962    -1.85    2.74
  94932.214    20.132    -2.21    2.41
  95307.817    19.080    -2.80    2.41
  95683.440    18.480    -1.60    2.42
  96059.084    17.726    -2.01    2.34
  96434.748    17.680    -0.12    2.32
  96810.432    17.299    -1.01    2.12
  97186.137    16.339    -2.56    2.34
  97561.862    15.611    -1.94    2.44
  97937.608    14.835    -2.07    2.40
  98313.374    14.768    -0.18    2.58
  98689.160    14.452    -0.84    2.43
  99064.967    15.071     1.65    2.43
  99440.794    15.070    -0.00    2.89
  99816.641    15.680     1.62    3.21
 100192.509    15.636    -0.12    3.34
 100568.397    14.766    -2.31    3.25
 100944.306    13.353    -3.76    2.85
 101320.235    12.191    -3.09    2.36
 101696.184    11.636    -1.48    1.93
 102072.154    11.202    -1.15    1.82
 102448.144    11.346     0.38    1.86
 102824.155    10.946    -1.06    1.74
 103200.186    10.520    -1.13    1.45
 103576.237    10.049    -1.25    1.00
 103952.309     9.702    -0.92    0.15
 104328.402     9.680    -0.06    0.00
 104704.515     9.680     0.00    0.00
 105080.648     9.680     0.00    0.00
 105456.802     9.680     0.00    0.00
 105832.976     9.680     0.00    0.00
 106209.171     9.701     0.06    0.45
 106585.386     9.770     0.18    0.56
 106961.622    10.020     0.66    0.89
 107337.878    10.093     0.19    0.80
 107714.155    10.211     0.32    0.93
 108090.452     9.968    -0.65    0.76
 108466.770     9.703    -0.70    0.15
 108843.108     9.880     0.47    0.94
 109219.467    10.132     0.67    1.13
 109595.847    10.346     0.57    1.33
 109972.246    10.480     0.35    1.24
 110348.667    10.773     0.78    1.13
 110725.108    10.702    -0.19    1.12
 111101.569    10.846     0.38    1.03
 111478.051    10.952     0.28    1.09
 111854.554    11.168     0.57    1.27
 112231.077    11.339     0.45    1.22
 112607.621    11.201    -0.36    1.26
 112984.185    11.225     0.06    1.25
 113360.770    11.701     1.26    1.51
 113737.375    12.846     3.04    2.13
 114114.001    14.080     3.28    2.82
 114490.648    14.658     1.54    3.47
 114867.315    13.788    -2.31    4.02
 115244.003    12.480    -3.47    4.05
 115620.711    10.339    -5.68    2.24
 115997.440     9.722    -1.64    0.36
 116374.190     9.725     0.01    0.30
 116750.960     9.680    -0.12    0.00
 117127.751     9.680     0.00    0.00
 117504.563     9.680     0.00    0.00
 117881.395     9.680     0.00    0.00
 118258.248     9.680     0.00    0.00
 118635.121     9.680     0.00    0.00
 119012.015     9.680     0.00    0.00
 119388.930     9.680     0.00    0.00
 119765.866     9.746     0.18    0.45
 120142.822     9.870     0.33    0.67
 120519.799    10.071     0.53    0.86
 120896.796    10.180     0.29    1.02
 121273.814     9.991    -0.50    0.85
 121650.853     9.835    -0.41    0.64
 122027.913     9.680    -0.41    0.00
 122404.993     9.680     0.00    0.00
 122782.094     9.680     0.00    0.00
 123159.216     9.680     0.00    0.00
 123536.358     9.680     0.00    0.00
 123913.521     9.680     0.00    0.00
 124290.705     9.680     0.00    0.00
 124667.910     9.680     0.00    0.00
 125045.135     9.680     0.00    0.00
 125422.382     9.680     0.00    0.00
 125799.648     9.680     0.00    0.00
 126176.936     9.680     0.00    0.00
 126554.244     9.680     0.00    0.00
 126927.893     9.680     0.00    0.00
 127301.127     9.680     0.00    0.00
 127674.382     9.680     0.00    0.00
 128047.657     9.680     0.00    0.00
 128420.952     9.680     0.00    0.00
 128794.268     9.680     0.00    0.00
 129167.604     9.680     0.00    0.00
 129540.960     9.680     0.00    0.00
 129914.336     9.680     0.00    0.00
 130287.733     9.680     0.00    0.00
 130661.150     9.832     0.41    0.79
 131034.588    10.419     1.57    1.54
 131408.046    11.480     2.84    1.95
 131781.524    12.430     2.54    1.88
 132155.023    13.614     3.17    1.36
 132528.542    13.884     0.72    1.65
 132902.081    14.534     1.74    2.19
 133275.641    14.636     0.27    2.20
 133649.221    13.940    -1.86    2.40
 134022.822    13.043    -2.40    2.38
 134396.443    11.975    -2.86    2.02
 134770.084    11.391    -1.56    1.71
 135143.746    11.167    -0.60    1.82
 135517.428    11.049    -0.32    1.74
 135891.130    11.043    -0.02    1.75
 136264.853    11.027    -0.04    1.78
 136638.597    10.613    -1.11    1.60
 137012.360    10.368    -0.65    1.53
 137386.145     9.770    -1.60    0.60
 137759.949     9.680    -0.24    0.00
 138133.775     9.680     0.00    0.00
 138507.620     9.680     0.00    0.00
 138881.486     9.680     0.00    0.00
 139255.373     9.680     0.00    0.00
 139629.280     9.680     0.00    0.00
 140003.207     9.680     0.00    0.00
 140377.155     9.680     0.00    0.00
 140751.124     9.680     0.00    0.00
 141125.112     9.680     0.00    0.00
 141499.122     9.680     0.00    0.00
 141873.152     9.680     0.00    0.00
 142247.202     9.680     0.00    0.00
 142621.273     9.680     0.00    0.00
 142995.365     9.680     0.00    0.00
 143369.476     9.680     0.00    0.00
 143743.609     9.680     0.00    0.00
 144117.762     9.680     0.00    0.00
 144491.935     9.680     0.00    0.00
 144866.130     9.680     0.00    0.00
 145240.344     9.680     0.00    0.00
 145614.579     9.680     0.00    0.00
 145988.835     9.680     0.00    0.00
 146363.111     9.680     0.00    0.00
 146737.408     9.680     0.00    0.00
 147111.726     9.680     0.00    0.00
 147486.064     9.680     0.00    0.00
 147860.422     9.680     0.00    0.00
 148234.802     9.680     0.00    0.00
 148609.201     9.680     0.00    0.00
 148983.622     9.680     0.00    0.00
 149358.063     9.680     0.00    0.00
 149732.524     9.680     0.00    0.00
 150107.006     9.680     0.00    0.00
 150481.509     9.680     0.00    0.00
 150856.033     9.680     0.00    0.00
 151230.577     9.680     0.00    0.00
 151605.142     9.680     0.00    0.00
 151979.727     9.680     0.00    0.00
 152354.333     9.680     0.00    0.00
 152728.960     9.680     0.00    0.00
 153103.607     9.680     0.00    0.00
 153478.275     9.680     0.00    0.00
 153852.964     9.680     0.00    0.00
 154227.673     9.680     0.00    0.00
 154602.403     9.680     0.00    0.00
 154977.154     9.680     0.00    0.00
 155351.925     9.680     0.00    0.00
 155726.717     9.680     0.00    0.00
 156101.530     9.680     0.00    0.00
 156476.363     9.680     0.00    0.00
 156851.217     9.680     0.00    0.00
 157226.092     9.680     0.00    0.00
 157600.988     9.680     0.00    0.00
 157975.904     9.680     0.00    0.00
 158350.841     9.680     0.00    0.00
 158725.799     9.680     0.00    0.00
 159100.778     9.680     0.00    0.00
 159475.777     9.680     0.00    0.00
 159850.797     9.680     0.00    0.00
 160225.838     9.680     0.00    0.00
 160600.900     9.680     0.00    0.00
 160975.982     9.680     0.00    0.00
 161351.085     9.680     0.00    0.00
 161726.209     9.680     0.00    0.00
 162101.354     9.680     0.00    0.00
 162476.519     9.680     0.00    0.00
 162851.705     9.680     0.00    0.00
 163226.913     9.680     0.00    0.00
 163602.140     9.680     0.00    0.00
 163977.389     9.680     0.00    0.00
 164352.659     9.723     0.12    0.29
 164727.949     9.723     0.00    0.29
 165103.260    10.084     0.96    0.88
 165478.592    10.457     1.00    1.17
 165853.945    10.799     0.91    1.37
 166229.319    11.201     1.07    1.35
 166604.713    11.452     0.67    1.27
 166980.129    12.027     1.53    1.45
 167355.565    12.793     2.04    1.54
 167731.022    13.591     2.12    1.66
 168106.500    13.880     0.77    1.65
 168481.999    14.052     0.46    1.56
 168857.519    14.180     0.34    1.49
 169233.059    14.248     0.18    1.61
 169608.621    14.257     0.03    1.51
 169984.203    14.568     0.83    1.70
 170359.807    15.066     1.32    1.87
 170735.431    14.828    -0.63    1.83
 171111.076    14.989     0.43    1.81
 171486.742    14.746    -0.65    1.72
 171862.429    14.452    -0.78    1.43
 172238.137    14.635     0.49    1.49
 172613.866    14.977     0.91    1.57
 172989.616    15.571     1.58    1.90
 173365.387    15.638     0.18    2.04
 173741.179    15.475    -0.43    2.09
 174116.991    15.190    -0.76    1.61
 174492.825    15.430     0.64    1.88
 174868.679    15.546     0.31    1.77
 175244.555    15.571     0.07    1.72
 175620.452    15.658     0.23    1.82
 175996.369    15.956     0.79    1.96
 176372.308    15.880    -0.20    1.91
 176748.267    16.020     0.37    1.96
 177124.248    16.680     1.75    2.67
 177500.249    17.745     2.83    3.65
 177876.272    19.080     3.55    3.32
 178252.316    20.322     3.31    2.95
 178628.380    20.766     1.18    2.94
 179004.466    21.952     3.15    2.76
 179380.573    22.419     1.24    2.98
 179756.700    22.391    -0.07    2.76
 180132.849    22.839     1.19    2.53
 180509.019    23.816     2.60    2.13
 180885.210    24.084     0.71    2.01
 181261.422    24.302     0.58    1.77
 181637.655    24.080    -0.59    1.60
 182013.909    23.924    -0.41    1.60
 182390.184    24.093     0.45    1.71
 182766.480    24.816     1.92    2.03
 183142.797    25.245     1.14    2.18
 183519.136    25.275     0.08    2.49
 183895.495    23.835    -3.83    4.16
 184271.876    21.527    -6.13    5.03
 184648.278    19.375    -5.72    5.13
 185024.701    17.419    -5.20    3.43
 185401.145    16.680    -1.96    2.42
 185777.610    16.784     0.28    2.36
 186154.096    16.397    -1.03    2.13
 186530.603    15.768    -1.67    1.87
 186907.132    15.391    -1.00    1.82
 187283.681    14.880    -1.36    1.56
 187660.252    15.158     0.74    1.72
 188036.844    15.998     2.23    1.58
 188413.457    16.288     0.77    1.51
 188790.092    16.571     0.75    1.52
 189166.747    16.403    -0.45    1.65
 189543.424    16.057    -0.92    1.63
 189920.122    16.052    -0.02    1.79
 190296.841    16.245     0.51    1.95
 190673.581    16.225    -0.05    1.86
 191050.343    16.613     1.03    1.56
 191427.125    16.635     0.06    1.54
 191803.929    16.400    -0.62    1.45
 192180.754    16.235    -0.44    1.44
 192557.601    16.037    -0.53    1.27
 192934.468    15.768    -0.71    1.36
 193311.357    15.914     0.39    1.45
 193688.267    16.102     0.50    1.51
 194065.198    16.275     0.46    1.38
 194442.151    16.435     0.42    1.48
 194819.125    16.397    -0.10    1.47
 195196.120    16.339    -0.15    1.20
 195573.136    16.457     0.31    1.18
 195950.174    16.571     0.30    1.23
 196327.233    16.745     0.46    1.25
 196704.313    16.637    -0.29    1.22
 197081.414    16.770     0.35    1.43
 197458.537    16.397    -0.99    1.49
 197835.681    16.180    -0.58    1.87
 198212.847    15.636    -1.44    2.16
 198590.034    15.257    -1.00    1.83
 198967.242    15.346     0.24    1.69
 199344.471    15.832     1.29    1.80
 199721.722    16.546     1.89    1.42
 200098.994    16.658     0.30    1.44
 200476.287    16.924     0.71    1.60
 200853.602    16.702    -0.59    1.47
 201230.938    17.089     1.03    1.54
 201608.295    16.918    -0.45    1.75
 201981.607    16.591    -0.88    1.72
 202354.775    16.566    -0.07    1.63
 202727.964    16.280    -0.77    1.39
 203101.174    16.397     0.31    1.56
 203474.404    16.589     0.51    1.60
 203847.656    17.136     1.47    1.70
 204220.928    17.703     1.52    1.60
 204594.221    17.902     0.53    1.26
 204967.535    17.770    -0.35    1.25
 205340.870    18.093     0.86    1.26
 205714.226    18.594     1.34    1.52
 206087.603    18.788     0.52    1.40
 206461.001    18.786    -0.01    1.26
 206834.419    18.657    -0.35    1.44
 207207.859    18.549    -0.29    1.24
 207581.320    18.773     0.60    1.38
 207954.801    18.861     0.24    1.36
