-191617.386    49.564     0.00    5.24
-191242.755    52.007     6.52    5.92
-190868.142    53.025     2.72    5.58
-190493.549    51.772    -3.35    6.91
-190118.976    48.256    -9.39    6.87
-189744.422    45.607    -7.07    5.18
-189369.887    45.502    -0.28    4.93
-188995.371    47.911     6.43    5.80
-188620.875    52.096    11.18    6.43
-188246.398    55.968    10.34    6.52
-187871.940    58.707     7.32    5.22
-187497.502    59.921     3.24    5.04
-187123.083    58.674    -3.33    6.29
-186748.683    56.002    -7.14    6.17
-186374.303    53.866    -5.71    6.11
-185999.941    51.896    -5.26    5.82
-185625.600    51.968     0.19    5.84
-185251.277    51.593    -1.00    5.51
-184876.974    51.980     1.03    5.19
-184502.690    53.316     3.57    5.75
-184128.425    56.093     7.42    6.39
-183754.179    57.411     3.52    6.91
-183379.953    59.563     5.75    7.06
-183005.746    61.011     3.87    7.49
-182631.558    62.163     3.08    7.74
-182257.390    62.866     1.88    7.46
-181883.240    64.540     4.48    8.51
-181509.110    66.480     5.18    9.46
-181134.999    70.429    10.56    9.83
-180760.908    76.674    16.70   15.72
-180386.835    82.548    15.71   18.00
-180012.782    92.457    26.50   20.42
-179638.748   100.934    22.67   19.24
-179264.733   108.051    19.03   25.65
-178890.737   117.389    24.97   31.24
-178516.761   125.593    21.94   40.67
-178142.804   116.163   -25.22   37.28
-177768.865   103.897   -32.81   26.72
-177394.947    88.381   -41.50   14.66
-177021.047    81.707   -17.85   12.43
-176647.166    75.318   -17.09   11.17
-176273.305    71.837    -9.31    9.21
-175899.462    71.025    -2.17    8.50
-175525.639    68.607    -6.47    7.53
-175151.835    67.612    -2.66    6.84
-174778.050    67.990     1.01    6.59
-174404.285    69.928     5.19    7.76
-174030.538    73.740    10.20    9.17
-173656.811    77.616    10.37    8.58
-173283.102    79.340     4.61    8.08
-172909.413    84.296    13.26    8.09
-172535.743    85.921     4.35    7.85
-172162.092    86.429     1.36    8.25
-171788.460    87.921     3.99    7.84
-171414.847    88.729     2.16    9.15
-171041.254    90.048     3.53    9.96
-170667.679    92.451     6.43    9.45
-170294.124    98.048    14.98    8.57
-169920.587   100.305     6.04    8.70
-169547.070   106.571    16.78   12.02
-169173.571   110.231     9.80   13.59
-168800.092   114.940    12.61   19.13
-168426.632   114.661    -0.75   15.87
-168051.765   111.366    -8.79   12.62
-167674.482   106.029   -14.15   13.47
-167297.219   103.421    -6.91   11.79
-166919.975   105.411     5.28   12.42
-166542.750   120.670    40.46   34.29
-166165.545   142.730    58.49   42.92
-165788.360   152.451    25.78   35.89
-165411.193   150.486    -5.21   31.81
-165034.047   142.451   -21.31   25.02
-164656.919   137.257   -13.78   15.73
-164279.811   146.911    25.61   23.24
-163902.723   155.807    23.59   23.00
-163525.654   158.525     7.21   18.43
-163148.604   162.696    11.06   18.52
-162771.574   173.137    27.70   25.60
-162394.563   190.707    46.61   33.40
-162017.572   205.993    40.55   35.37
-161640.600   216.866    28.85   30.58
-161263.647   216.990     0.33   29.95
-160886.714   221.946    13.15   36.99
-160509.800   226.480    12.03   41.09
-160132.905   238.002    30.58   47.61
-159756.030   236.924    -2.86   43.48
-159379.174   217.788   -50.79   38.76
-159002.338   207.139   -28.26   36.51
-158625.521   194.629   -33.20   29.71
-158248.723   190.343   -11.38   27.12
-157871.945   189.874    -1.25   22.11
-157495.185   203.729    36.78   42.27
-157118.446   238.540    92.42   71.64
-156741.725   294.007   147.26   87.81
-156365.024   337.486   115.44   69.67
-155988.342   357.924    54.27   58.85
-155611.680   362.184    11.31   60.43
-155235.037   347.366   -39.35   63.36
-154858.413   336.924   -27.73   69.62
-154481.809   339.957     8.05   60.51
-154105.223   324.363   -41.42   57.46
-153728.657   319.445   -13.06   41.00
-153352.111   308.272   -29.68   28.07
-152975.583   314.434    16.37   44.06
-152599.075   371.274   150.99  111.57
-152222.586   459.548   234.50  140.85
-151846.117   516.719   151.88  117.92
-151469.666   537.480    55.16   92.16
-151093.235   514.332   -61.50   93.93
-150716.824   451.163  -167.84   88.26
-150340.431   412.602  -102.46   77.48
-149964.058   401.184   -30.34   65.73
-149587.704   411.051    26.22   60.67
-149211.369   418.939    20.96   55.34
-148835.053   427.889    23.79   56.66
-148458.757   430.475     6.87   65.72
-148082.479   431.096     1.65   60.66
-147706.221   430.298    -2.12   57.91
-147329.983   420.661   -25.62   51.90
-146953.763   423.718     8.13   48.34
-146577.563   438.357    38.92   59.25
-146201.382   458.457    53.44   62.45
-145825.220   485.768    72.61   51.68
-145449.077   503.230    46.43   44.96
-145072.953   525.207    58.44   51.07
-144696.849   537.275    32.09   50.03
-144320.763   526.490   -28.68   62.55
-143944.697   532.088    14.89   66.37
-143568.650   538.607    17.34   61.64
-143192.622   569.071    81.02   72.29
-142816.614   607.577   102.42   76.16
-142440.624   661.730   144.05   90.35
-142064.654   717.843   149.27   79.79
-141688.702   732.077    37.86   83.72
-141312.770   692.858  -104.34  115.04
-140936.857   633.785  -157.17  115.75
-140560.963   579.434  -144.61   90.76
-140185.089   551.874   -73.33   72.08
-139809.233   555.029     8.40   69.10
-139433.396   565.025    26.60   47.19
-139057.579   578.451    35.73   59.82
-138681.781   593.889    41.08   67.69
-138306.001   603.496    25.57   62.15
-137930.241   596.118   -19.64   75.46
-137554.500   588.474   -20.35   79.59
-137178.778   615.911    73.04   81.63
-136803.075   649.911    90.51   94.82
-136427.391   686.389    97.11   98.97
-136051.726   686.298    -0.24   99.54
-135676.080   648.911   -99.54  101.32
-135300.454   589.684  -157.70   72.45
-134924.846   555.874   -90.03   55.19
-134549.257   532.718   -61.66   51.40
-134173.688   523.663   -24.11   52.41
-133798.137   506.051   -46.90   47.97
-133422.606   487.002   -50.73   37.59
-133047.093   481.672   -14.20   30.11
-132671.600   499.296    46.94   46.63
-132296.125   510.374    29.51   52.28
-131920.670   546.837    97.13   72.35
-131545.233   612.775   175.65  105.87
-131169.816   687.407   198.82  138.59
-130794.417   769.298   218.17   99.64
-130419.038   813.963   119.00   73.02
-130043.677   862.048   128.12   84.41
-129668.336   886.183    64.31  105.04
-129293.013   936.251   133.42  135.69
-128917.710   958.525    59.36  156.80
-128542.425   974.321    42.09  159.40
-128167.159   950.593   -63.24  147.34
-127791.913   922.659   -74.45  154.62
-127416.685   906.661   -42.64  156.68
-127041.476   883.231   -62.45  150.46
-126666.286   883.318     0.23  138.32
-126291.115   894.340    29.38  138.40
-125915.963   912.370    48.06  137.07
-125540.830   916.343    10.59  143.45
-125165.716   955.732   105.02  137.26
-124790.621   967.093    30.29  123.40
-124415.544   971.112    10.71  101.06
-124040.487  1006.563    94.53   86.04
-123665.449  1036.252    79.17   77.43
-123290.429  1055.649    51.73   70.77
-122915.428  1034.407   -56.65   92.97
-122540.446   975.607  -156.83  110.85
-122165.483   909.184  -177.16  115.47
-121790.539   833.114  -202.91   98.59
-121415.614   791.540  -110.90   95.35
-121040.708   774.002   -46.78   85.32
-120665.820   790.556    44.16   79.18
-120290.952   808.407    47.63   66.67
-119916.102   805.382    -8.07   88.32
-119541.271   777.434   -74.57  120.77
-119166.459   745.525   -85.14  108.12
-118791.666   763.649    48.36  119.77
-118416.892   840.585   205.31  141.58
-118042.136   903.563   168.07  119.78
-117667.400   935.794    86.02  100.37
-117292.682   904.516   -83.48  125.81
-116917.983   855.496  -130.84  128.84
-116543.302   785.230  -187.56  107.64
-116168.641   748.184   -98.89   84.53
-115793.998   695.639  -140.27   88.18
-115419.375   629.730  -175.95  119.01
-115044.769   547.403  -219.79  140.14
-114670.183   459.326  -235.16  104.66
-114295.616   431.639   -73.93   69.75
-113921.067   449.116    46.67   86.16
-113546.537   486.911   100.92  110.53
-113172.026   514.851    74.61  101.98
-112797.534   550.980    96.48  110.67
-112423.060   549.963    -2.72  100.77
-112048.605   556.393    17.17  104.78
-111674.169   563.851    19.92   96.25
-111299.752   553.230   -28.37   91.07
-110925.353   535.048   -48.57   87.79
-110550.973   498.366   -97.99   89.71
-110176.612   448.798  -132.42   67.94
-109802.270   419.434   -78.45   50.71
-109427.946   404.874   -38.90   49.37
-109053.641   429.563    65.97   78.07
-108679.355   463.843    91.60   90.96
-108305.088   525.025   163.49  104.75
-107930.839   585.074   160.47   97.61
-107556.609   620.889    95.71   68.56
-107182.397   610.851   -26.83   72.21
-106808.204   571.963  -103.94   86.87
-106434.030   514.321  -154.07   86.70
-106059.875   467.829  -124.27   73.66
-105685.738   424.025  -117.09   68.73
-105311.620   393.474   -81.67   71.90
-104937.521   362.525   -82.74   71.42
-104563.440   331.007   -84.26   63.40
-104189.378   321.163   -26.32   66.28
-103815.335   310.785   -27.75   65.72
-103441.310   298.029   -34.11   67.22
-103067.304   282.765   -40.82   60.84
-102693.317   285.785     8.07   65.29
-102319.348   287.463     4.49   73.34
-101945.398   296.071    23.02   71.56
-101571.466   319.011    61.36   73.03
-101197.553   359.366   107.94   96.26
-100823.659   412.385   141.81  115.45
-100449.783   464.370   139.06  103.13
-100075.926   495.385    82.97   84.40
 -99702.088   477.326   -48.31   76.66
 -99328.268   442.821   -92.31   82.21
 -98954.466   389.750  -141.99   71.39
 -98580.684   357.496   -86.30   57.95
 -98206.920   341.139   -43.77   41.37
 -97833.174   353.393    32.79   57.47
 -97459.447   393.318   106.84   73.34
 -97085.739   410.802    46.79   64.06
 -96712.049   404.772   -16.14   61.97
 -96338.378   366.985  -101.13   72.49
 -95964.725   317.185  -133.29   78.92
 -95591.091   274.672  -113.79   61.44
 -95217.475   272.093    -6.90   62.43
 -94843.878   316.229   118.15   92.45
 -94470.299   394.231   208.82  104.13
 -94096.739   463.250   184.78  104.12
 -93723.198   510.074   125.36  107.79
 -93349.675   535.889    69.12  104.20
 -92974.379   553.088    45.83  129.64
 -92597.148   559.184    16.16  138.88
 -92219.936   572.661    35.73  151.70
 -91842.743   572.632    -0.08  150.88
 -91465.568   577.985    14.19  146.20
 -91088.413   538.980  -103.43  130.38
 -90711.276   502.480   -96.79  119.05
 -90334.158   418.843  -221.80  128.73
 -89957.059   338.670  -212.62  105.37
 -89579.979   299.139  -104.84   89.02
 -89202.918   283.159   -42.38  100.04
 -88825.876   315.318    85.30  117.78
 -88448.852   326.074    28.53  113.72
 -88071.848   333.067    18.55  110.49
 -87694.862   318.866   -37.67  100.32
 -87317.895   335.707    44.68  104.55
 -86940.947   332.207    -9.29   96.33
 -86564.018   321.480   -28.46   93.56
 -86187.108   305.843   -41.49   91.53
 -85810.216   273.985   -84.54   78.91
 -85433.343   261.731   -32.52   71.96
 -85056.490   244.480   -45.78   68.19
 -84679.654   220.792   -62.86   66.48
 -84302.838   197.480   -61.87   55.77
 -83926.041   196.163    -3.50   64.06
 -83549.262   217.093    55.56   79.32
 -83172.502   270.772   142.49   98.46
 -82795.761   320.378   131.68  100.14
 -82419.039   360.985   107.80  102.95
 -82042.335   399.957   103.46  108.18
 -81665.650   430.343    80.67  113.21
 -81288.984   458.298    74.22  114.32
 -80912.337   502.440   117.20  121.39
 -80535.709   537.185    92.26  107.06
 -80159.099   587.044   132.40   81.79
 -79782.508   606.451    51.54   80.63
 -79405.936   598.298   -21.65   85.01
 -79029.382   579.629   -49.58  102.23
 -78652.848   534.540  -119.76  117.80
 -78276.332   462.480  -191.40  111.82
 -77899.834   393.518  -183.18  104.23
 -77523.356   335.843  -153.21   76.69
 -77146.896   300.002   -95.21   60.20
 -76770.455   296.140   -10.26   50.38
 -76394.032   305.843    25.78   50.37
 -76017.629   321.896    42.65   49.88
 -75641.244   353.642    84.35   54.38
 -75264.877   388.185    91.79   59.49
 -74888.530   423.274    93.24   65.97
 -74512.201   454.579    83.19   60.46
 -74135.890   470.359    41.94   55.39
 -73759.599   460.812   -25.37   68.78
 -73383.326   428.116   -86.90   77.89
 -73007.072   375.794  -139.07   80.74
 -72630.836   345.071   -81.67   67.13
 -72254.619   310.896   -90.84   49.00
 -71878.421   306.278   -12.27   52.59
 -71502.241   306.272    -0.02   58.02
 -71126.080   321.934    41.64   57.93
 -70749.938   328.496    17.45   63.85
 -70373.814   343.993    41.20   72.17
 -69997.709   387.207   114.91   90.58
 -69621.623   441.048   143.17  111.11
 -69245.555   517.332   202.86   98.41
 -68869.505   590.874   195.58  111.76
 -68493.475   636.184   120.50   87.99
 -68117.463   623.934   -32.58   92.41
 -67741.469   567.616  -149.79  133.79
 -67365.495   488.382  -210.76  137.82
 -66989.538   404.321  -223.61  105.10
 -66613.601   346.719  -153.23   93.70
 -66237.682   295.025  -137.52   82.59
 -65861.781   270.940   -64.08   74.39
 -65485.899   247.889   -61.33   59.68
 -65110.036   217.298   -81.39   50.89
 -64734.191   189.732   -73.35   47.25
 -64358.365   164.116   -68.16   47.98
 -63982.557   139.421   -65.72   37.31
 -63606.768   119.096   -54.09   29.21
 -63230.997   102.585   -43.94   25.23
 -62855.245    88.253   -38.14   21.68
 -62479.512    79.957   -22.08   15.21
 -62103.797    80.657     1.86   13.95
 -61728.100    88.252    20.22   27.52
 -61352.422   102.843    38.84   38.55
 -60976.763   110.025    19.12   43.29
 -60601.122   123.474    35.80   51.45
 -60225.500   137.231    36.63   53.86
 -59849.896   160.775    62.69   54.09
 -59474.310   176.329    41.41   44.42
 -59098.744   182.389    16.14   45.12
 -58723.195   168.719   -36.40   49.06
 -58347.665   149.366   -51.54   53.22
 -57972.154   132.407   -45.17   46.26
 -57596.661   115.817   -44.18   44.35
 -57221.186   102.139   -36.43   43.78
 -56845.730    78.850   -62.03   27.71
 -56470.293    68.974   -26.31   19.15
 -56094.873    62.752   -16.57   14.91
 -55719.473    58.451   -11.46   13.83
 -55344.091    59.407     2.55   17.00
 -54968.727    74.040    38.99   37.44
 -54593.381    95.896    58.23   52.71
 -54218.055   118.626    60.56   53.67
 -53842.746   116.457    -5.78   43.02
 -53467.456   105.051   -30.39   34.48
 -53092.184    99.403   -15.05   28.00
 -52716.931    91.502   -21.05   29.33
 -52341.696    85.136   -16.97   30.48
 -51966.480    81.116   -10.71   30.40
 -51591.282    74.184   -18.48   21.78
 -51216.102    70.275   -10.42   16.63
 -50840.941    65.321   -13.21   12.35
 -50465.798    60.752   -12.18   11.17
 -50090.674    62.230     3.94   13.17
 -49715.568    63.253     2.73   14.23
 -49340.480    60.340    -7.77   15.08
 -48965.411    56.889    -9.20   18.23
 -48590.360    50.821   -16.18   20.43
 -48215.327    40.775   -26.79   13.93
 -47840.313    35.593   -13.82    4.69
 -47465.317    36.184     1.58    4.93
 -47090.339    39.411     8.61    7.57
 -46715.380    43.480    10.85    9.38
 -46340.439    47.502    10.73    9.31
 -45965.517    48.411     2.42   10.07
 -45590.613    48.911     1.33    9.01
 -45215.727    51.343     6.49    8.93
 -44840.859    51.525     0.49    7.77
 -44466.010    50.934    -1.58    8.22
 -44091.179    48.048    -7.70    9.95
 -43716.366    41.718   -16.89    8.88
 -43341.572    37.093   -12.34    7.36
 -42966.796    34.025    -8.19    5.08
 -42592.038    35.116     2.91    6.42
 -42217.299    38.002     7.70    8.32
 -41842.578    42.116    10.98    8.87
 -41467.875    45.661     9.46    8.53
 -41093.190    48.163     6.68    7.89
 -40718.524    51.493     8.89    6.25
 -40343.876    53.321     4.88    6.12
 -39969.246    52.718    -1.61    6.81
 -39594.634    49.548    -8.46    8.79
 -39220.041    47.002    -6.80    8.61
 -38845.466    43.457    -9.47    7.79
 -38470.909    40.798    -7.10    7.43
 -38096.370    37.812    -7.97    7.53
 -37721.850    33.207   -12.30    6.94
 -37347.348    28.918   -11.45    5.56
 -36972.864    26.407    -6.71    4.31
 -36598.398    26.934     1.41    5.08
 -36223.950    29.974     8.12    6.80
 -35849.521    34.696    12.61    6.56
 -35475.110    37.493     7.47    4.04
 -35100.717    37.296    -0.53    4.48
 -34726.342    35.340    -5.22    6.01
 -34351.986    32.434    -7.76    5.72
 -33977.648    31.556    -2.35    5.27
 -33603.328    33.021     3.91    5.83
 -33229.026    36.096     8.22    6.95
 -32854.742    42.445    16.96   12.27
 -32480.476    50.629    21.87   14.60
 -32106.229    56.340    15.26   12.61
 -31731.999    59.343     8.02   12.19
 -31357.788    57.088    -6.03   12.50
 -30983.595    50.021   -18.89    7.99
 -30609.420    44.429   -14.94    7.40
 -30235.264    42.969    -3.90    9.89
 -29861.125    42.424    -1.46    9.76
 -29487.005    41.980    -1.19   11.24
 -29112.902    42.298     0.85   13.54
 -28738.818    40.326    -5.27   13.25
 -28364.752    40.114    -0.57   13.42
 -27990.704    38.980    -3.03    8.29
 -27616.674    39.036     0.15    6.29
 -27242.663    41.316     6.09    7.29
 -26868.669    43.025     4.57    6.77
 -26494.693    41.480    -4.13    7.17
 -26120.736    38.778    -7.22    9.08
 -25746.797    38.602    -0.47   10.05
 -25372.875    37.911    -1.85    9.23
 -24998.972    40.007     5.60    9.18
 -24625.087    44.496    12.01    8.03
 -24251.220    46.071     4.21    6.62
 -23877.371    46.707     1.70    6.45
 -23503.540    49.731     8.09    6.80
 -23129.727    51.707     5.29    7.00
 -22755.932    51.275    -1.16    6.72
 -22382.156    51.932     1.76    7.36
 -22008.397    49.385    -6.82    8.96
 -21634.656    50.343     2.56   14.05
 -21260.934    52.370     5.42   15.02
 -20887.229    50.874    -4.00   16.01
 -20513.542    54.841    10.62   18.78
 -20139.874    50.230   -12.34   18.33
 -19766.223    45.132   -13.64   20.91
 -19392.591    35.696   -25.26   20.93
 -19018.976    26.411   -24.85   10.79
 -18645.379    31.934    14.78   17.96
 -18271.801    43.278    30.37   27.89
 -17896.082    53.407    26.96   25.19
 -17518.895    51.639    -4.69   20.97
 -17141.726    49.732    -5.06   19.28
 -16764.576    40.343   -24.89   13.68
 -16387.444    32.730   -20.19    7.81
 -16010.330    28.889   -10.19    7.61
 -15633.235    24.866   -10.67    7.18
 -15256.157    22.891    -5.24    6.98
 -14879.099    20.934    -5.19    7.00
 -14502.058    18.626    -6.12    5.67
 -14125.036    18.429    -0.52    6.70
 -13748.032    19.940     4.01    9.33
 -13371.047    22.112     5.76   10.89
 -12994.080    28.730    17.56   14.34
 -12617.131    34.412    15.07   13.34
 -12240.200    36.343     5.12   13.14
 -11863.288    33.343    -7.96   11.72
 -11486.394    29.788    -9.43   13.79
 -11109.518    22.474   -19.41   11.46
 -10732.661    17.157   -14.11    7.45
 -10355.822    23.934    17.98   17.14
  -9979.001    32.925    23.86   24.48
  -9602.198    44.881    31.73   35.02
  -9225.414    47.661     7.38   36.30
  -8848.648    39.755   -20.99   32.96
  -8471.900    26.502   -35.18   22.58
  -8095.170    15.817   -28.36   11.67
  -7718.459    12.093    -9.88    7.42
  -7341.766     9.812    -6.06    3.72
  -6965.091     9.048    -2.03    3.86
  -6588.434     6.718    -6.19    5.23
  -6211.796     5.636    -2.87    5.91
  -5835.176     5.963     0.87    6.72
  -5458.574     6.951     2.63    7.40
  -5081.990     8.323     3.64    6.90
  -4705.424    11.025     7.18    5.05
  -4328.877    12.496     3.91    3.17
  -3952.348    12.366    -0.34    2.32
  -3575.837    12.897     1.41    2.55
  -3199.344    11.785    -2.96    4.75
  -2822.870     9.775    -5.34    6.07
  -2446.413     7.639    -5.67    6.87
  -2069.975     5.821    -4.83    7.05
  -1693.555     4.571    -3.32    6.93
  -1317.153     3.002    -4.17    6.14
   -940.769     2.323    -1.80    5.62
   -564.404     2.474     0.40    5.73
   -188.056     2.548     0.20    6.07
    188.273     3.029     1.28    6.51
    564.584     3.300     0.72    6.74
    940.877     4.118     2.17    6.74
   1317.152     4.051    -0.18    6.43
   1693.408     4.140     0.24    6.26
   2069.647     4.486     0.92    6.01
   2445.867     5.429     2.51    6.30
   2822.070     6.207     2.07    6.59
   3198.254     7.957     4.65    6.28
   3574.420     9.163     3.20    6.45
   3950.568     9.116    -0.12    6.14
   4326.698     9.140     0.06    5.79
   4702.810     8.719    -1.12    5.68
   5078.904     9.140     1.12    5.60
   5454.979     8.742    -1.06    5.68
   5831.037     9.071     0.87    5.13
   6207.076     8.639    -1.15    5.23
   6583.098     8.684     0.12    5.50
   6959.101     9.185     1.33    5.51
   7335.086     9.744     1.49    6.08
   7711.053    10.563     2.18    5.76
   8087.003    10.874     0.83    5.83
   8462.934    12.366     3.97    5.55
   8838.847    13.486     2.98    4.55
   9214.742    14.486     2.66    3.68
   9590.619    17.366     7.66    7.23
   9966.478    21.500    11.00   10.67
  10342.319    27.275    15.37   13.95
  10718.142    33.798    17.36   17.13
  11093.946    31.416    -6.34   20.95
  11469.733    22.411   -23.96   22.65
  11845.502    12.158   -27.29   14.51
  12221.253    11.093    -2.83   12.08
  12596.986    16.112    13.36   20.76
  12972.701    18.275     5.76   22.46
  13348.398    18.457     0.48   22.38
  13724.076    11.659   -18.09   14.88
  14099.737     7.207   -11.85    3.16
  14475.380     7.857     1.73    3.56
  14851.005     8.496     1.70    3.44
  15226.612    11.416     7.78    9.12
  15602.201    22.661    29.94   30.63
  15977.772    60.719   101.33   72.46
  16353.325   104.745   117.23   94.02
  16728.861   147.389   113.55   88.52
  17104.378   177.682    80.67   67.95
  17479.877   147.851   -79.44   77.62
  17855.358    96.602  -136.49   59.50
  18230.822    60.752   -95.48   31.13
  18606.267    42.502   -48.61   19.66
  18981.695    33.438   -24.14   14.04
  19357.104    26.184   -19.32   10.52
  19732.496    21.134   -13.45    5.02
  20107.870    18.411    -7.25    4.69
  20483.226    16.775    -4.36    5.08
  20858.564    15.184    -4.24    5.25
  21233.884    13.161    -5.39    5.60
  21609.186    11.681    -3.95    4.94
  21984.470     9.343    -6.23    4.83
  22359.737     7.091    -6.00    4.24
  22734.985     5.385    -4.55    2.76
  23110.216     4.607    -2.07    1.99
  23485.429     3.969    -1.70    1.65
  23860.623     3.389    -1.55    1.48
  24235.801     3.181    -0.55    1.68
  24610.960     2.866    -0.84    1.63
  24986.101     2.434    -1.15    1.14
  25361.225     2.340    -0.25    0.66
  25736.330     2.866     1.40    1.48
  26111.418     3.158     0.78    1.53
  26486.488     4.730     4.19    3.66
  26861.540     7.130     6.40    5.78
  27236.574    10.139     8.02    6.85
  27611.591    15.821    15.15    9.58
  27986.590    22.626    18.15   17.80
  28361.571    31.896    24.72   26.82
  28736.534    36.807    13.10   28.03
  29111.479    36.048    -2.02   27.87
  29486.406    32.592    -9.22   26.61
  29861.316    33.207     1.64   22.02
  30236.208    39.230    16.06   27.13
  30611.082    47.184    21.22   27.37
  30985.938    54.451    19.39   26.42
  31360.777    69.007    38.83   44.47
  31735.597   117.093   128.29   96.39
  32110.400   194.361   206.15  125.16
  32485.186   273.161   210.25  140.51
  32859.953   345.161   192.11  131.92
  33234.703   384.974   106.24  117.92
  33609.435   377.457   -20.06  101.15
  33984.149   332.307  -120.49  125.02
  34358.845   255.957  -203.76  147.65
  34733.524   180.841  -200.47   96.37
  35108.185   149.139   -84.61   61.15
  35482.828   145.616    -9.40   63.43
  35857.454   163.921    48.86   66.71
  36232.062   186.548    60.40   91.63
  36606.652   235.231   129.96  117.07
  36981.224   250.002    39.43  112.45
  37355.779   277.858    74.37   91.02
  37730.316   294.707    44.98   84.68
  38104.835   321.139    70.57   95.32
  38479.337   368.064   125.30   99.02
  38853.820   352.252   -42.22  102.04
  39228.287   336.378   -42.39   90.30
  39602.735   339.480     8.28   91.21
  39977.166   355.067    41.63   83.85
  40351.579   363.661    22.95   83.98
  40725.975   346.025   -47.10  104.13
  41100.352   280.841  -174.11   99.94
  41474.713   215.639  -174.16   72.78
  41849.055   189.329   -70.28   47.21
  42223.380   188.457    -2.33   40.42
  42597.687   222.021    89.67   65.70
  42971.977   279.911   154.66  103.16
  43346.249   419.649   373.34  193.33
  43720.503   561.109   377.97  173.24
  44094.740   625.593   172.30  113.98
  44468.959   627.451     4.96  105.45
  44843.160   535.502  -245.71  138.40
  45217.344   400.765  -360.07  159.96
  45591.510   303.093  -261.03  147.30
  45965.659   231.091  -192.44   89.55
  46339.790   197.007   -91.10   63.36
  46713.903   213.798    44.88   89.29
  47087.999   218.357    12.19   89.49
  47462.077   218.025    -0.89   92.69
  47836.138   207.695   -27.61   97.16
  48210.181   172.298   -94.63   93.23
  48584.206   124.318  -128.27   82.95
  48958.214    83.257  -109.78   51.83
  49332.205    64.639   -49.78   24.00
  49706.177    54.907   -26.02   14.16
  50080.133    52.044    -7.66   14.49
  50454.070    51.579    -1.24   16.21
  50827.990    55.661    10.92   18.98
  51201.893    62.807    19.11   18.19
  51575.778    68.207    14.44   13.18
  51949.645    61.957   -16.72   14.71
  52323.495    51.507   -27.95   13.05
  52697.328    46.742   -12.75   11.74
  53071.143    39.649   -18.97    7.86
  53444.940    36.602    -8.15    8.51
  53818.720    33.896    -7.24    8.63
  54192.482    33.407    -1.31   10.15
  54566.227    36.593     8.53   13.84
  54939.954    41.540    13.24   18.00
  55313.664    44.067     6.76   23.46
  55687.357    51.889    20.93   40.55
  56061.031    63.044    29.85   58.85
  56434.689    55.851   -19.25   61.35
  56808.329    43.007   -34.37   58.94
  57184.476    29.798   -35.12   37.33
  57561.614    20.134   -25.62    9.26
  57938.734    23.556     9.07   13.33
  58315.836    34.525    29.09   27.78
  58692.921    48.016    35.78   36.19
  59069.987    82.093    90.37   56.90
  59447.036   129.305   125.21   74.61
  59824.067   147.346    47.85   79.07
  60201.081   139.300   -21.34   81.42
  60578.076   108.071   -82.83   57.54
  60955.054    81.116   -71.50   32.25
  61332.014    85.353    11.24   47.04
  61708.956   108.651    61.80   56.70
  62085.881   149.184   107.53   60.14
  62462.787   186.091    97.91   58.04
  62839.676   206.457    54.03   49.00
  63216.547   224.905    48.95   41.25
  63593.401   261.318    96.62   60.01
  63970.236   283.881    59.87   64.14
  64347.054   302.585    49.63   58.50
  64723.854   329.719    72.01   74.67
  65100.637   348.096    48.77  103.26
  65477.401   384.021    95.35  105.36
  65854.148   413.755    78.92   83.21
  66230.877   381.730   -85.00  121.13
  66607.589   329.821  -137.79  148.52
  66984.283   286.571  -114.81  161.91
  67360.959   249.389   -98.70  161.65
  67737.617   186.230  -167.67  140.98
  68114.258   120.843  -173.59  105.57
  68490.881    71.411  -131.24   56.53
  68867.486    49.207   -58.96   28.80
  69244.073    38.184   -29.27   16.75
  69620.643    35.502    -7.12   19.97
  69997.196    31.626   -10.30   22.06
  70373.730    21.639   -26.52   13.88
  70750.247    19.525    -5.61    9.23
  71126.746    26.298    17.99   17.36
  71503.228    41.812    41.20   28.17
  71879.691    57.835    42.56   30.51
  72256.138    84.564    71.00   41.31
  72632.566   123.957   104.64   70.41
  73008.977   164.185   106.87   82.37
  73385.370   215.093   135.24   76.33
  73761.746   252.340    98.96   52.65
  74138.104   263.159    28.74   35.87
  74514.445   289.593    70.23   53.54
  74890.767   327.071    99.58   71.04
  75267.072   377.067   132.85   69.06
  75643.360   428.661   137.10   43.42
  76019.630   456.346    73.57   37.03
  76395.882   488.674    85.91   40.89
  76772.117   497.183    22.62   45.20
  77148.334   459.835   -99.27   93.09
  77524.534   390.985  -183.00  124.14
  77900.716   310.370  -214.28  112.98
  78276.880   221.812  -235.41   75.46
  78653.027   173.612  -128.13   60.57
  79029.156   139.140   -91.64   38.47
  79405.267   117.993   -56.22   16.81
  79781.362   117.093    -2.39   17.10
  80157.438   113.040   -10.78   17.90
  80533.497   117.742    12.50   26.28
  80909.538   131.321    36.11   41.89
  81285.562   142.057    28.55   58.41
  81661.568   151.051    23.92   69.07
  82037.557   143.114   -21.11   67.40
  82413.528   118.160   -66.37   48.31
  82789.482    96.326   -58.07   36.09
  83165.418    80.582   -41.88   34.98
  83541.337    62.843   -47.18   21.82
  83917.238    54.012   -23.49    7.87
  84293.122    55.788     4.73    8.67
  84668.988    57.207     3.77    8.35
  85044.836    55.091    -5.63    8.94
  85420.667    51.571    -9.37    6.73
  85796.481    54.207     7.01   10.15
  86172.277    59.343    13.67   16.99
  86548.056    67.802    22.51   20.08
  86923.817    70.025     5.92   21.18
  87299.561    66.300    -9.91   19.24
  87675.287    64.232    -5.50   18.19
  88050.995    62.502    -4.60   16.34
  88426.687    61.982    -1.39   20.37
  88802.360    64.051     5.51   29.76
  89178.017    64.300     0.66   30.52
  89553.656    60.366   -10.47   23.55
  89929.277    59.230    -3.03   19.53
  90304.881    60.515     3.42   18.62
  90680.468    59.775    -1.97   18.11
  91056.037    57.890    -5.02   17.69
  91431.588    56.434    -3.88   13.49
  91807.123    54.525    -5.08    9.38
  92182.639    61.626    18.91   13.87
  92558.139    71.230    25.57   17.92
  92933.621    78.628    19.70   17.31
  93309.085    80.911     6.08   17.14
  93684.532    75.765   -13.71   17.49
  94059.962    81.343    14.86   23.20
  94435.375    97.807    43.85   39.38
  94810.770   105.744    21.14   36.46
  95186.147   116.821    29.51   32.22
  95561.507   121.482    12.42   31.03
  95936.850   126.002    12.04   37.37
  96312.176   139.858    36.91   38.91
  96687.484   146.161    16.79   34.30
  97062.774   157.858    31.16   34.49
  97438.048   175.130    46.02   39.35
  97813.304   190.934    42.11   43.12
  98188.542   208.646    47.20   40.79
  98563.764   222.275    36.32   53.50
  98938.967   256.525    91.28   87.02
  99314.154   292.275    95.28  118.25
  99689.323   342.502   133.87  137.82
 100064.475   359.181    44.45  141.78
 100439.610   360.866     4.49  149.44
 100814.727   374.921    37.47  152.64
 101189.827   358.785   -43.02  129.00
 101564.910   374.318    41.41  109.33
 101939.975   387.602    35.42   88.15
 102315.023   445.616   154.67   88.02
 102690.054   496.575   135.87   81.42
 103065.067   552.593   149.36   84.67
 103440.063   621.463   183.64   67.11
 103815.042   667.116   121.74   58.78
 104190.004   703.457    96.91   63.84
 104564.948   743.807   107.61   69.06
 104939.875   819.639   202.24  101.86
 105314.785   895.286   201.76  130.49
 105689.677   923.661    75.68  152.49
 106064.552   903.393   -54.06  190.86
 106439.410   910.502    18.96  214.41
 106814.251   916.044    14.78  222.36
 107189.074   973.720   153.86  181.57
 107563.880  1010.343    97.70  120.52
 107938.669   990.817   -52.10   95.83
 108313.441   934.775  -149.52   99.98
 108688.195   863.071  -191.32  126.01
 109062.933   781.812  -216.82  126.59
 109437.653   694.548  -232.85  111.21
 109812.355   631.575  -168.04  101.46
 110187.041   596.502   -93.60  115.55
 110561.709   562.707   -90.19  120.46
 110936.360   544.296   -49.14  125.03
 111310.994   521.798   -60.05  123.67
 111685.611   499.463   -59.62  105.74
 112060.211   471.752   -73.97  101.26
 112434.793   438.365   -89.12   86.46
 112809.358   426.798   -30.88   85.87
 113183.906   446.672    53.06  113.58
 113558.437   453.480    18.17  138.98
 113932.950   462.474    24.01  156.93
 114307.447   439.032   -62.59  146.18
 114681.926   393.593  -121.33  136.45
 115056.388   323.602  -186.89  115.52
 115430.833   254.866  -183.55  101.53
 115805.261   191.649  -168.82   72.22
 116179.672   164.707   -71.95   49.49
 116554.065   159.980   -12.63   42.89
 116928.441   171.925    31.90   43.37
 117302.801   169.184    -7.32   42.15
 117677.143   162.557   -17.70   43.20
 118051.468   141.707   -55.69   41.65
 118425.776   130.463   -30.04   35.96
 118800.066   125.161   -14.16   32.69
 119174.340   116.071   -24.29   31.38
 119548.596   116.822     2.01   28.19
 119922.836   115.571    -3.34   24.81
 120297.058   127.329    31.42   28.02
 120671.263   139.934    33.68   23.45
 121045.451   145.067    13.72   20.46
 121419.622   136.139   -23.86   23.96
 121793.776   120.230   -42.52   24.27
 122167.913   132.438    32.63   47.06
 122542.033   176.298   117.22   89.93
 122916.135   208.540    86.18   81.88
 123290.221   203.889   -12.43   80.81
 123664.290   178.275   -68.47   81.11
 124038.341   141.184   -99.15   57.68
 124412.375   116.071   -67.13   20.94
 124786.393   110.848   -13.96   22.29
 125160.393    95.843   -40.12   17.30
 125534.376    87.516   -22.26   19.57
 125908.343    86.752    -2.04   24.09
 126282.292    84.821    -5.17   25.20
 126656.224    81.573    -8.68   23.84
 127030.139    76.639   -13.19   19.99
 127404.037    71.426   -13.94   14.90
 127777.918    67.321   -10.98    9.11
 128151.782    64.421    -7.75    2.69
 128525.629    63.323    -2.94    3.57
 128899.460    66.945     9.69   10.59
 129273.273    72.963    16.10   17.45
 129647.069    77.343    11.72   16.41
 130020.848    81.682    11.61   14.08
 130394.610    81.889     0.55   13.06
 130768.355    86.649    12.73   15.03
 131142.083    95.323    23.21   14.79
 131515.794   100.683    14.34   10.97
 131889.488   103.256     6.88    8.35
 132266.058   104.639     3.67    8.64
 132643.153   102.557    -5.52   10.13
 133020.231   101.480    -2.86   10.45
 133397.292   104.207     7.23   13.95
 133774.335   111.928    20.48   16.14
 134151.362   119.321    19.61   14.52
 134528.371   127.332    21.25   19.15
 134905.362   131.161    10.16   21.67
 135282.337   141.493    27.40   40.34
 135659.294   167.798    69.77   62.01
 136036.234   199.350    83.70   71.95
 136413.156   216.771    46.21   59.10
 136790.062   219.957     8.45   50.81
 137166.950   211.632   -22.09   48.82
 137543.821   170.298  -109.66   50.52
 137920.674   144.137   -69.41   40.68
 138297.511   130.835   -35.30   27.40
 138674.330   140.321    25.17   38.09
 139051.132   151.523    29.73   39.70
 139427.917   163.798    32.57   40.73
 139804.684   164.579     2.07   37.74
 140181.435   166.139     4.14   35.76
 140558.168   175.252    24.19   40.27
 140934.884   215.607   107.11   74.78
 141311.582   302.866   231.61  133.84
 141688.264   414.832   297.21  143.50
 142064.928   491.533   203.61  110.44
 142441.575   507.025    41.13   87.63
 142818.205   478.323   -76.20   97.28
 143194.818   429.343  -130.04   83.51
 143571.414   409.339   -53.11   72.94
 143947.992   396.889   -33.06   80.71
 144324.553   409.974    34.75   81.47
 144701.097   406.434    -9.40   75.41
 145077.624   419.874    35.69   74.06
 145454.134   431.719    31.46   74.82
 145830.627   456.843    66.72   70.22
 146207.102   497.668   108.43   77.51
 146583.561   554.434   150.77  104.67
 146960.002   610.161   148.02  105.96
 147336.426   648.346   101.43  110.30
 147712.833   670.321    58.37  102.57
 148089.223   687.049    44.44   80.13
 148465.595   665.639   -56.88   82.52
 148841.951   641.719   -63.55   67.11
 149218.289   644.540     7.50   81.57
 149594.611   688.071   115.66  105.11
 149970.915   754.802   177.31  119.64
 150347.202   833.366   208.76  122.09
 150723.472   892.899   158.20  109.29
 151099.725   938.957   122.40  107.37
 151475.961   976.114    98.75   75.69
 151852.180   989.486    35.54   63.13
 152228.382   966.540   -60.99   93.58
 152604.566   924.257  -112.39  113.56
 152980.734   858.457  -174.90  125.26
 153356.885   783.407  -199.49  108.52
 153733.018   713.393  -186.12   91.10
 154109.134   663.343  -133.05   77.00
 154485.234   615.302  -127.72   75.26
 154861.316   573.957  -109.92   72.87
 155237.381   539.515   -91.57   71.81
 155613.430   508.025   -83.73   91.83
 155989.461   464.742  -115.09   95.68
 156365.475   414.346  -134.01  103.32
 156741.472   355.370  -156.83   83.86
 157117.452   323.207   -85.53   68.43
 157493.415   303.752   -51.74   69.93
 157869.362   281.438   -59.35   49.13
 158245.291   278.755    -7.14   42.57
 158621.203   286.533    20.69   50.08
 158997.098   300.091    36.06   66.70
 159372.976   319.230    50.91   77.39
 159748.837   314.305   -13.10   72.71
 160124.681   310.593    -9.87   72.18
 160500.508   311.280     1.83   63.95
 160876.318   309.616    -4.43   69.23
 161252.111   308.021    -4.24   64.56
 161627.888   289.719   -48.70   56.61
 162003.647   252.593   -98.79   55.52
 162379.389   220.771   -84.68   32.80
 162755.114   213.579   -19.14   25.10
 163130.823   244.160    81.39   65.32
 163506.514   280.486    96.68   72.50
 163882.189   316.585    96.08   67.33
 164257.846   350.432    90.09   60.51
 164633.487   351.502     2.85   63.94
 165009.110   354.134     7.00   70.48
 165384.717   373.516    51.60   82.40
 165760.307   395.044    57.31   94.80
 166135.880   412.421    46.26   94.58
 166511.435   403.002   -25.08   81.12
 166886.975   404.524     4.05   73.84
 167262.497   401.093    -9.13   65.35
 167638.002   404.802     9.88   55.07
 168013.490   416.480    31.09   52.54
 168388.962   411.556   -13.11   51.13
 168764.416   394.157   -46.33   62.18
 169139.854   354.457  -105.73   75.26
 169515.274   313.874  -108.09   72.32
 169890.678   271.231  -113.58   35.39
 170266.065   254.346   -44.97   14.77
 170641.435   256.533     5.82   23.20
 171016.789   260.866    11.54   31.30
 171392.125   266.707    15.56   38.13
 171767.444   279.116    33.06   46.47
 172142.747   291.451    32.86   50.12
 172518.033   300.639    24.48   46.68
 172893.302   294.370   -16.70   39.60
 173268.554   281.897   -33.23   41.59
 173643.789   272.684   -24.55   47.14
 174019.008   282.882    27.17   72.88
 174394.209   324.571   111.09  103.25
 174769.394   402.540   207.79  127.44
 175144.562   491.370   236.74  115.18
 175519.713   574.579   221.77   93.90
 175894.848   616.782   112.48   67.59
 176269.965   649.071    86.06   68.71
 176645.066   679.925    82.24   73.45
 177020.150   688.731    23.47   74.70
 177395.217   672.160   -44.17  105.62
 177770.267   615.812  -150.22  111.42
 178145.301   524.752  -242.77  102.86
 178520.318   447.732  -205.35   81.82
 178895.318   381.934  -175.43   74.23
 179270.301   319.987  -165.17   56.04
 179645.267   288.002   -85.29   32.68
 180020.217   277.298   -28.54   17.48
 180395.150   278.207     2.42   15.76
 180770.066   289.752    30.79   21.41
 181144.965   305.463    41.90   32.58
 181519.848   312.934    19.93   37.68
 181894.714   319.207    16.73   37.74
 182269.563   313.067   -16.38   37.50
 182644.395   298.346   -39.27   26.90
 183019.211   284.907   -35.85   21.26
 183394.010   273.821   -29.57   17.22
 183768.792   278.386    12.18   29.31
 184143.558   295.951    46.86   48.33
 184518.306   313.881    47.84   44.12
 184893.038   325.742    31.65   36.90
 185267.754   335.025    24.77   34.39
 185642.452   339.865    12.91   31.61
 186017.134   339.048    -2.18   33.93
 186391.799   319.107   -53.21   48.87
 186766.448   293.866   -67.36   46.10
 187141.080   279.911   -37.24   43.15
 187515.695   271.788   -21.68   40.28
 187890.293   270.298    -3.98   34.80
 188264.875   264.891   -14.43   25.39
 188639.440   263.571    -3.53   31.85
 189013.989   274.850    30.11   55.02
 189388.521   281.161    16.85   68.51
 189763.036   287.533    17.01   68.56
 190137.534   286.524    -2.69   67.39
 190512.016   306.161    52.43   76.36
 190886.481   334.771    76.39   87.68
 191260.930   396.389   164.53  116.74
 191635.362   455.048   156.64  112.61
 192009.777   511.998   152.08   83.88
 192384.175   562.571   135.06   80.93
 192758.557   600.874   102.29  109.33
 193132.923   694.752   250.73  125.20
 193507.272   778.882   224.70   93.16
 193881.604   803.661    66.19   98.74
 194255.919   764.343  -105.02  139.77
 194630.218   660.649  -276.99  162.61
 195004.500   591.866  -183.74  123.95
 195378.766   572.154   -52.66   99.74
 195753.015   630.161   154.97  134.17
 196127.248   744.921   306.60  153.37
 196501.464   856.025   296.85  155.48
 196875.663   957.918   272.25  132.56
 197249.846  1044.792   232.13  110.72
 197624.012  1122.298   207.11  105.10
 197998.161  1175.575   142.37   84.50
 198372.294  1197.684    59.08   63.87
 198746.411  1193.556   -11.03   77.41
 199120.511  1158.093   -94.78  106.03
 199494.594  1072.277  -229.37  117.96
 199868.661   992.335  -213.67  130.08
 200242.711   912.002  -214.73  149.51
 200616.745   857.732  -145.07  141.92
 200990.762   853.071   -12.46  127.64
 201364.763   848.533   -12.13  113.06
 201738.747   869.021    54.77   86.40
 202112.715   845.998   -61.55   92.12
 202486.666   797.797  -128.87  110.40
 202860.600   714.411  -222.96  134.88
 203234.518   627.682  -231.91  108.87
 203608.420   559.612  -182.02  102.67
 203982.305   534.548   -67.02  101.24
 204356.173   542.278    20.67  102.36
 204730.025   529.044   -35.39  101.47
 205103.861   517.157   -31.79  108.99
 205477.680   476.025  -110.01  112.22
 205851.482   405.353  -189.03   87.46
 206225.268   346.114  -158.46   88.57
 206599.038   308.998   -99.28   73.48
 206972.791   300.493   -22.75   56.85
 207349.779   312.230    31.13   57.45
 207726.829   342.040    79.05   50.32
 208103.861   383.683   110.43   61.71
 208480.877   386.928     8.60   68.79
 208857.877   367.945   -50.34   80.19
 209234.859   334.683   -88.22   84.26
 209611.825   292.085  -112.98   68.00
 209988.774   266.161   -68.76   54.87
 210365.706   239.987   -69.43   56.57
 210742.621   222.579   -46.18   46.61
 211119.520   248.253    68.11   66.10
 211496.402   306.890   155.55  103.39
 211873.267   388.775   217.24  107.76
 212250.116   453.307   171.21   66.58
 212626.947   473.639    53.94   47.71
 213003.762   473.881     0.64   49.47
 213380.561   457.707   -42.92   52.54
 213757.342   426.742   -82.17   63.09
 214134.107   387.857  -103.19   79.35
 214510.855   341.502  -123.02   83.79
 214887.587   293.278  -127.98   76.00
 215264.302   256.230   -98.33   64.25
 215641.000   243.231   -34.50   67.58
 216017.681   246.378     8.35   88.67
 216394.346   256.502    26.87  106.01
 216770.994   276.782    53.83  111.69
 217147.625   251.639   -66.75   90.88
 217524.240   213.812  -100.42   71.02
 217900.838   184.835   -76.93   53.80
 218277.419   159.457   -67.38   46.90
 218653.984   146.592   -34.16   39.58
 219030.532   158.457    31.51   46.73
 219407.063   179.588    56.11   62.80
 219783.578   220.370   108.29   68.35
 220160.076   277.802   152.52   86.37
 220536.558   336.768   156.59   89.94
 220913.022   373.571    97.74   60.66
 221289.471   374.057     1.29   53.20
 221665.902   338.866   -93.47   61.26
 222042.317   296.137  -113.49   54.08
 222418.715   265.695   -80.86   52.68
 222795.097   222.139  -115.70   52.49
 223171.462   197.027   -66.71   41.58
 223547.811   211.230    37.73   60.22
 223924.142   242.969    84.32   72.60
 224300.458   280.067    98.56   53.19
 224676.756   285.826    15.30   52.95
 225053.039   267.207   -49.47   54.95
 225429.304   246.116   -56.04   46.21
 225805.553   221.457   -65.53   40.20
 226181.785   199.684   -57.86   49.98
 226558.001   184.137   -41.32   46.45
 226934.200   168.323   -42.03   40.33
 227310.383   149.093   -51.11   31.13
 227686.549   137.053   -32.00   25.16
 228062.698   126.980   -26.78   23.23
 228438.831   114.493   -33.19   18.63
 228814.948   103.556   -29.07   13.90
 229191.048   102.040    -4.03   18.18
 229567.131   106.874    12.85   21.35
 229943.198   115.002    21.61   24.27
 230319.248   118.207     8.52   22.93
 230695.282   113.002   -13.84   21.58
 231071.299   100.300   -33.77   15.74
 231447.300    93.928   -16.94    8.89
 231823.284   102.048    21.59   22.05
 232199.251   115.002    34.45   27.50
 232575.202   130.889    42.25   26.10
 232951.137   137.993    18.89   20.88
 233327.055   129.486   -22.62   23.89
 233702.957   117.469   -31.96   23.20
 234078.842   107.907   -25.43   20.19
 234454.711    99.798   -21.57   15.19
 234830.563    95.732   -10.82    9.90
 235206.398    99.556    10.17   10.68
 235582.218   100.812     3.34    9.18
 235958.020    99.509    -3.46    8.79
 236333.807    95.093   -11.75    9.72
 236709.576    91.207   -10.34    7.92
 237085.330    88.025    -8.47    7.52
 237461.067    85.945    -5.53    6.12
 237836.787    84.998    -2.52    5.83
 238212.491    85.974     2.60    6.00
 238588.179    86.183     0.55    5.42
 238963.850    84.889    -3.44    5.40
 239339.504    84.682    -0.55    6.23
 239715.143    84.548    -0.36    6.64
 240090.764    86.416     4.97    7.12
 240466.370    87.533     2.97    7.56
 240841.959    91.416    10.34    7.64
 241217.531    94.104     7.16    7.04
 241593.087    95.821     4.57    6.40
 241968.627    94.482    -3.56    6.66
 242344.150    96.231     4.66    7.41
 242719.657    97.298     2.84    7.70
 243095.148    94.134    -8.42    9.72
 243470.622    91.343    -7.43    9.52
 243846.080    87.744    -9.59    8.52
 244221.521    83.161   -12.20    9.26
 244596.946    80.044    -8.30   11.09
 244972.354    73.602   -17.16    8.26
 245347.747    71.350    -6.00    8.32
 245723.123    70.857    -1.31    5.22
 246098.482    73.275     6.44    6.97
 246473.825    76.482     8.54    8.29
 246849.152    80.040     9.48    9.72
 247224.462    82.889     7.59    9.92
 247599.756    86.451     9.49   11.01
 247975.034    86.160    -0.77   11.99
 248350.295    86.622     1.23   11.92
 248725.541    87.707     2.89    9.60
 249100.769    87.207    -1.33    8.61
 249475.982    85.021    -5.82    8.78
 249851.178    82.112    -7.75    7.97
 250226.357    82.670     1.49    8.46
 250601.521    87.502    12.88    9.24
 250976.668    92.157    12.40    8.47
 251351.799    95.626     9.24    8.49
 251726.913   101.230    14.94    9.86
 252102.012   105.486    11.34   13.58
 252477.093   117.350    31.62   28.67
 252852.159   133.533    43.14   41.27
 253227.208   153.649    53.62   54.81
 253602.241   178.397    65.98   72.32
 253977.258   186.480    21.55   82.97
 254352.259   185.897    -1.55   83.45
 254727.243   174.040   -31.61   58.04
 255102.211   176.463     6.46   52.88
 255477.163   183.326    18.30   54.12
 255852.098   196.480    35.07   55.24
 256227.017   213.993    46.70   54.95
 256601.920   261.556   126.84   81.11
 256976.807   301.905   107.61   86.03
 257351.677   328.798    71.72   79.81
 257726.531   328.463    -0.89   71.53
 258101.369   296.085   -86.36   71.28
 258476.191   266.088   -80.01   58.01
 258850.997   226.252  -106.26   48.52
 259225.786   203.393   -60.98   41.86
 259600.559   188.821   -38.87   41.28
 259975.316   173.114   -41.90   30.86
 260350.056   166.302   -18.17   24.23
 260724.781   159.183   -18.99   24.64
 261099.489   146.184   -34.68   17.86
 261474.181   141.812   -11.67   11.49
 261848.857   142.889     2.87   10.77
 262223.516   146.457     9.52   11.86
 262598.160   158.858    33.09   23.52
 262972.787   171.040    32.51   34.93
 263347.398   181.998    29.24   36.78
 263721.993   181.277    -1.92   36.13
 264096.572   177.670    -9.63   33.76
 264471.134   173.957    -9.91   36.10
