# NaN NaN NaN ;Mean Elev.(m), Avg Gradient(m/km), RMS Gradient(m/km) - SRTM1     
#    2.378   0.727   2.426 ;Mean Elev.(m), Avg Gradient(m/km), RMS Gradient(m/km) - ASTER GDEM
#   10.177   0.676   1.907 ;Mean Elev.(m), Avg Gradient(m/km), RMS Gradient(m/km) - GMTED2010 
  6 116.385319  29.862081    14.405    13.710  8 52442.10711056 34.328
  7 116.390368  29.862968    17.624    16.528  8 52477.10710604 31.406
  8 116.401961  29.866252    18.235    18.122  5 52512.10705095 28.442
  9 116.398851  29.865238    12.910    12.916  6 52547.10708431 24.972
 10 116.397739  29.864790    14.013    14.105  6 52582.10709651 19.578
 11 116.388835  29.863287    15.291    15.137  8 52617.10706897 22.998
 12 116.406120  29.868601    12.302    12.626  5 52652.10704273 21.487
 13 116.396276  29.865222    11.103    11.048  6 52687.10703896 28.603
 14 116.395979  29.864889    12.989    12.277  6 52722.10708717 23.341
 15 116.380984  29.861853    15.275    16.158 10 52757.10711052 25.750
 17 116.403192  29.865928    15.933    15.976  6 52827.10712845 25.196
 18 116.404346  29.866145    14.901    14.880  5 52862.10717375 21.134
 19 116.392837  29.863960    15.063    15.230  8 52897.10720441 28.065
 20 116.389256  29.864357    14.369    14.498  8 52932.10715140 19.985
 21 116.400927  29.865385    10.969    11.159  6 52967.10715323 23.282
 22 116.387811  29.861705     8.603     8.674  8 53002.10718110 24.008
 23 116.388724  29.861960    14.926    14.840  8 53037.10713005 17.483
 24 116.394503  29.864000    11.770    11.633  7 53072.10715387 19.728
 25 116.387610  29.862040    15.696    15.212  8 53107.10713082 21.320
 26 116.397751  29.864480    14.266    13.970  6 53142.10716165 20.167
 27 116.397580  29.864570    14.280    14.028  6 53177.10718732 21.032
 28 116.393826  29.865347    15.553    15.599  7 53212.10720719 26.072
 29 116.394922  29.864101    14.540    14.390  7 53247.10717591 18.459
 30 116.396194  29.864689    13.868    13.738  7 53282.10716395 20.507
 31 116.399635  29.866052    10.257    10.686  6 53317.10716956 28.842
 32 116.398899  29.864948    14.071    14.307  6 53352.10713541 16.945
 33 116.398638  29.864761     9.294     9.593  6 53387.10712554 28.140
 34 116.403501  29.866770    12.269    12.338  6 53422.10712705 24.960
 35 116.404767  29.867980    14.068    14.080  5 53457.10713206 19.518
 36 116.389239  29.863844    15.131    14.925  8 53492.10721830 22.309
 37 116.401059  29.865710    14.890    15.229  6 53527.10719817 21.088
 38 116.387821  29.863230    14.745    14.253  9 53562.10722826 26.236
 39 116.398502  29.865117    14.130    14.065  6 53597.10716703 20.020
 40 116.395410  29.864707    15.612    15.378  6 53632.10716211 22.055
 41 116.391633  29.863382    11.075    11.083  7 53667.10718516 33.849
 42 116.398946  29.865216    12.357    12.583  6 53702.10713201 23.559
 43 116.396702  29.864891    12.203    11.881  7 53737.10704204 19.785
 44 116.403793  29.866167    15.378    14.800  5 53772.10704999 20.843
 45 116.397076  29.864662    13.433    12.912  7 53807.10703972 23.505
 47 116.400855  29.866675    14.302    14.036  6 53877.10710756 19.940
 48 116.390249  29.862371    14.904    14.878  8 53912.10715927 26.953
 49 116.385853  29.862142    14.638    14.494  8 53947.10717567 27.222
 50 116.392087  29.863058    12.934    13.184  7 53982.10711888 23.013
 51 116.401688  29.865662    10.307    10.580  5 54017.10714345 20.447
 52 116.405801  29.867664     8.226     6.833  5 54052.10714006 29.022
 53 116.395978  29.864280    11.308    11.142  6 54087.10713279 24.582
 54 116.390349  29.862446    17.670    18.689  8 54122.10705737 18.266
 55 116.395944  29.865165    11.497    12.168  7 54157.10709369 22.224
 56 116.392424  29.864012    15.013    15.637  7 54192.10705615 15.373
 57 116.396934  29.865603    10.686    10.388  6 54227.10710476 25.958
 58 116.397448  29.864320    12.037    11.953  6 54262.10712439 23.943
 59 116.397143  29.865931    14.808    14.868  6 54297.10712916 22.525
 60 116.396317  29.863747    14.878    14.879  6 54332.10712008 22.652
 61 116.392722  29.863110    14.868    14.853  7 54367.10706199 19.569
 62 116.397052  29.864892    13.184    12.936  6 54402.10706271 22.032
 63 116.393159  29.863558    11.899    12.192  7 54437.10702024 31.634
 64 116.400650  29.865165     9.299     9.465  6 54472.10704747 26.173
 65 116.393258  29.863138    11.286    11.227  7 54507.10703214 25.423
 66 116.397721  29.864240    10.637    11.278  6 54542.10706224 23.308
 67 116.393172  29.863846    15.705    16.714  7 54577.10703366 17.574
 68 116.397026  29.864019    10.794    11.077  6 54612.10705342 24.540
 69 116.396087  29.864965    14.243    14.275  6 54647.10706056 29.025
 70 116.395618  29.865246    14.347    14.356  7 54682.10706104 35.588
 71 116.393703  29.863297    15.616    15.621  7 54717.10700994 34.068
 72 116.397258  29.864500    12.672    13.019  6 54752.10703355 30.045
 73 116.394126  29.864816    14.147    13.747  7 54787.10700000 33.361
 74 116.399257  29.866459    13.646    13.832  6 54822.10702681 20.393
 75 116.395348  29.865031    11.114    10.804  7 54857.10699589 29.582
 76 116.394100  29.864239    15.947    15.014  7 54892.10703082 32.245
 77 116.390911  29.863155    10.458     8.771  8 54927.10699426 34.892
 78 116.396624  29.865183    13.536    13.300  7 54962.10702889 22.839
 79 116.393850  29.864761    13.852    13.645  7 54997.10705049 33.861
 80 116.395216  29.864238    14.326    14.227  7 55032.10704007 31.149
 81 116.395902  29.865021    14.783    14.784  6 55067.10702871 20.446
 82 116.390882  29.864325    13.871    13.632  8 55102.10696942 24.776
 83 116.397264  29.864199    13.541    13.210  6 55137.10697558 21.731
 84 116.393979  29.863993    10.914    11.118  6 55172.10693722 20.946
 85 116.398193  29.866328    11.900    11.879  6 55207.10696899 21.723
 86 116.391854  29.863229    17.427    17.755  7 55242.10694283 21.818
 87 116.395067  29.865154    12.949    12.666  7 55277.10696302 31.589
 88 116.393851  29.864786    14.937    14.845  7 55312.10692687 33.627
 89 116.396804  29.864894    15.473    15.374  7 55347.10693293 26.732
 90 116.394832  29.864252    17.315    17.283  7 55382.10692465 34.124
 91 116.398457  29.864362    17.274    17.138  6 55417.10695192 30.457
 92 116.395388  29.864799    15.861    15.888  6 55452.10693453 24.590
 93 116.393134  29.862962    15.662    15.583  7 55487.10685786 26.897
