# NaN NaN NaN ;Mean Elev.(m), Avg Gradient(m/km), RMS Gradient(m/km) - SRTM1     
#  162.712  -7.111  15.511 ;Mean Elev.(m), Avg Gradient(m/km), RMS Gradient(m/km) - ASTER GDEM
#  151.392  -7.274  17.651 ;Mean Elev.(m), Avg Gradient(m/km), RMS Gradient(m/km) - GMTED2010 
  8   297.615 52479.13306526  6.49 107.033343  29.804072  1.694
  8   301.629 52479.13306591  6.91 107.032453  29.800792  1.694
  8   298.078 52479.13306655  6.56 107.031573  29.797502  1.694
  9   372.382 52514.13300944  1.18 107.044647  29.810240  5.184
  9   372.739 52514.13301008  0.12 107.043760  29.806953  2.552
 10   317.113 52549.13305407  8.67 107.039716  29.809189  2.516
 10   315.566 52549.13305472  7.13 107.038836  29.805909  2.516
 10   331.583 52549.13305536  5.71 107.037946  29.802619  2.516
 10   312.884 52549.13305601  8.11 107.037056  29.799329  2.516
 12   288.309 52619.13302242 12.10 107.032536  29.804367  3.977
 12   286.048 52619.13302306 13.51 107.031646  29.801077  3.977
 12   285.123 52619.13302371 12.39 107.030756  29.797787  3.977
 13   374.925 52654.13300205  3.79 107.050568  29.814226  6.782
 13   378.561 52654.13300270  3.79 107.049678  29.810946  6.782
 14   203.729 52689.13299924 20.88 107.038230  29.812553  3.992
 14   255.385 52689.13299988 16.37 107.037350  29.809273  3.992
 14   259.441 52689.13300052 15.48 107.036460  29.805983  3.992
 14   158.524 52689.13300181 22.98 107.034690  29.799403  3.992
 14   254.143 52689.13300246 16.30 107.033800  29.796123  3.992
 17   374.980 52794.13301734  2.25 107.048888  29.815640  1.763
 17   378.992 52794.13301799  0.17 107.048008  29.812360  1.763
 22   296.999 52969.13311824 12.19 107.041667  29.806663  7.044
 22   280.958 52969.13311888 12.57 107.040777  29.803373  7.044
 27   153.082 53144.13312589 37.24 107.041157  29.814031  9.601
 27   147.531 53144.13312653 42.27 107.040267  29.810741  9.601
 27   152.417 53144.13312718 25.82 107.039387  29.807461  9.601
 27   154.854 53144.13312782 20.36 107.038497  29.804171  9.601
 28   372.926 53179.13314242  3.95 107.044267  29.814332  1.866
 28   376.013 53179.13314307  1.77 107.043387  29.811042  1.866
 28   381.082 53179.13314371  0.06 107.042497  29.807762  1.866
 30   157.363 53249.13313547 25.64 107.036509  29.804676  6.888
 30   157.641 53249.13313612 27.29 107.035629  29.801396  6.888
 30   158.030 53249.13313676 30.48 107.034739  29.798106  6.888
 30   157.983 53249.13313741 33.31 107.033849  29.794816  6.888
 30   153.875 53249.13313805 36.07 107.032969  29.791526  6.888
 31   160.447 53284.13312845 24.37 107.039346  29.812219  7.392
 31   161.002 53284.13312909 23.98 107.038466  29.808939  7.392
 31   159.773 53284.13312973 25.26 107.037576  29.805649  7.392
 31   161.169 53284.13313167 28.09 107.034916  29.795789  7.392
 33   152.119 53354.13308670 37.25 107.044299  29.813598  5.498
 33   147.272 53354.13308734 38.72 107.043409  29.810308  5.498
 33   147.593 53354.13308799 33.97 107.042519  29.807018  5.498
 33   152.659 53354.13308863 31.37 107.041639  29.803738  5.498
 34   300.347 53389.13308911 12.39 107.042410  29.809508  3.671
 34   295.464 53389.13308976 11.94 107.041530  29.806228  3.671
 34   294.890 53389.13309040 12.39 107.040640  29.802938  3.671
 35   299.536 53424.13308665 12.45 107.047431  29.816954  7.059
 35   301.323 53424.13308730 12.77 107.046551  29.813674  7.059
 35   264.022 53424.13308794 12.96 107.045661  29.810384  7.059
 35   257.884 53424.13308859 14.27 107.044771  29.807094  7.059
 36   373.034 53459.13309177  5.20 107.050382  29.815756  2.066
 36   376.672 53459.13309242  5.15 107.049492  29.812476  2.066
 40   211.670 53599.13312576 19.04 107.042070  29.812562  5.315
 40   210.442 53599.13312641 19.86 107.041180  29.809272  5.315
 40   209.846 53599.13312705 19.50 107.040300  29.805982  5.315
 40   202.849 53599.13312770 20.28 107.039410  29.802702  5.315
 40   242.250 53599.13312834 21.34 107.038520  29.799412  5.315
 41   311.992 53634.13312213  7.10 107.040012  29.811863  2.972
 41   298.941 53634.13312277  7.68 107.039122  29.808573  2.972
 41   297.357 53634.13312342  7.46 107.038232  29.805283  2.972
 41   308.061 53634.13312406  7.16 107.037352  29.801993  2.972
 41   310.303 53634.13312471  7.30 107.036462  29.798713  2.972
 44   316.477 53739.13299272 11.01 107.041267  29.812056  3.759
 44   298.254 53739.13299336 12.10 107.040376  29.808769  3.707
 44   289.072 53739.13299401 12.41 107.039486  29.805479  3.707
 44   270.530 53739.13299465 14.86 107.038606  29.802199  3.707
 46   155.473 53809.13299503 25.90 107.041339  29.813776  6.975
 46   154.351 53809.13299567 23.97 107.040459  29.810486  6.975
 46   205.823 53809.13299632 20.59 107.039569  29.807196  6.975
 46   253.989 53809.13299696 20.15 107.038679  29.803916  6.975
 46   255.702 53809.13299761 18.76 107.037799  29.800626  6.975
 48   334.823 53879.13306474 13.11 107.047020  29.815599  5.700
 48   303.997 53879.13306539 11.72 107.046130  29.812319  5.700
 48   275.751 53879.13306603 13.58 107.045250  29.809029  5.700
 48   266.946 53879.13306667 15.07 107.044360  29.805739  5.700
 51   154.766 53984.13307192 22.04 107.037696  29.811015 10.396
 51   155.381 53984.13307257 19.93 107.036806  29.807725 10.396
 51   156.450 53984.13307321 19.36 107.035916  29.804445 10.396
 51   157.167 53984.13307450 23.02 107.034146  29.797865 10.396
 51   157.194 53984.13307515 27.47 107.033256  29.794575 10.396
 53   349.785 54054.13309479  6.87 107.052093  29.815866  4.543
 53   334.876 54054.13309544  7.60 107.051203  29.812576  4.543
 54   196.843 54089.13308700 17.58 107.041114  29.813254  9.523
 54   157.298 54089.13308765 17.20 107.040224  29.809964  9.523
 54   200.665 54089.13308829 17.98 107.039334  29.806684  9.523
 54   157.054 54089.13308894 18.91 107.038454  29.803394  9.523
 54   157.944 54089.13308958 22.99 107.037564  29.800104  9.523
 55   161.961 54124.13300916 19.86 107.047122  29.815561 11.541
 55   160.017 54124.13300980 20.69 107.046242  29.812271 11.541
 55   160.043 54124.13301045 20.17 107.045352  29.808991 11.541
 56   316.513 54159.13305248  7.89 107.040290  29.811762  6.073
 56   309.250 54159.13305312  8.14 107.039400  29.808472  6.073
 56   328.341 54159.13305376  8.01 107.038517  29.805187  3.016
 56   290.986 54159.13305441  8.76 107.037627  29.801897  3.016
 57   380.739 54194.13301217  2.07 107.045831  29.815764  2.031
 57   381.723 54194.13301281  1.25 107.044951  29.812484  2.031
 57   386.872 54194.13301346  0.97 107.044061  29.809194  2.031
 57   384.882 54194.13301410  0.90 107.043171  29.805904  2.031
 58   149.831 54229.13306413 41.08 107.041831  29.812104  8.484
 58   147.658 54229.13306478 41.38 107.040951  29.808814  8.484
 58   152.411 54229.13306542 28.16 107.040061  29.805524  8.484
 58   152.993 54229.13306607 23.40 107.039171  29.802234  8.484
 59   320.914 54264.13308292 10.11 107.041923  29.809824  7.591
 59   311.037 54264.13308356  9.36 107.041043  29.806544  7.591
 59   288.283 54264.13308421 10.55 107.040153  29.803254  7.591
 59   282.903 54264.13308485 11.31 107.039263  29.799964  7.591
 60   354.546 54299.13308549  3.78 107.043996  29.815567  7.503
 60   298.015 54299.13308678 12.43 107.042221  29.808992  8.790
 60   282.191 54299.13308742 12.80 107.041331  29.805702  8.790
 60   283.852 54299.13308807 11.85 107.040441  29.802412  8.790
 61   161.380 54334.13307693 18.44 107.040677  29.811205 15.412
 61   161.762 54334.13307757 18.95 107.039787  29.807925 15.412
 61   161.289 54334.13307822 17.95 107.038907  29.804635 15.412
 61   162.212 54334.13307886 19.04 107.038017  29.801345 15.412
 63   160.261 54404.13302175 18.18 107.039199  29.806896  3.879
 63   160.097 54404.13302239 19.80 107.038308  29.803610  3.981
 64   333.753 54439.13297766 12.17 107.045427  29.812159  8.887
 64   332.460 54439.13297830 10.70 107.044537  29.808869  8.887
 64   332.871 54439.13297895 10.49 107.043653  29.805584  3.034
 65   372.695 54474.13300647  1.76 107.045035  29.814594  5.033
 65   348.542 54474.13300711  7.39 107.044155  29.811304  5.033
 65   357.038 54474.13300775  5.56 107.043265  29.808014  5.033
 65   355.867 54474.13300840  4.60 107.042379  29.804729  2.351
 67   211.413 54544.13302079 21.33 107.042630  29.814659  5.736
 67   208.113 54544.13302143 22.42 107.041740  29.811369  5.736
 67   234.641 54544.13302208 13.53 107.040850  29.808079  5.736
 68   237.420 54579.13298906 16.64 107.043901  29.814734  7.905
 68   200.806 54579.13299164 19.43 107.040361  29.801594  7.905
 70   332.008 54649.13302045  8.35 107.041423  29.812872  4.296
 70   314.747 54649.13302109  8.28 107.040533  29.809582  4.296
 70   290.136 54649.13302174  9.16 107.039653  29.806302  4.296
 70   299.382 54649.13302238  7.66 107.038763  29.803012  4.296
 70   300.362 54649.13302303  7.56 107.037873  29.799722  4.296
 73   303.074 54754.13299182  9.48 107.041717  29.812095  2.941
 73   331.805 54754.13299247  8.29 107.040837  29.808815  2.941
 73   309.349 54754.13299311  7.62 107.039947  29.805525  2.941
 73   315.106 54754.13299376  7.60 107.039057  29.802235  2.941
 74   250.902 54789.13295805 16.11 107.044805  29.814997  5.012
 74   238.984 54789.13295869 16.83 107.043915  29.811707  5.012
 74   199.434 54789.13295934 18.12 107.043035  29.808427  5.012
 74   199.711 54789.13295998 17.56 107.042145  29.805137  5.012
 75   172.843 54824.13298635 20.78 107.043995  29.814080  7.406
 75   172.089 54824.13298699 21.38 107.043105  29.810790  7.406
 75   234.956 54824.13298764 20.42 107.042225  29.807510  7.406
 75   235.029 54824.13298828 20.35 107.041335  29.804220  7.406
 77   311.338 54894.13298950  8.81 107.038415  29.809888  2.929
 77   297.374 54894.13299015  9.52 107.037525  29.806608  2.929
 77   295.827 54894.13299079 10.32 107.036635  29.803318  2.929
 77   289.294 54894.13299144 10.15 107.035745  29.800028  2.929
 77   291.171 54894.13299208  9.45 107.034865  29.796748  2.929
 77   328.660 54894.13299273  8.87 107.033975  29.793458  2.929
 78   163.434 54929.13295092 23.83 107.042973  29.812661  5.357
 78   162.515 54929.13295156 24.51 107.042083  29.809371  5.357
 78   162.322 54929.13295221 25.63 107.041193  29.806081  5.357
 78   163.044 54929.13295285 25.21 107.040313  29.802801  5.357
 79   263.931 54964.13298838 16.80 107.040977  29.811404  7.365
 79   267.691 54964.13298903 15.86 107.040087  29.808114  7.365
 79   271.580 54964.13298967 16.45 107.039197  29.804834  7.365
 79   160.349 54964.13299032 23.45 107.038317  29.801544  7.365
 80   334.451 54999.13300937  6.89 107.038307  29.811053  3.454
 80   315.809 54999.13301002  7.52 107.037417  29.807763  3.454
 80   315.442 54999.13301066  8.08 107.036537  29.804483  3.454
 80   300.685 54999.13301131  8.55 107.035647  29.801193  3.454
 80   302.655 54999.13301195  8.33 107.034757  29.797903  3.454
 80   318.703 54999.13301260  8.03 107.033877  29.794623  3.454
 81   307.671 55034.13299609  7.13 107.042698  29.812848  4.139
 81   305.226 55034.13299673  7.25 107.041808  29.809558  4.139
 81   305.402 55034.13299738  7.40 107.040928  29.806278  4.139
 81   308.207 55034.13299802  8.35 107.040038  29.802988  4.139
 82   310.315 55069.13298522  7.62 107.040111  29.812873  4.160
 82   305.208 55069.13298586  7.30 107.039231  29.809583  4.160
 82   307.398 55069.13298651  7.41 107.038341  29.806293  4.160
 82   316.599 55069.13298715  6.88 107.037451  29.803013  4.160
 82   311.564 55069.13298780  6.92 107.036571  29.799723  4.160
 83   167.198 55104.13292512 15.82 107.043709  29.814255  9.734
 83   198.818 55104.13292576 14.25 107.042819  29.810965  9.734
 83   167.141 55104.13292641 15.41 107.041929  29.807675  9.734
 83   279.988 55104.13292705 10.71 107.041049  29.804395  9.734
 83   203.248 55104.13292770 19.61 107.040159  29.801105  9.734
 85   273.247 55174.13289250 12.77 107.046670  29.815176  4.347
 85   264.748 55174.13289315 13.29 107.045780  29.811886  4.347
 85   261.898 55174.13289379 14.87 107.044890  29.808596  4.347
 86   337.438 55209.13292777  7.17 107.042603  29.813361  3.208
 86   346.182 55209.13292905  4.25 107.040823  29.806781  3.208
 87   318.101 55244.13289888  8.46 107.043876  29.814307  2.710
 87   307.053 55244.13289953  8.72 107.042986  29.811017  2.710
 87   299.297 55244.13290017  8.36 107.042096  29.807727  2.710
 87   307.092 55244.13290082  8.26 107.041216  29.804447  2.710
 87   295.073 55244.13290146  8.04 107.040326  29.801157  2.710
 88   300.367 55279.13292192 12.09 107.039257  29.810739  4.692
 88   299.167 55279.13292256 11.96 107.038367  29.807449  4.692
 88   298.187 55279.13292321 12.86 107.037487  29.804169  4.692
 88   294.677 55279.13292385 12.62 107.036597  29.800879  4.692
 90   303.257 55349.13289220 12.93 107.041422  29.814177  9.010
 90   298.308 55349.13289284 13.04 107.040532  29.810887  9.010
 90   298.225 55349.13289349 12.92 107.039652  29.807607  9.010
 90   293.307 55349.13289413 13.35 107.038762  29.804317  9.010
 90   289.168 55349.13289478 13.10 107.037872  29.801027  9.010
 91   261.180 55384.13288566 16.14 107.041768  29.807287  6.608
 91   257.836 55384.13288630 15.57 107.040878  29.803997  6.608
 91   238.296 55384.13288695 17.53 107.039988  29.800707  6.608
 92   303.928 55419.13291097  8.31 107.043124  29.812571  5.695
 92   303.330 55419.13291162  7.63 107.042234  29.809281  5.695
 92   306.708 55419.13291226  7.21 107.041344  29.805991  5.695
 92   307.432 55419.13291291  7.60 107.040464  29.802711  5.695
 93   301.085 55454.13289000  8.19 107.039895  29.812931  7.117
 93   299.169 55454.13289064  8.17 107.039005  29.809641  7.117
 93   295.149 55454.13289129  8.08 107.038115  29.806351  7.117
 93   292.909 55454.13289193  8.31 107.037225  29.803071  7.117
 93   291.240 55454.13289258  7.83 107.036345  29.799781  7.117
 94   184.721 55489.13281065 17.05 107.038148  29.811068 11.222
 94   183.692 55489.13281130 15.83 107.037268  29.807778 11.222
 94   234.944 55489.13281194 14.77 107.036378  29.804488 11.222
 94   238.408 55489.13281259 14.96 107.035488  29.801198 11.222
 94   242.975 55489.13281323 13.78 107.034608  29.797918 11.222
 94   256.037 55489.13281388 13.89 107.033718  29.794628 11.222
 94   238.909 55489.13281452 15.98 107.032828  29.791338 11.222
