# NaN NaN NaN ;Mean Elev.(m), Avg Gradient(m/km), RMS Gradient(m/km) - SRTM1     
#  -11.685  -0.173   4.016 ;Mean Elev.(m), Avg Gradient(m/km), RMS Gradient(m/km) - ASTER GDEM
#    1.309  -0.141   1.150 ;Mean Elev.(m), Avg Gradient(m/km), RMS Gradient(m/km) - GMTED2010 
  7     7.824 52477.57324614 23.58 118.390481  31.546378 13.363
  7     7.526 52477.57324678 22.67 118.389571  31.549658 13.363
  7     7.487 52477.57324742 21.73 118.388661  31.552948 13.363
  7     7.449 52477.57324807 22.97 118.387751  31.556228 13.363
  7     7.505 52477.57324871 21.62 118.386841  31.559518 13.363
  7     7.466 52477.57324936 21.23 118.385921  31.562798 13.363
  7     7.465 52477.57325000 20.81 118.385011  31.566088 13.363
  7     7.474 52477.57325065 21.42 118.384101  31.569368 13.363
  7     7.692 52477.57325129 19.87 118.383191  31.572658 13.363
  7     7.694 52477.57325194 20.81 118.382281  31.575938 13.363
  7     7.580 52477.57325258 22.53 118.381371  31.579218 13.363
  7     7.651 52477.57325323 25.13 118.380461  31.582508 13.363
  7     7.701 52477.57325387 28.36 118.379541  31.585788 13.363
  7     7.776 52477.57325452 28.64 118.378631  31.589078 13.363
  8     7.357 52512.57319418 23.82 118.398842  31.576804 15.900
  8     7.481 52512.57319482 23.12 118.397932  31.580084 15.900
  8     7.618 52512.57319547 22.62 118.397022  31.583374 15.900
  8     7.346 52512.57319611 24.92 118.396112  31.586654 15.900
  8     7.286 52512.57319676 27.92 118.395202  31.589944 15.900
  8     7.013 52512.57319740 32.83 118.394282  31.593224 15.900
  8     6.896 52512.57319805 35.13 118.393372  31.596514 15.900
  8     6.732 52512.57319869 32.96 118.392462  31.599794 15.900
  8     6.688 52512.57319934 27.61 118.391552  31.603084 15.900
  8     6.505 52512.57319998 25.80 118.390642  31.606364 15.900
  8     6.605 52512.57320063 23.31 118.389732  31.609644 15.900
  8     6.939 52512.57320127 21.06 118.388812  31.612934 15.900
  8     7.215 52512.57320191 21.10 118.387902  31.616214 15.900
  8     7.267 52512.57320256 22.56 118.386992  31.619504 15.900
  8     7.431 52512.57320320 22.21 118.386082  31.622784 15.900
  8     7.701 52512.57320385 25.06 118.385165  31.626071 38.120
  8     7.248 52512.57320449 34.54 118.384255  31.629351 38.120
  8     7.429 52512.57320514 41.15 118.383345  31.632641 38.120
  9     6.500 52547.57322721 24.33 118.391821  31.545770 22.003
  9     6.054 52547.57322785 23.92 118.390911  31.549050 22.003
  9     5.445 52547.57322850 24.49 118.390001  31.552330 22.003
  9     5.157 52547.57322914 24.07 118.389091  31.555620 22.003
  9     5.391 52547.57322979 23.74 118.388181  31.558900 22.003
  9     5.090 52547.57323043 25.38 118.387261  31.562190 22.003
  9     5.250 52547.57323108 25.13 118.386351  31.565470 22.003
  9     5.549 52547.57323172 24.54 118.385438  31.568755 30.434
  9     5.573 52547.57323237 25.35 118.384528  31.572035 30.434
  9     5.577 52547.57323301 26.59 118.383618  31.575325 30.434
  9     5.419 52547.57323366 27.94 118.382708  31.578605 30.434
  9     5.510 52547.57323430 29.22 118.381798  31.581895 30.434
  9     5.552 52547.57323495 31.67 118.380878  31.585175 30.434
  9     6.365 52547.57323559 28.34 118.379968  31.588455 30.434
  9     6.554 52547.57323624 28.37 118.379058  31.591745 30.434
  9     6.974 52547.57323688 28.08 118.378148  31.595025 30.434
 10     6.575 52582.57323618 25.80 118.394515  31.556510  8.562
 10     5.942 52582.57323683 21.14 118.393605  31.559800  8.562
 10     5.005 52582.57323747 21.12 118.392695  31.563080  8.562
 10     5.177 52582.57323812 19.26 118.391785  31.566360  8.562
 10     5.660 52582.57323876 19.38 118.390875  31.569650  8.562
 10     5.000 52582.57323941 19.70 118.389965  31.572930  8.562
 10     5.017 52582.57324005 21.41 118.389055  31.576220  8.562
 10     5.228 52582.57324070 20.29 118.388135  31.579500  8.562
 10     5.929 52582.57324134 21.83 118.387225  31.582790  8.562
 10     6.283 52582.57324199 21.88 118.386315  31.586070  8.562
 10     6.546 52582.57324263 22.47 118.385405  31.589360  8.562
 10     6.688 52582.57324328 23.56 118.384495  31.592640  8.562
 10     6.846 52582.57324392 24.84 118.383585  31.595920  8.562
 10     7.086 52582.57324456 24.89 118.382665  31.599210  8.562
 10     7.153 52582.57324521 25.96 118.381755  31.602490  8.562
 10     7.167 52582.57324585 24.26 118.380845  31.605780  8.562
 10     5.680 52582.57324650 28.26 118.379935  31.609060  8.562
 11     6.378 52617.57320864 18.55 118.393222  31.553874 11.412
 11     6.466 52617.57320929 18.83 118.392312  31.557154 11.412
 11     3.997 52617.57320993 17.87 118.391402  31.560444 11.412
 11     3.770 52617.57321058 18.91 118.390492  31.563724 11.412
 11     3.236 52617.57321122 23.27 118.389582  31.567014 11.412
 11     3.946 52617.57321187 20.80 118.388662  31.570294 11.412
 11     4.638 52617.57321251 19.15 118.387752  31.573584 11.412
 11     4.849 52617.57321316 21.47 118.386842  31.576864 11.412
 11     5.485 52617.57321380 21.99 118.385932  31.580154 11.412
 11     6.091 52617.57321445 20.90 118.385022  31.583434 11.412
 11     6.310 52617.57321509 22.98 118.384112  31.586714 11.412
 11     3.863 52617.57321573 30.30 118.383202  31.590004 11.412
 11     3.943 52617.57321638 32.62 118.382292  31.593284 11.412
 11     6.835 52617.57321702 24.82 118.381382  31.596574 11.412
 11     7.151 52617.57321767 25.67 118.380462  31.599854 11.412
 11     7.221 52617.57321831 30.35 118.379554  31.603141 43.256
 12     4.608 52652.57318531 22.50 118.397611  31.565080 13.222
 12     4.484 52652.57318595 23.00 118.396701  31.568360 13.222
 12     5.367 52652.57318660 23.29 118.395791  31.571650 13.222
 12     5.209 52652.57318724 23.28 118.394881  31.574930 13.222
 12     4.828 52652.57318789 23.60 118.393971  31.578220 13.222
 12     4.266 52652.57318853 23.69 118.393061  31.581500 13.222
 12     2.994 52652.57318918 24.01 118.392141  31.584790 13.222
 12     2.962 52652.57318982 26.25 118.391231  31.588070 13.222
 12     3.078 52652.57319047 28.05 118.390321  31.591360 13.222
 12     3.073 52652.57319111 27.49 118.389411  31.594640 13.222
 12     2.923 52652.57319176 28.46 118.388491  31.597920 13.222
 12     2.903 52652.57319240 27.96 118.387581  31.601210 13.222
 12     3.205 52652.57319305 25.60 118.386671  31.604490 13.222
 12     4.890 52652.57319369 23.74 118.385761  31.607780 13.222
 12     5.340 52652.57319434 23.09 118.384851  31.611060 13.222
 12     5.662 52652.57319498 22.63 118.383938  31.614345 34.138
 12     5.713 52652.57319562 23.57 118.383028  31.617625 34.138
 12     5.108 52652.57319627 32.79 118.382108  31.620915 34.138
 13     3.031 52687.57318250 20.63 118.396740  31.561088 18.463
 13     3.659 52687.57318315 20.80 118.395830  31.564378 18.463
 13     3.809 52687.57318379 20.23 118.394920  31.567658 18.463
 13     5.025 52687.57318444 20.75 118.394010  31.570948 18.463
 13     4.995 52687.57318508 20.95 118.393100  31.574228 18.463
 13     4.636 52687.57318573 20.85 118.392190  31.577508 18.463
 13     4.588 52687.57318637 21.44 118.391280  31.580798 18.463
 13     5.039 52687.57318701 21.76 118.390370  31.584078 18.463
 13     4.060 52687.57318766 23.65 118.389460  31.587368 18.463
 13     3.513 52687.57318830 30.48 118.388540  31.590648 18.463
 13     3.404 52687.57318895 31.46 118.387633  31.593935 27.145
 13     3.391 52687.57318959 26.57 118.386723  31.597215 27.145
 13     6.230 52687.57319024 25.22 118.385813  31.600505 27.145
 13     6.668 52687.57319088 23.97 118.384903  31.603785 27.145
 13     6.799 52687.57319153 23.74 118.383993  31.607075 27.145
 13     5.750 52687.57319217 24.05 118.383073  31.610355 27.145
 13     5.725 52687.57319282 27.22 118.382163  31.613635 27.145
 13     6.209 52687.57319346 27.84 118.381253  31.616925 27.145
 14     4.557 52722.57322813 27.49 118.393724  31.552354  6.576
 14     4.805 52722.57322878 25.11 118.392814  31.555644  6.576
 14     4.437 52722.57322942 25.26 118.391894  31.558924  6.576
 14     4.235 52722.57323007 25.03 118.390984  31.562214  6.576
 14     4.290 52722.57323071 24.57 118.390074  31.565494  6.576
 14     4.508 52722.57323136 23.92 118.389164  31.568784  6.576
 14     4.522 52722.57323200 23.74 118.388254  31.572064  6.576
 14     4.632 52722.57323265 23.93 118.387344  31.575344  6.576
 14     4.826 52722.57323329 23.16 118.386434  31.578634  6.576
 14     5.272 52722.57323394 23.87 118.385514  31.581914  6.576
 14     4.786 52722.57323458 25.36 118.384604  31.585204  6.576
 14     5.668 52722.57323522 25.94 118.383694  31.588484  6.576
 14     5.885 52722.57323587 27.66 118.382781  31.591772 22.283
 14     6.290 52722.57323651 25.78 118.381871  31.595052 22.283
 14     7.280 52722.57323716 25.58 118.380961  31.598342 22.283
 14     7.408 52722.57323780 25.26 118.380051  31.601622 22.283
 15     6.530 52757.57324762 25.00 118.388595  31.538721 12.753
 15     5.122 52757.57324826 24.92 118.387685  31.542011 12.753
 15     4.756 52757.57324890 24.39 118.386775  31.545291 12.753
 15     4.781 52757.57324955 25.29 118.385865  31.548571 12.753
 15     4.737 52757.57325019 26.91 118.384955  31.551861 12.753
 15     4.981 52757.57325084 26.88 118.384045  31.555141 12.753
 15     5.173 52757.57325148 25.91 118.383135  31.558431 12.753
 15     5.044 52757.57325213 28.55 118.382215  31.561711 12.753
 15     5.592 52757.57325277 27.13 118.381305  31.565001 12.753
 15     5.987 52757.57325342 25.29 118.380395  31.568281 12.753
 15     6.095 52757.57325406 25.75 118.379485  31.571571 12.753
 15     6.284 52757.57325471 29.34 118.378575  31.574851 12.753
 16     6.644 52792.57320208 22.09 118.392678  31.552512 32.410
 16     6.446 52792.57320273 23.01 118.391767  31.555799 18.691
 16     5.919 52792.57320337 23.19 118.390857  31.559079 18.691
 16     5.196 52792.57320402 28.71 118.389947  31.562369 18.691
 16     5.503 52792.57320466 31.48 118.389037  31.565649 18.691
 16     5.662 52792.57320531 32.49 118.388127  31.568939 18.691
 16     5.984 52792.57320595 33.07 118.387207  31.572219 18.691
 16     6.112 52792.57320660 30.20 118.386297  31.575499 18.691
 16     6.308 52792.57320724 27.92 118.385387  31.578789 18.691
 16     6.406 52792.57320789 26.53 118.384477  31.582069 18.691
 16     6.583 52792.57320853 23.74 118.383567  31.585359 18.691
 16     6.824 52792.57320918 22.54 118.382647  31.588639 18.691
 16     6.919 52792.57320982 23.01 118.381737  31.591929 18.691
 16     6.959 52792.57321046 23.54 118.380827  31.595209 18.691
 16     7.121 52792.57321111 24.32 118.379917  31.598499 18.691
 16     7.383 52792.57321175 31.71 118.379007  31.601779 18.691
 17     8.738 52827.57327071 30.08 118.394676  31.555634 22.366
 17     8.608 52827.57327135 27.25 118.393756  31.558914 22.366
 17     8.591 52827.57327200 24.31 118.392846  31.562204 22.366
 17     8.314 52827.57327264 24.29 118.391936  31.565484 22.366
 17     8.183 52827.57327329 25.04 118.391026  31.568774 22.366
 17     8.091 52827.57327393 23.58 118.390116  31.572054 22.366
 17     7.996 52827.57327458 22.33 118.389206  31.575334 22.366
 17     7.741 52827.57327522 23.14 118.388286  31.578624 22.366
 17     7.602 52827.57327587 24.26 118.387376  31.581904 22.366
 17     7.638 52827.57327651 24.89 118.386466  31.585194 22.366
 17     7.680 52827.57327716 24.48 118.385556  31.588474 22.366
 17     8.132 52827.57327780 21.45 118.384646  31.591760 30.822
 17     8.228 52827.57327844 22.42 118.383726  31.595040 30.822
 17     8.264 52827.57327909 25.83 118.382816  31.598330 30.822
 17     8.363 52827.57327973 22.73 118.381906  31.601610 30.822
 17     8.591 52827.57328038 28.51 118.380996  31.604900 30.822
 17     8.655 52827.57328102 36.54 118.380086  31.608180 30.822
 18     8.072 52862.57331633 33.96 118.396394  31.558248 23.362
 18     8.174 52862.57331697 24.46 118.395474  31.561528 23.362
 18     8.037 52862.57331762 24.75 118.394564  31.564818 23.362
 18     8.005 52862.57331826 23.92 118.393654  31.568098 23.362
 18     7.642 52862.57331891 21.63 118.392744  31.571388 23.362
 18     6.927 52862.57331955 22.84 118.391834  31.574668 23.362
 18     6.770 52862.57332020 21.89 118.390924  31.577948 23.362
 18     6.732 52862.57332084 20.15 118.390004  31.581238 23.362
 18     6.621 52862.57332149 19.84 118.389094  31.584518 23.362
 18     6.479 52862.57332213 19.94 118.388184  31.587808 23.362
 18     6.479 52862.57332278 18.57 118.387274  31.591088 23.362
 18     6.412 52862.57332342 18.39 118.386364  31.594374 31.956
 18     7.621 52862.57332406 18.53 118.385444  31.597654 31.956
 18     7.135 52862.57332471 18.59 118.384534  31.600944 31.956
 18     7.305 52862.57332535 21.36 118.383624  31.604224 31.956
 18     7.360 52862.57332600 24.14 118.382714  31.607514 31.956
 18     5.910 52862.57332664 28.39 118.381804  31.610794 31.956
 18     5.654 52862.57332729 31.17 118.380884  31.614074 31.956
 19     7.540 52897.57334473 26.87 118.393938  31.550907 21.230
 19     7.068 52897.57334538 22.18 118.393028  31.554187 21.230
 19     7.088 52897.57334602 21.10 118.392118  31.557477 21.230
 19     6.754 52897.57334666 22.05 118.391198  31.560757 21.230
 19     6.504 52897.57334731 22.33 118.390288  31.564047 21.230
 19     6.076 52897.57334795 24.19 118.389378  31.567327 21.230
 19     6.311 52897.57334860 24.03 118.388468  31.570617 21.230
 19     6.495 52897.57334924 21.68 118.387558  31.573897 21.230
 19     6.673 52897.57334989 22.21 118.386648  31.577177 21.230
 19     6.799 52897.57335053 20.76 118.385738  31.580467 21.230
 19     6.739 52897.57335118 22.12 118.384828  31.583747 21.230
 19     6.939 52897.57335182 20.75 118.383908  31.587037 21.230
 19     7.012 52897.57335247 22.19 118.382998  31.590317 21.230
 19     7.101 52897.57335311 23.28 118.382088  31.593604 38.866
 19     7.228 52897.57335376 24.51 118.381178  31.596884 38.866
 19     7.402 52897.57335440 28.11 118.380268  31.600174 38.866
 19     7.496 52897.57335505 31.85 118.379358  31.603454 38.866
 20     6.044 52932.57329173 25.56 118.394202  31.555097 12.308
 20     6.513 52932.57329237 24.39 118.393292  31.558387 12.308
 20     3.881 52932.57329302 24.46 118.392382  31.561667 12.308
 20     5.601 52932.57329366 23.13 118.391472  31.564957 12.308
 20     6.097 52932.57329430 23.11 118.390562  31.568237 12.308
 20     5.562 52932.57329495 22.55 118.389642  31.571527 12.308
 20     5.645 52932.57329559 21.75 118.388732  31.574807 12.308
 20     5.514 52932.57329624 21.21 118.387822  31.578097 12.308
 20     5.620 52932.57329688 23.33 118.386912  31.581377 12.308
 20     5.538 52932.57329753 26.08 118.386002  31.584657 12.308
 20     5.814 52932.57329817 24.55 118.385092  31.587947 12.308
 20     6.140 52932.57329882 22.99 118.384182  31.591227 12.308
 20     5.714 52932.57329946 23.78 118.383272  31.594517 12.308
 20     6.874 52932.57330011 23.20 118.382362  31.597797 12.308
 20     6.927 52932.57330075 24.02 118.381446  31.601084 39.892
 20     7.128 52932.57330140 25.26 118.380536  31.604364 39.892
 21     3.522 52967.57329613 23.00 118.392967  31.553160 11.455
 21     3.919 52967.57329677 22.28 118.392057  31.556440 11.455
 21     4.054 52967.57329742 21.23 118.391147  31.559730 11.455
 21     3.813 52967.57329806 21.56 118.390227  31.563010 11.455
 21     3.838 52967.57329871 22.29 118.389317  31.566300 11.455
 21     3.032 52967.57329935 27.27 118.388407  31.569580 11.455
 21     3.044 52967.57330000 27.59 118.387497  31.572870 11.455
 21     4.319 52967.57330064 25.33 118.386587  31.576150 11.455
 21     5.401 52967.57330129 21.79 118.385677  31.579430 11.455
 21     6.168 52967.57330193 21.20 118.384757  31.582720 11.455
 21     6.038 52967.57330258 23.56 118.383847  31.586000 11.455
 21     4.187 52967.57330322 26.49 118.382937  31.589290 11.455
 21     4.528 52967.57330387 28.68 118.382027  31.592570 11.455
 21     4.380 52967.57330451 25.93 118.381117  31.595855 39.470
 21     6.898 52967.57330516 23.37 118.380197  31.599135 39.470
 21     7.263 52967.57330580 23.42 118.379287  31.602425 39.470
 22     0.563 53002.57331949 23.85 118.390349  31.543990 13.694
 22     1.123 53002.57332013 23.95 118.389439  31.547270 13.694
 22     3.382 53002.57332078 21.70 118.388529  31.550560 13.694
 22     2.642 53002.57332142 21.72 118.387619  31.553840 13.694
 22     2.176 53002.57332207 21.22 118.386709  31.557130 13.694
 22     2.689 53002.57332271 20.28 118.385789  31.560410 13.694
 22     2.858 53002.57332336 23.85 118.384879  31.563700 13.694
 22     3.336 53002.57332400 26.60 118.383969  31.566980 13.694
 22     3.103 53002.57332464 27.60 118.383059  31.570270 13.694
 22     4.986 53002.57332529 24.61 118.382149  31.573550 13.694
 22     5.584 53002.57332593 24.83 118.381239  31.576830 13.694
 22     2.262 53002.57332658 26.57 118.380329  31.580120 13.694
 22     2.269 53002.57332722 31.00 118.379419  31.583400 13.694
 22     3.877 53002.57332787 33.68 118.378499  31.586690 13.694
 23     4.566 53037.57327037 21.12 118.394035  31.552655 15.678
 23     5.745 53037.57327102 21.98 118.393125  31.555945 15.678
 23     2.481 53037.57327166 21.13 118.392205  31.559225 15.678
 23     2.357 53037.57327231 21.36 118.391295  31.562515 15.678
 23     2.514 53037.57327295 22.27 118.390385  31.565795 15.678
 23     2.086 53037.57327359 24.39 118.389475  31.569085 15.678
 23     2.075 53037.57327424 24.68 118.388565  31.572365 15.678
 23     2.118 53037.57327488 28.05 118.387655  31.575645 15.678
 23     2.332 53037.57327553 28.06 118.386745  31.578935 15.678
 23     2.473 53037.57327617 34.92 118.385835  31.582215 15.678
 23     2.544 53037.57327682 32.35 118.384925  31.585505 15.678
 23     2.416 53037.57327746 31.92 118.384015  31.588785 15.678
 23     2.557 53037.57327811 31.02 118.383101  31.592073 37.569
 23     2.461 53037.57327875 28.92 118.382191  31.595353 37.569
 23     2.975 53037.57327940 27.20 118.381281  31.598643 37.569
 23     7.099 53037.57328004 25.05 118.380371  31.601923 37.569
 23     7.323 53037.57328069 30.05 118.379451  31.605213 37.569
 24     4.552 53072.57329580 15.86 118.393084  31.552564 18.128
 24     4.347 53072.57329645 16.34 118.392174  31.555854 18.128
 24     5.713 53072.57329709 16.86 118.391264  31.559134 18.128
 24     2.427 53072.57329774 19.09 118.390354  31.562414 18.128
 24     3.027 53072.57329838 16.96 118.389444  31.565704 18.128
 24     3.096 53072.57329903 19.19 118.388534  31.568984 18.128
 24     3.647 53072.57329967 20.18 118.387624  31.572274 18.128
 24     4.295 53072.57330031 20.27 118.386704  31.575554 18.128
 24     2.591 53072.57330096 22.83 118.385796  31.578840 27.422
 24     2.924 53072.57330160 22.41 118.384886  31.582120 27.422
 24     3.231 53072.57330225 23.07 118.383976  31.585410 27.422
 24     5.971 53072.57330289 20.05 118.383066  31.588690 27.422
 24     4.456 53072.57330354 22.67 118.382156  31.591980 27.422
 24     6.317 53072.57330418 22.86 118.381236  31.595260 27.422
 24     2.911 53072.57330483 29.32 118.380326  31.598540 27.422
 24     7.249 53072.57330547 24.86 118.379416  31.601830 27.422
 25     3.275 53107.57327114 25.23 118.394672  31.554133 14.221
 25     5.805 53107.57327178 21.51 118.393762  31.557423 14.221
 25     5.029 53107.57327243 18.68 118.392842  31.560703 14.221
 25     2.861 53107.57327307 20.13 118.391932  31.563993 14.221
 25     2.795 53107.57327372 22.58 118.391022  31.567273 14.221
 25     2.949 53107.57327436 22.00 118.390112  31.570563 14.221
 25     4.045 53107.57327501 19.37 118.389202  31.573843 14.221
 25     4.222 53107.57327565 19.46 118.388292  31.577123 14.221
 25     4.070 53107.57327630 19.55 118.387382  31.580413 14.221
 25     5.208 53107.57327694 18.45 118.386472  31.583693 14.221
 25     5.385 53107.57327759 19.24 118.385562  31.586983 14.221
 25     3.708 53107.57327823 23.70 118.384652  31.590263 14.221
 25     4.179 53107.57327888 24.99 118.383740  31.593550 34.825
 25     3.075 53107.57327952 28.36 118.382830  31.596830 34.825
 25     6.587 53107.57328017 25.31 118.381920  31.600120 34.825
 25     7.221 53107.57328081 24.87 118.381000  31.603400 34.825
 25     7.141 53107.57328145 26.73 118.380090  31.606690 34.825
 26     5.419 53142.57330456 18.80 118.392547  31.550437 22.028
 26     5.417 53142.57330520 18.28 118.391637  31.553717 22.028
 26     5.062 53142.57330585 20.35 118.390727  31.556997 22.028
 26     4.836 53142.57330649 20.23 118.389817  31.560287 22.028
 26     5.074 53142.57330714 18.48 118.388907  31.563567 22.028
 26     5.166 53142.57330778 18.74 118.387987  31.566857 22.028
 26     5.230 53142.57330843 18.24 118.387077  31.570137 22.028
 26     5.350 53142.57330907 19.25 118.386165  31.573424 26.907
 26     5.752 53142.57330972 18.56 118.385255  31.576704 26.907
 26     6.264 53142.57331036 20.20 118.384345  31.579994 26.907
 26     5.939 53142.57331100 23.93 118.383435  31.583274 26.907
 26     6.439 53142.57331165 24.04 118.382525  31.586564 26.907
 26     6.612 53142.57331229 23.52 118.381605  31.589844 26.907
 26     6.438 53142.57331294 26.13 118.380695  31.593124 26.907
 26     7.020 53142.57331358 23.24 118.379785  31.596414 26.907
 26     7.293 53142.57331423 28.09 118.378875  31.599694 26.907
 27     6.524 53177.57332893 21.61 118.394629  31.555856 16.743
 27     6.372 53177.57332958 21.35 118.393719  31.559146 16.743
 27     5.912 53177.57333022 20.85 118.392799  31.562426 16.743
 27     5.909 53177.57333087 21.01 118.391889  31.565716 16.743
 27     6.011 53177.57333151 20.77 118.390979  31.568996 16.743
 27     6.059 53177.57333216 20.88 118.390069  31.572286 16.743
 27     5.906 53177.57333280 22.21 118.389159  31.575566 16.743
 27     6.012 53177.57333345 22.87 118.388249  31.578846 16.743
 27     5.741 53177.57333409 28.95 118.387339  31.582136 16.743
 27     5.811 53177.57333474 32.80 118.386419  31.585416 16.743
 27     5.915 53177.57333538 29.09 118.385509  31.588706 16.743
 27     6.085 53177.57333602 26.26 118.384599  31.591986 16.743
 27     6.066 53177.57333667 24.78 118.383685  31.595273 30.525
 27     7.018 53177.57333731 22.24 118.382775  31.598553 30.525
 27     6.971 53177.57333796 22.59 118.381865  31.601843 30.525
 27     7.069 53177.57333860 26.10 118.380955  31.605123 30.525
 27     6.950 53177.57333925 29.46 118.380045  31.608413 30.525
 28     7.508 53212.57334784 35.66 118.393367  31.549290 21.610
 28     7.393 53212.57334848 23.91 118.392457  31.552570 21.610
 28     7.243 53212.57334913 24.52 118.391547  31.555860 21.610
 28     6.812 53212.57334977 26.01 118.390627  31.559140 21.610
 28     5.864 53212.57335042 30.37 118.389717  31.562430 21.610
 28     6.134 53212.57335106 30.82 118.388807  31.565710 21.610
 28     6.330 53212.57335171 32.41 118.387897  31.569000 21.610
 28     6.534 53212.57335235 32.95 118.386987  31.572280 21.610
 28     6.714 53212.57335299 33.19 118.386077  31.575560 21.610
 28     6.655 53212.57335364 34.29 118.385167  31.578850 21.610
 28     6.835 53212.57335428 29.41 118.384247  31.582130 21.610
 28     6.924 53212.57335493 27.14 118.383337  31.585420 21.610
 28     7.222 53212.57335557 24.70 118.382427  31.588700 21.610
 28     7.338 53212.57335622 25.05 118.381514  31.591988 39.964
 28     7.411 53212.57335686 23.40 118.380604  31.595268 39.964
 28     7.310 53212.57335751 27.43 118.379694  31.598558 39.964
 29     6.715 53247.57331785 34.48 118.396264  31.556364 28.198
 29     6.706 53247.57331850 23.34 118.395354  31.559654 28.198
 29     6.444 53247.57331914 19.34 118.394444  31.562934 28.198
 29     6.481 53247.57331979 20.59 118.393534  31.566224 28.198
 29     6.486 53247.57332043 20.03 118.392624  31.569504 28.198
 29     6.315 53247.57332107 21.58 118.391714  31.572784 28.198
 29     5.130 53247.57332172 25.36 118.390804  31.576074 28.198
 29     5.439 53247.57332236 27.99 118.389894  31.579354 28.198
 29     5.526 53247.57332301 29.17 118.388984  31.582644 28.198
 29     5.712 53247.57332365 28.93 118.388074  31.585924 28.198
 29     5.652 53247.57332430 27.20 118.387158  31.589211 32.290
 29     5.842 53247.57332494 22.11 118.386248  31.592491 32.290
 29     6.178 53247.57332559 21.00 118.385338  31.595781 32.290
 29     6.608 53247.57332623 19.35 118.384428  31.599061 32.290
 29     6.779 53247.57332688 19.19 118.383508  31.602351 32.290
 29     7.149 53247.57332752 20.01 118.382598  31.605631 32.290
 29     5.789 53247.57332817 24.99 118.381688  31.608911 32.290
 29     5.659 53247.57332881 28.44 118.380778  31.612201 32.290
 30     6.712 53282.57330525 20.12 118.390069  31.543675 26.653
 30     6.226 53282.57330589 19.55 118.389159  31.546955 26.653
 30     5.708 53282.57330654 19.28 118.388249  31.550245 26.653
 30     5.394 53282.57330718 20.75 118.387339  31.553525 26.653
 30     4.618 53282.57330783 26.46 118.386429  31.556805 26.653
 30     4.692 53282.57330847 26.34 118.385519  31.560095 26.653
 30     5.494 53282.57330911 20.49 118.384599  31.563375 26.653
 30     5.560 53282.57330976 19.72 118.383689  31.566665 26.653
 30     5.490 53282.57331040 21.28 118.382779  31.569945 26.653
 30     5.643 53282.57331105 23.94 118.381864  31.573230 35.650
 30     5.997 53282.57331169 24.46 118.380954  31.576510 35.650
 30     6.393 53282.57331234 25.94 118.380044  31.579800 35.650
 30     6.576 53282.57331298 28.91 118.379134  31.583080 35.650
 31     6.398 53317.57331007 26.81 118.395044  31.556340 19.720
 31     6.200 53317.57331071 16.94 118.394124  31.559620 19.720
 31     4.774 53317.57331136 17.52 118.393214  31.562910 19.720
 31     4.589 53317.57331200 16.86 118.392304  31.566190 19.720
 31     4.560 53317.57331265 17.73 118.391394  31.569480 19.720
 31     4.302 53317.57331329 21.21 118.390484  31.572760 19.720
 31     4.893 53317.57331394 20.11 118.389574  31.576040 19.720
 31     4.310 53317.57331458 21.40 118.388664  31.579330 19.720
 31     3.938 53317.57331523 23.29 118.387744  31.582610 19.720
 31     3.450 53317.57331587 28.34 118.386834  31.585900 19.720
 31     3.611 53317.57331652 26.32 118.385924  31.589180 19.720
 31     4.186 53317.57331716 24.08 118.385009  31.592466 33.655
 31     4.373 53317.57331780 21.13 118.384099  31.595746 33.655
 31     4.565 53317.57331845 19.15 118.383189  31.599036 33.655
 31     4.734 53317.57331909 19.30 118.382279  31.602316 33.655
 31     5.010 53317.57331974 22.08 118.381369  31.605606 33.655
 31     5.448 53317.57332038 26.63 118.380449  31.608886 33.655
 32     4.621 53352.57327770 19.31 118.397434  31.566615 19.547
 32     6.061 53352.57327834 18.76 118.396524  31.569905 19.547
 32     5.723 53352.57327899 18.99 118.395614  31.573185 19.547
 32     5.379 53352.57327963 19.72 118.394704  31.576465 19.547
 32     5.001 53352.57328028 20.23 118.393794  31.579755 19.547
 32     4.508 53352.57328092 22.65 118.392884  31.583035 19.547
 32     3.147 53352.57328157 24.46 118.391974  31.586325 19.547
 32     3.291 53352.57328221 25.23 118.391064  31.589605 19.547
 32     3.473 53352.57328286 23.68 118.390147  31.592892 26.444
 32     3.503 53352.57328350 21.82 118.389237  31.596172 26.444
 32     3.352 53352.57328414 22.05 118.388327  31.599462 26.444
 32     3.343 53352.57328479 24.56 118.387417  31.602742 26.444
 32     3.718 53352.57328543 24.86 118.386497  31.606032 26.444
 32     4.873 53352.57328608 20.26 118.385587  31.609312 26.444
 32     4.870 53352.57328672 22.75 118.384677  31.612592 26.444
 32     4.964 53352.57328737 25.47 118.383767  31.615882 26.444
 32     5.185 53352.57328801 27.43 118.382857  31.619162 26.444
 32     5.309 53352.57328866 30.64 118.381947  31.622452 26.444
 33     1.813 53387.57326746 23.86 118.391239  31.548601 17.353
 33     1.959 53387.57326811 22.82 118.390329  31.551881 17.353
 33     2.209 53387.57326875 21.54 118.389419  31.555171 17.353
 33     2.052 53387.57326940 20.79 118.388509  31.558451 17.353
 33     2.261 53387.57327004 20.33 118.387599  31.561731 17.353
 33     2.067 53387.57327069 22.35 118.386679  31.565021 17.353
 33     2.153 53387.57327133 22.36 118.385769  31.568301 17.353
 33     2.234 53387.57327198 23.70 118.384859  31.571591 17.353
 33     2.320 53387.57327262 26.42 118.383949  31.574871 17.353
 33     2.323 53387.57327327 36.13 118.383042  31.578156 37.917
 33     2.419 53387.57327391 43.53 118.382122  31.581436 37.917
 33     2.431 53387.57327456 52.01 118.381212  31.584726 37.917
 33     2.231 53387.57327520 52.87 118.380302  31.588006 37.917
 33     2.244 53387.57327584 47.73 118.379392  31.591296 37.917
 33     2.202 53387.57327649 43.12 118.378472  31.594576 37.917
 34     3.875 53422.57327156 23.87 118.398224  31.565292 21.640
 34     5.462 53422.57327221 23.38 118.397314  31.568572 21.640
 34     5.201 53422.57327285 23.44 118.396404  31.571862 21.640
 34     4.962 53422.57327350 26.09 118.395494  31.575142 21.640
 34     3.442 53422.57327414 27.23 118.394584  31.578432 21.640
 34     3.981 53422.57327479 26.95 118.393664  31.581712 21.640
 34     4.106 53422.57327543 26.35 118.392754  31.584999 17.484
 34     3.959 53422.57327608 26.60 118.391844  31.588279 17.484
 34     4.092 53422.57327672 25.74 118.390934  31.591569 17.484
 34     4.211 53422.57327737 24.17 118.390024  31.594849 17.484
 34     4.414 53422.57327801 22.42 118.389114  31.598139 17.484
 34     4.700 53422.57327865 21.54 118.388194  31.601419 17.484
 34     4.521 53422.57327930 22.29 118.387284  31.604699 17.484
 34     4.539 53422.57327994 24.71 118.386374  31.607989 17.484
 34     4.823 53422.57328059 25.45 118.385464  31.611269 17.484
 34     5.040 53422.57328123 25.13 118.384554  31.614559 17.484
 34     5.186 53422.57328188 26.94 118.383634  31.617839 17.484
 34     5.326 53422.57328252 29.45 118.382724  31.621129 17.484
 35     3.354 53457.57327468 26.17 118.395019  31.553143 15.031
 35     2.176 53457.57327532 26.69 118.394109  31.556423 15.031
 35     2.933 53457.57327597 25.55 118.393199  31.559713 15.031
 35     3.103 53457.57327661 24.46 118.392289  31.562993 15.031
 35     3.029 53457.57327726 25.05 118.391379  31.566273 15.031
 35     2.875 53457.57327790 27.79 118.390459  31.569563 15.031
 35     3.003 53457.57327854 29.14 118.389549  31.572843 15.031
 35     3.084 53457.57327919 31.82 118.388639  31.576133 15.031
 35     3.177 53457.57327983 31.83 118.387729  31.579413 15.031
 35     3.419 53457.57328048 33.12 118.386820  31.582698 30.899
 35     3.455 53457.57328112 34.11 118.385900  31.585978 30.899
 35     3.492 53457.57328177 42.57 118.384990  31.589268 30.899
 35     3.487 53457.57328241 36.56 118.384080  31.592548 30.899
 35     3.374 53457.57328306 34.01 118.383170  31.595838 30.899
 35     3.307 53457.57328370 33.88 118.382260  31.599118 30.899
 35     3.133 53457.57328435 31.65 118.381340  31.602398 30.899
 35     6.626 53457.57328499 28.91 118.380430  31.605688 30.899
 36     4.166 53492.57335824 16.37 118.388751  31.542438 14.713
 36     3.885 53492.57335888 18.12 118.387831  31.545718 14.713
 36     3.758 53492.57335953 18.45 118.386921  31.549008 14.713
 36     3.956 53492.57336017 19.26 118.386011  31.552288 14.713
 36     4.160 53492.57336082 18.17 118.385101  31.555578 14.713
 36     4.709 53492.57336146 18.53 118.384191  31.558858 14.713
 36     4.854 53492.57336211 19.95 118.383281  31.562138 14.713
 36     5.009 53492.57336275 20.86 118.382371  31.565428 14.713
 36     4.626 53492.57336339 26.01 118.381461  31.568708 14.713
 36     5.112 53492.57336404 25.86 118.380541  31.571998 14.713
 36     5.661 53492.57336468 25.76 118.379631  31.575278 14.713
 36     5.695 53492.57336533 26.12 118.378720  31.578564 34.813
 37     3.951 53527.57334149 21.95 118.396602  31.561860 27.021
 37     4.906 53527.57334214 23.68 118.395692  31.565140 27.021
 37     4.864 53527.57334278 25.05 118.394782  31.568420 27.021
 37     5.062 53527.57334343 24.76 118.393872  31.571710 27.021
 37     5.326 53527.57334407 26.27 118.392962  31.574990 27.021
 37     6.736 53527.57334472 24.16 118.392042  31.578280 27.021
 37     6.946 53527.57334536 19.97 118.391132  31.581560 27.021
 37     6.698 53527.57334600 19.58 118.390221  31.584849 21.087
 37     6.485 53527.57334665 18.83 118.389311  31.588129 21.087
 37     6.249 53527.57334729 18.91 118.388401  31.591419 21.087
 37     6.562 53527.57334794 18.11 118.387491  31.594699 21.087
 37     6.719 53527.57334858 17.44 118.386581  31.597989 21.087
 37     6.682 53527.57334923 17.98 118.385661  31.601269 21.087
 37     6.754 53527.57334987 19.79 118.384751  31.604549 21.087
 37     6.920 53527.57335052 22.67 118.383841  31.607839 21.087
 37     5.318 53527.57335116 27.12 118.382931  31.611119 21.087
 37     5.382 53527.57335181 29.60 118.382021  31.614409 21.087
 38     6.793 53562.57336746 36.00 118.391456  31.544564 17.452
 38     6.558 53562.57336811 25.41 118.390546  31.547854 17.452
 38     5.334 53562.57336875 27.08 118.389626  31.551134 17.452
 38     6.067 53562.57336940 26.08 118.388716  31.554424 17.452
 38     5.580 53562.57337004 28.00 118.387806  31.557704 17.452
 38     5.890 53562.57337069 26.66 118.386896  31.560994 17.452
 38     6.237 53562.57337133 28.01 118.385986  31.564274 17.452
 38     6.602 53562.57337198 26.33 118.385076  31.567554 17.452
 38     6.475 53562.57337262 24.37 118.384166  31.570844 17.452
 38     6.324 53562.57337327 24.19 118.383256  31.574124 17.452
 38     6.378 53562.57337391 26.34 118.382346  31.577414 17.452
 38     6.591 53562.57337456 28.43 118.381426  31.580694 17.452
 38     6.676 53562.57337520 27.16 118.380519  31.583983 34.989
 38     6.719 53562.57337584 29.30 118.379609  31.587263 34.989
 38     6.924 53562.57337649 29.87 118.378699  31.590553 34.989
 39     6.999 53597.57331075 25.58 118.397774  31.564279 25.493
 39     6.997 53597.57331139 28.75 118.396864  31.567559 25.493
 39     7.022 53597.57331204 24.10 118.395954  31.570849 25.493
 39     6.941 53597.57331268 24.31 118.395044  31.574129 25.493
 39     6.366 53597.57331333 26.96 118.394134  31.577419 25.493
 39     5.966 53597.57331397 28.06 118.393214  31.580699 25.493
 39     5.251 53597.57331461 28.42 118.392309  31.583986 19.913
 39     6.076 53597.57331526 26.45 118.391399  31.587266 19.913
 39     5.650 53597.57331590 26.98 118.390489  31.590556 19.913
 39     5.894 53597.57331655 25.70 118.389579  31.593836 19.913
 39     6.181 53597.57331719 24.20 118.388659  31.597126 19.913
 39     6.335 53597.57331784 21.87 118.387749  31.600406 19.913
 39     6.515 53597.57331848 20.19 118.386839  31.603686 19.913
 39     6.544 53597.57331913 20.61 118.385929  31.606976 19.913
 39     6.365 53597.57331977 21.25 118.385019  31.610256 19.913
 39     6.344 53597.57332042 22.18 118.384109  31.613546 19.913
 39     6.072 53597.57332106 24.15 118.383189  31.616826 19.913
 39     5.485 53597.57332171 30.75 118.382279  31.620116 19.913
 40     8.034 53632.57330186 39.62 118.389372  31.540510 20.342
 40     7.906 53632.57330250 27.84 118.388462  31.543800 20.342
 40     7.461 53632.57330315 26.00 118.387542  31.547080 20.342
 40     7.088 53632.57330379 27.25 118.386632  31.550370 20.342
 40     7.163 53632.57330444 26.48 118.385722  31.553650 20.342
 40     6.869 53632.57330508 27.83 118.384812  31.556940 20.342
 40     6.971 53632.57330573 28.27 118.383902  31.560220 20.342
 40     7.044 53632.57330637 31.29 118.382992  31.563500 20.342
 40     7.268 53632.57330702 33.63 118.382072  31.566790 20.342
 40     7.374 53632.57330766 31.98 118.381162  31.570070 20.342
 40     7.534 53632.57330831 31.98 118.380252  31.573360 20.342
 40     7.587 53632.57330895 30.01 118.379342  31.576640 20.342
 40     7.587 53632.57330960 31.05 118.378433  31.579926 41.154
 41     6.092 53667.57332513 21.07 118.391007  31.546528 19.116
 41     5.448 53667.57332577 21.78 118.390087  31.549808 19.116
 41     5.015 53667.57332642 23.52 118.389177  31.553098 19.116
 41     5.201 53667.57332706 21.88 118.388267  31.556378 19.116
 41     5.755 53667.57332771 21.27 118.387357  31.559668 19.116
 41     5.454 53667.57332835 21.88 118.386447  31.562948 19.116
 41     5.327 53667.57332900 24.45 118.385537  31.566228 19.116
 41     6.210 53667.57332964 25.93 118.384627  31.569518 19.116
 41     5.296 53667.57333029 31.07 118.383717  31.572798 19.116
 41     5.234 53667.57333093 35.98 118.382797  31.576088 19.116
 41     5.185 53667.57333158 39.54 118.381887  31.579368 19.116
 41     5.172 53667.57333222 33.61 118.380976  31.582654 43.594
 41     5.120 53667.57333286 29.55 118.380066  31.585934 43.594
 41     5.191 53667.57333351 32.49 118.379156  31.589224 43.594
 42     5.398 53702.57327380 21.79 118.397172  31.564354 15.806
 42     6.070 53702.57327444 20.11 118.396262  31.567634 15.806
 42     6.270 53702.57327509 19.24 118.395352  31.570924 15.806
 42     5.755 53702.57327573 19.94 118.394442  31.574204 15.806
 42     5.501 53702.57327638 18.18 118.393532  31.577484 15.806
 42     5.010 53702.57327702 19.40 118.392622  31.580774 15.806
 42     5.013 53702.57327767 19.77 118.391712  31.584054 15.806
 42     5.108 53702.57327831 20.41 118.390802  31.587344 15.806
 42     5.281 53702.57327896 25.78 118.389882  31.590624 15.806
 42     5.276 53702.57327960 28.51 118.388972  31.593910 31.884
 42     4.684 53702.57328024 28.18 118.388062  31.597190 31.884
 42     4.127 53702.57328089 31.46 118.387152  31.600480 31.884
 42     4.039 53702.57328153 32.47 118.386242  31.603760 31.884
 42     4.129 53702.57328218 30.83 118.385332  31.607050 31.884
 42     4.229 53702.57328282 28.56 118.384412  31.610330 31.884
 42     4.978 53702.57328347 26.10 118.383502  31.613610 31.884
 42     5.528 53702.57328411 24.34 118.382592  31.616900 31.884
 42     5.294 53702.57328476 30.76 118.381682  31.620180 31.884
 44     4.469 53772.57319394 17.92 118.396484  31.562469 12.124
 44     3.847 53772.57319459 17.62 118.395564  31.565749 12.124
 44     5.632 53772.57319523 17.84 118.394654  31.569039 12.124
 44     5.448 53772.57319588 18.04 118.393744  31.572319 12.124
 44     5.119 53772.57319652 18.81 118.392834  31.575609 12.124
 44     5.312 53772.57319717 17.82 118.391924  31.578889 12.124
 44     5.088 53772.57319781 18.83 118.391014  31.582169 12.124
 44     5.467 53772.57319846 18.74 118.390094  31.585459 12.124
 44     5.607 53772.57319910 19.26 118.389184  31.588739 12.124
 44     5.335 53772.57319975 21.77 118.388274  31.592029 12.124
 44     3.832 53772.57320039 23.09 118.387364  31.595309 12.124
 44     6.013 53772.57320104 22.41 118.386447  31.598595 30.158
 44     6.505 53772.57320168 22.05 118.385537  31.601875 30.158
 44     6.492 53772.57320232 23.05 118.384627  31.605165 30.158
 44     5.171 53772.57320297 27.87 118.383717  31.608445 30.158
 44     2.425 53772.57320361 33.75 118.382807  31.611735 30.158
 44     2.482 53772.57320426 39.05 118.381887  31.615015 30.158
 47     6.020 53877.57324979 26.08 118.395338  31.554832 16.158
 47     6.304 53877.57325043 25.30 118.394428  31.558112 16.158
 47     5.359 53877.57325107 25.14 118.393518  31.561402 16.158
 47     4.619 53877.57325172 27.17 118.392608  31.564682 16.158
 47     4.702 53877.57325236 28.08 118.391698  31.567962 16.158
 47     4.955 53877.57325301 30.22 118.390788  31.571252 16.158
 47     5.148 53877.57325365 31.05 118.389878  31.574532 16.158
 47     5.305 53877.57325430 30.71 118.388958  31.577822 16.158
 47     5.476 53877.57325494 29.98 118.388048  31.581102 16.158
 47     5.587 53877.57325559 30.24 118.387134  31.584388 26.219
 47     5.625 53877.57325623 29.40 118.386224  31.587668 26.219
 47     5.508 53877.57325688 28.71 118.385314  31.590958 26.219
 47     5.551 53877.57325752 27.99 118.384404  31.594238 26.219
 47     5.676 53877.57325817 26.92 118.383494  31.597528 26.219
 47     5.478 53877.57325881 25.01 118.382574  31.600808 26.219
 47     5.301 53877.57325946 27.15 118.381664  31.604088 26.219
 47     5.723 53877.57326010 26.03 118.380754  31.607378 26.219
 48     6.091 53912.57329964 26.47 118.389811  31.543095 16.648
 48     6.555 53912.57330028 26.19 118.388901  31.546375 16.648
 48     6.277 53912.57330093 24.73 118.387991  31.549655 16.648
 48     6.216 53912.57330157 26.10 118.387081  31.552945 16.648
 48     5.823 53912.57330222 30.26 118.386171  31.556225 16.648
 48     6.000 53912.57330286 31.10 118.385261  31.559515 16.648
 48     6.208 53912.57330351 31.89 118.384341  31.562795 16.648
 48     6.229 53912.57330415 30.98 118.383431  31.566085 16.648
 48     6.565 53912.57330479 26.74 118.382521  31.569365 16.648
 48     6.843 53912.57330544 29.79 118.381611  31.572655 16.648
 48     6.762 53912.57330608 31.87 118.380701  31.575935 16.648
 48     6.722 53912.57330673 31.52 118.379791  31.579215 16.648
 48     6.793 53912.57330737 32.85 118.378881  31.582505 16.648
 49     6.739 53947.57331465 25.14 118.389139  31.542917 18.288
 49     6.461 53947.57331530 26.94 118.388229  31.546197 18.288
 49     6.249 53947.57331594 25.17 118.387319  31.549477 18.288
 49     6.023 53947.57331659 25.90 118.386409  31.552767 18.288
 49     5.958 53947.57331723 27.44 118.385499  31.556047 18.288
 49     6.244 53947.57331787 27.66 118.384589  31.559337 18.288
 49     6.269 53947.57331852 30.17 118.383669  31.562617 18.288
 49     6.511 53947.57331916 30.80 118.382759  31.565907 18.288
 49     6.611 53947.57331981 29.54 118.381849  31.569187 18.288
 49     6.463 53947.57332045 30.18 118.380939  31.572477 18.288
 49     6.422 53947.57332110 31.96 118.380029  31.575757 18.288
 49     6.492 53947.57332174 33.24 118.379119  31.579037 18.288
 50     5.901 53982.57325880 19.42 118.395502  31.554407 10.470
 50     5.966 53982.57325945 21.36 118.394592  31.557687 10.470
 50     5.486 53982.57326009 16.01 118.393682  31.560977 10.470
 50     5.080 53982.57326074 15.57 118.392772  31.564257 10.470
 50     5.544 53982.57326138 15.57 118.391862  31.567547 10.470
 50     5.427 53982.57326202 17.10 118.390942  31.570827 10.470
 50     5.170 53982.57326267 17.60 118.390032  31.574117 10.470
 50     5.051 53982.57326331 18.38 118.389122  31.577397 10.470
 50     4.954 53982.57326396 18.48 118.388212  31.580687 10.470
 50     5.449 53982.57326460 17.34 118.387302  31.583967 10.470
 50     5.734 53982.57326525 18.65 118.386392  31.587247 10.470
 50     5.648 53982.57326589 19.97 118.385482  31.590537 10.470
 50     5.079 53982.57326654 22.28 118.384572  31.593817 10.470
 50     4.976 53982.57326718 23.02 118.383652  31.597107 10.470
 50     4.701 53982.57326783 22.36 118.382742  31.600387 10.470
 50     4.626 53982.57326847 23.19 118.381832  31.603675 35.208
 50     5.400 53982.57326912 24.84 118.380922  31.606955 35.208
 51     4.655 54017.57328579 21.67 118.393559  31.551077 10.337
 51     3.657 54017.57328644 21.34 118.392649  31.554357 10.337
 51     3.312 54017.57328708 21.60 118.391739  31.557647 10.337
 51     3.241 54017.57328773 21.20 118.390819  31.560927 10.337
 51     2.981 54017.57328837 21.94 118.389909  31.564217 10.337
 51     2.965 54017.57328902 22.70 118.388999  31.567497 10.337
 51     3.108 54017.57328966 23.81 118.388089  31.570787 10.337
 51     3.061 54017.57329031 25.71 118.387179  31.574067 10.337
 51     2.978 54017.57329095 28.37 118.386259  31.577347 10.337
 51     2.908 54017.57329160 31.30 118.385349  31.580637 10.337
 51     2.796 54017.57329224 35.10 118.384439  31.583917 10.337
 51     3.337 54017.57329289 35.41 118.383529  31.587207 10.337
 51     3.258 54017.57329353 45.34 118.382619  31.590487 10.337
 51     3.161 54017.57329418 49.82 118.381707  31.593774 44.645
 51     3.312 54017.57329482 43.91 118.380797  31.597054 44.645
 51     3.203 54017.57329547 44.77 118.379877  31.600344 44.645
 52     5.845 54052.57328406 22.79 118.398075  31.569210 11.928
 52     5.326 54052.57328470 22.46 118.397155  31.572490 11.928
 52     5.404 54052.57328535 21.72 118.396245  31.575780 11.928
 52     5.248 54052.57328599 17.49 118.395335  31.579060 11.928
 52     4.999 54052.57328664 16.13 118.394425  31.582350 11.928
 52     4.865 54052.57328728 17.93 118.393515  31.585630 11.928
 52     2.405 54052.57328792 18.42 118.392605  31.588910 11.928
 52     2.503 54052.57328857 20.22 118.391695  31.592200 11.928
 52     2.348 54052.57328921 22.80 118.390775  31.595480 11.928
 52     2.199 54052.57328986 25.03 118.389865  31.598770 11.928
 52     2.078 54052.57329050 27.42 118.388955  31.602050 11.928
 52     1.958 54052.57329115 29.76 118.388047  31.605336 34.758
 52     2.172 54052.57329179 32.50 118.387127  31.608616 34.758
 52     2.268 54052.57329244 36.39 118.386217  31.611906 34.758
 52     2.384 54052.57329308 38.61 118.385307  31.615186 34.758
 52     2.239 54052.57329373 37.27 118.384397  31.618476 34.758
 52     1.822 54052.57329437 39.56 118.383487  31.621756 34.758
 52     4.315 54052.57329502 34.79 118.382567  31.625036 34.758
 53     5.764 54087.57327377 29.46 118.396175  31.558149 14.260
 53     3.704 54087.57327441 17.03 118.395265  31.561439 14.260
 53     3.492 54087.57327506 17.34 118.394355  31.564719 14.260
 53     2.999 54087.57327570 18.32 118.393445  31.568009 14.260
 53     2.829 54087.57327635 20.35 118.392525  31.571289 14.260
 53     4.634 54087.57327699 20.13 118.391615  31.574579 14.260
 53     2.473 54087.57327764 23.47 118.390705  31.577859 14.260
 53     2.380 54087.57327828 25.23 118.389795  31.581149 14.260
 53     2.270 54087.57327893 27.44 118.388885  31.584429 14.260
 53     2.472 54087.57327957 27.18 118.387975  31.587709 14.260
 53     2.699 54087.57328021 27.98 118.387065  31.590999 14.260
 53     2.632 54087.57328086 31.76 118.386155  31.594279 14.260
 53     2.743 54087.57328150 36.13 118.385235  31.597569 14.260
 53     2.794 54087.57328215 43.91 118.384325  31.600849 14.260
 53     2.733 54087.57328279 49.34 118.383413  31.604135 35.404
 53     2.766 54087.57328344 42.85 118.382503  31.607415 35.404
 53     2.662 54087.57328408 41.55 118.381593  31.610705 35.404
 53     4.939 54087.57328473 35.90 118.380683  31.613985 35.404
 54     4.492 54122.57319899 15.90 118.397417  31.565557 12.308
 54     5.397 54122.57319963 15.96 118.396507  31.568847 12.308
 54     5.338 54122.57320028 17.67 118.395587  31.572127 12.308
 54     5.146 54122.57320092 16.46 118.394677  31.575417 12.308
 54     5.101 54122.57320157 16.37 118.393767  31.578697 12.308
 54     4.626 54122.57320221 16.58 118.392857  31.581987 12.308
 54     4.692 54122.57320285 16.24 118.391947  31.585267 12.308
 54     3.847 54122.57320350 17.42 118.391037  31.588547 12.308
 54     3.017 54122.57320414 18.67 118.390127  31.591837 12.308
 54     3.026 54122.57320479 19.60 118.389217  31.595117 12.308
 54     2.939 54122.57320543 22.16 118.388307  31.598407 12.308
 54     3.808 54122.57320608 21.95 118.387397  31.601687 12.308
 54     4.138 54122.57320672 20.86 118.386486  31.604976 30.029
 54     4.802 54122.57320737 22.71 118.385576  31.608256 30.029
 54     4.967 54122.57320801 21.74 118.384656  31.611546 30.029
 54     5.139 54122.57320866 21.95 118.383746  31.614826 30.029
 54     5.103 54122.57320930 25.21 118.382836  31.618116 30.029
 54     5.070 54122.57320995 28.41 118.381926  31.621396 30.029
 55     4.139 54157.57323523 16.83 118.393856  31.553349 14.459
 55     3.391 54157.57323587 16.95 118.392946  31.556639 14.459
 55     4.556 54157.57323652 18.37 118.392036  31.559919 14.459
 55     2.522 54157.57323716 19.02 118.391126  31.563209 14.459
 55     2.945 54157.57323780 17.70 118.390206  31.566489 14.459
 55     3.208 54157.57323845 18.22 118.389296  31.569779 14.459
 55     2.658 54157.57323909 21.52 118.388386  31.573059 14.459
 55     3.993 54157.57323974 20.56 118.387476  31.576349 14.459
 55     2.762 54157.57324038 24.75 118.386566  31.579629 14.459
 55     2.929 54157.57324103 25.88 118.385656  31.582909 14.459
 55     3.012 54157.57324167 27.12 118.384746  31.586199 14.459
 55     2.966 54157.57324232 30.95 118.383826  31.589479 14.459
 55     3.058 54157.57324296 32.49 118.382916  31.592769 14.459
 55     3.159 54157.57324361 29.99 118.382006  31.596049 14.459
 55     2.917 54157.57324425 29.79 118.381091  31.599336 41.833
 55     4.819 54157.57324490 21.56 118.380181  31.602616 41.833
 56     3.651 54192.57319765 18.84 118.396820  31.562010 31.103
 56     4.046 54192.57319829 18.55 118.395910  31.565290 31.103
 56     5.338 54192.57319894 17.17 118.394995  31.568577 13.122
 56     5.213 54192.57319958 17.37 118.394085  31.571857 13.122
 56     4.956 54192.57320023 17.82 118.393175  31.575147 13.122
 56     4.895 54192.57320087 17.29 118.392265  31.578427 13.122
 56     4.512 54192.57320152 18.51 118.391355  31.581717 13.122
 56     4.617 54192.57320216 19.19 118.390445  31.584997 13.122
 56     4.945 54192.57320280 20.01 118.389535  31.588277 13.122
 56     3.759 54192.57320345 21.49 118.388625  31.591567 13.122
 56     3.573 54192.57320409 22.91 118.387715  31.594847 13.122
 56     3.813 54192.57320474 22.95 118.386805  31.598137 13.122
 56     3.990 54192.57320538 22.60 118.385885  31.601417 13.122
 56     4.434 54192.57320603 22.73 118.384975  31.604707 13.122
 56     5.216 54192.57320667 25.33 118.384065  31.607987 13.122
 56     5.363 54192.57320732 25.75 118.383155  31.611277 13.122
 56     5.562 54192.57320796 26.33 118.382245  31.614557 13.122
 56     6.139 54192.57320861 29.97 118.381335  31.617837 13.122
 57     4.076 54227.57324700 21.40 118.393563  31.552635 21.933
 57     4.155 54227.57324764 19.86 118.392653  31.555925 21.933
 57     4.125 54227.57324828 19.81 118.391733  31.559205 21.933
 57     3.745 54227.57324893 20.39 118.390828  31.562492 26.089
 57     3.565 54227.57324957 21.45 118.389918  31.565772 26.089
 57     3.741 54227.57325022 22.31 118.389008  31.569062 26.089
 57     3.763 54227.57325086 23.69 118.388098  31.572342 26.089
 57     3.735 54227.57325151 25.89 118.387178  31.575632 26.089
 57     4.098 54227.57325215 26.22 118.386268  31.578912 26.089
 57     4.213 54227.57325280 28.74 118.385358  31.582192 26.089
 57     4.148 54227.57325344 32.19 118.384448  31.585482 26.089
 57     4.308 54227.57325409 35.74 118.383538  31.588762 26.089
 57     4.307 54227.57325473 41.64 118.382628  31.592052 26.089
 57     4.175 54227.57325538 40.96 118.381708  31.595332 26.089
 57     4.161 54227.57325602 41.47 118.380798  31.598622 26.089
 57     4.197 54227.57325667 41.87 118.379888  31.601902 26.089
 58     4.383 54262.57326635 16.20 118.394392  31.553209 23.244
 58     4.505 54262.57326699 16.41 118.393482  31.556499 23.244
 58     4.345 54262.57326764 17.25 118.392572  31.559779 23.244
 58     4.104 54262.57326828 18.71 118.391656  31.563068 20.953
 58     4.213 54262.57326893 16.05 118.390746  31.566348 20.953
 58     4.270 54262.57326957 16.09 118.389836  31.569638 20.953
 58     4.185 54262.57327022 17.09 118.388926  31.572918 20.953
 58     4.280 54262.57327086 17.17 118.388006  31.576208 20.953
 58     4.282 54262.57327151 20.90 118.387096  31.579488 20.953
 58     4.376 54262.57327215 24.13 118.386186  31.582768 20.953
 58     4.455 54262.57327280 26.65 118.385276  31.586058 20.953
 58     4.452 54262.57327344 26.83 118.384366  31.589338 20.953
 58     4.303 54262.57327408 38.15 118.383456  31.592628 20.953
 58     4.340 54262.57327473 42.55 118.382536  31.595908 20.953
 58     4.316 54262.57327537 26.45 118.381626  31.599198 20.953
 58     4.965 54262.57327602 24.76 118.380716  31.602478 20.953
 58     5.837 54262.57327666 23.22 118.379806  31.605768 20.953
 59     7.225 54297.57327148 29.21 118.395208  31.556189 34.053
 59     7.085 54297.57327212 26.85 118.394298  31.559469 34.053
 59     6.518 54297.57327277 28.47 118.393385  31.562757 15.914
 59     5.713 54297.57327341 28.49 118.392475  31.566037 15.914
 59     6.297 54297.57327406 28.07 118.391565  31.569327 15.914
 59     6.875 54297.57327470 26.88 118.390655  31.572607 15.914
 59     7.031 54297.57327534 26.61 118.389735  31.575897 15.914
 59     7.094 54297.57327599 27.74 118.388825  31.579177 15.914
 59     6.823 54297.57327663 30.57 118.387915  31.582457 15.914
 59     6.638 54297.57327728 32.23 118.387005  31.585747 15.914
 59     6.697 54297.57327792 30.27 118.386095  31.589027 15.914
 59     6.685 54297.57327857 26.94 118.385185  31.592317 15.914
 59     6.914 54297.57327921 24.90 118.384265  31.595597 15.914
 59     7.006 54297.57327986 23.08 118.383355  31.598887 15.914
 59     7.307 54297.57328050 23.63 118.382445  31.602167 15.914
 59     7.382 54297.57328115 24.09 118.381535  31.605457 15.914
 59     5.529 54297.57328179 28.58 118.380625  31.608737 15.914
 60     7.651 54332.57326204 31.41 118.396453  31.558539 38.516
 60     7.806 54332.57326268 22.85 118.395543  31.561819 38.516
 60     7.828 54332.57326333 24.28 118.394632  31.565107 15.525
 60     7.707 54332.57326397 24.72 118.393722  31.568387 15.525
 60     7.254 54332.57326462 24.70 118.392802  31.571677 15.525
 60     6.965 54332.57326526 25.84 118.391892  31.574957 15.525
 60     7.241 54332.57326591 23.57 118.390982  31.578247 15.525
 60     7.106 54332.57326655 21.98 118.390072  31.581527 15.525
 60     6.980 54332.57326720 21.04 118.389162  31.584807 15.525
 60     6.667 54332.57326784 20.38 118.388252  31.588097 15.525
 60     6.826 54332.57326849 20.58 118.387342  31.591377 15.525
 60     6.962 54332.57326913 20.46 118.386432  31.594667 15.525
 60     7.078 54332.57326978 21.04 118.385512  31.597947 15.525
 60     7.343 54332.57327042 20.88 118.384602  31.601237 15.525
 60     7.450 54332.57327107 21.54 118.383692  31.604517 15.525
 60     7.580 54332.57327171 22.19 118.382782  31.607807 15.525
 60     7.500 54332.57327235 24.93 118.381872  31.611087 15.525
 60     5.434 54332.57327300 28.66 118.380962  31.614367 15.525
 62     5.195 54402.57320465 23.73 118.395118  31.557034 31.557
 62     5.339 54402.57320530 18.77 118.394208  31.560314 31.557
 62     5.482 54402.57320594 17.49 118.393298  31.563604 31.557
 62     5.780 54402.57320659 17.36 118.392388  31.566884 31.557
 62     6.123 54402.57320723 17.22 118.391473  31.570172 22.376
 62     6.451 54402.57320788 17.21 118.390563  31.573452 22.376
 62     4.669 54402.57320852 21.79 118.389653  31.576742 22.376
 62     6.523 54402.57320917 20.34 118.388733  31.580022 22.376
 62     5.391 54402.57320981 21.07 118.387823  31.583312 22.376
 62     5.742 54402.57321046 21.74 118.386913  31.586592 22.376
 62     6.008 54402.57321110 22.55 118.386003  31.589872 22.376
 62     5.701 54402.57321175 26.04 118.385093  31.593162 22.376
 62     6.105 54402.57321239 23.88 118.384183  31.596442 22.376
 62     5.759 54402.57321304 26.86 118.383273  31.599732 22.376
 62     4.028 54402.57321368 27.97 118.382353  31.603012 22.376
 62     4.806 54402.57321432 27.26 118.381443  31.606302 22.376
 62     5.346 54402.57321497 28.70 118.380533  31.609582 22.376
 63     4.999 54437.57316188 23.10 118.395443  31.557976 17.836
 63     4.575 54437.57316252 17.55 118.394533  31.561256 17.836
 63     3.930 54437.57316316 17.06 118.393623  31.564546 17.836
 63     4.818 54437.57316381 17.20 118.392713  31.567826 17.836
 63     5.302 54437.57316445 17.60 118.391803  31.571116 17.836
 63     3.990 54437.57316510 18.95 118.390893  31.574396 17.836
 63     3.809 54437.57316574 20.48 118.389983  31.577676 17.836
 63     4.154 54437.57316639 20.58 118.389073  31.580966 17.836
 63     2.468 54437.57316703 22.77 118.388163  31.584246 17.836
 63     3.784 54437.57316768 22.31 118.387253  31.587536 17.836
 63     2.630 54437.57316832 26.36 118.386333  31.590816 17.836
 63     2.481 54437.57316897 28.60 118.385423  31.594106 17.836
 63     2.284 54437.57316961 31.74 118.384513  31.597386 17.836
 63     2.275 54437.57317026 35.23 118.383603  31.600676 17.836
 63     2.460 54437.57317090 33.94 118.382693  31.603956 17.836
 63     4.528 54437.57317155 26.61 118.381783  31.607236 17.836
 63     5.317 54437.57317219 25.41 118.380873  31.610526 17.836
 64     2.579 54472.57318978 22.33 118.394693  31.556012 22.793
 64     4.442 54472.57319043 21.44 118.393783  31.559292 22.793
 64     2.571 54472.57319107 20.67 118.392873  31.562582 22.793
 64     2.675 54472.57319171 21.11 118.391953  31.565862 22.793
 64     2.688 54472.57319236 21.23 118.391043  31.569149 24.304
 64     2.771 54472.57319300 21.45 118.390133  31.572429 24.304
 64     2.634 54472.57319365 22.83 118.389223  31.575719 24.304
 64     2.410 54472.57319429 24.62 118.388313  31.578999 24.304
 64     2.288 54472.57319494 26.82 118.387403  31.582289 24.304
 64     2.620 54472.57319558 27.48 118.386483  31.585569 24.304
 64     2.728 54472.57319623 27.98 118.385573  31.588849 24.304
 64     2.403 54472.57319687 34.52 118.384663  31.592139 24.304
 64     2.639 54472.57319752 42.50 118.383753  31.595419 24.304
 64     2.573 54472.57319816 52.10 118.382843  31.598709 24.304
 64     2.637 54472.57319881 49.51 118.381923  31.601989 24.304
 64     2.709 54472.57319945 43.87 118.381013  31.605279 24.304
 64     2.572 54472.57320010 48.28 118.380103  31.608559 24.304
 65     4.791 54507.57317341 22.72 118.396983  31.559648 20.934
 65     3.335 54507.57317405 18.77 118.396073  31.562938 20.934
 65     3.311 54507.57317469 18.04 118.395163  31.566218 20.934
 65     5.391 54507.57317534 17.45 118.394253  31.569498 20.934
 65     4.266 54507.57317598 17.61 118.393343  31.572788 20.934
 65     4.242 54507.57317663 18.56 118.392433  31.576068 20.934
 65     4.484 54507.57317727 19.22 118.391523  31.579358 20.934
 65     4.881 54507.57317792 18.86 118.390613  31.582638 20.934
 65     5.013 54507.57317856 19.94 118.389701  31.585926 29.196
 65     5.367 54507.57317921 20.28 118.388791  31.589206 29.196
 65     3.919 54507.57317985 23.42 118.387871  31.592496 29.196
 65     3.768 54507.57318050 24.37 118.386961  31.595776 29.196
 65     4.013 54507.57318114 25.14 118.386051  31.599066 29.196
 65     2.598 54507.57318179 30.88 118.385141  31.602346 29.196
 65     2.644 54507.57318243 34.67 118.384231  31.605626 29.196
 65     2.533 54507.57318308 42.42 118.383321  31.608916 29.196
 65     2.602 54507.57318372 49.09 118.382411  31.612196 29.196
 65     2.534 54507.57318436 50.86 118.381501  31.615486 29.196
 66     4.568 54542.57320451 25.65 118.395252  31.557328 16.768
 66     4.646 54542.57320515 16.95 118.394342  31.560618 16.768
 66     2.658 54542.57320580 17.34 118.393432  31.563898 16.768
 66     2.435 54542.57320644 18.18 118.392522  31.567188 16.768
 66     4.637 54542.57320709 17.53 118.391602  31.570468 16.768
 66     3.502 54542.57320773 18.82 118.390692  31.573758 16.768
 66     3.349 54542.57320838 21.58 118.389782  31.577038 16.768
 66     4.961 54542.57320902 20.92 118.388872  31.580328 16.768
 66     3.430 54542.57320967 21.23 118.387962  31.583608 16.768
 66     2.891 54542.57321031 22.50 118.387052  31.586888 16.768
 66     3.048 54542.57321096 25.47 118.386142  31.590178 16.768
 66     2.658 54542.57321160 28.22 118.385222  31.593458 16.768
 66     2.612 54542.57321225 34.70 118.384312  31.596748 16.768
 66     2.601 54542.57321289 38.79 118.383402  31.600028 16.768
 66     2.514 54542.57321354 34.77 118.382487  31.603313 39.937
 66     4.847 54542.57321418 24.23 118.381577  31.606593 39.937
 66     6.077 54542.57321482 26.68 118.380667  31.609883 39.937
 67     3.189 54577.57317625 24.06 118.396522  31.561155 15.881
 67     3.360 54577.57317690 24.29 118.395612  31.564445 15.881
 67     3.303 54577.57317754 26.52 118.394702  31.567725 15.881
 67     3.500 54577.57317819 27.50 118.393792  31.571005 15.881
 67     3.882 54577.57317883 28.63 118.392882  31.574295 15.881
 67     3.969 54577.57317948 27.87 118.391972  31.577575 15.881
 67     4.076 54577.57318012 27.78 118.391062  31.580865 15.881
 67     4.161 54577.57318077 27.92 118.390152  31.584145 15.881
 67     4.261 54577.57318141 27.85 118.389240  31.587433 28.182
 67     4.198 54577.57318205 30.15 118.388330  31.590713 28.182
 67     4.522 54577.57318270 31.88 118.387410  31.594003 28.182
 67     4.498 54577.57318334 33.01 118.386500  31.597283 28.182
 67     4.747 54577.57318399 35.58 118.385590  31.600573 28.182
 67     4.804 54577.57318463 39.27 118.384680  31.603853 28.182
 67     4.799 54577.57318528 37.29 118.383770  31.607133 28.182
 67     4.663 54577.57318592 36.72 118.382860  31.610423 28.182
 67     4.571 54577.57318657 35.53 118.381950  31.613703 28.182
 67     5.635 54577.57318721 31.75 118.381040  31.616993 28.182
 68     3.829 54612.57319569 17.41 118.395001  31.556689 16.891
 68     3.748 54612.57319633 16.76 118.394091  31.559979 16.891
 68     3.676 54612.57319698 16.33 118.393181  31.563259 16.891
 68     3.600 54612.57319762 16.59 118.392271  31.566539 16.891
 68     4.495 54612.57319827 16.11 118.391361  31.569829 16.891
 68     3.811 54612.57319891 16.47 118.390451  31.573109 16.891
 68     3.759 54612.57319956 17.56 118.389541  31.576399 16.891
 68     3.930 54612.57320020 19.02 118.388621  31.579679 16.891
 68     4.078 54612.57320084 21.53 118.387712  31.582968 31.344
 68     4.300 54612.57320149 22.79 118.386802  31.586248 31.344
 68     3.774 54612.57320213 25.64 118.385892  31.589538 31.344
 68     3.804 54612.57320278 28.46 118.384982  31.592818 31.344
 68     3.853 54612.57320342 39.38 118.384072  31.596108 31.344
 68     3.877 54612.57320407 40.14 118.383152  31.599388 31.344
 68     3.896 54612.57320471 31.35 118.382242  31.602668 31.344
 68     3.693 54612.57320536 26.93 118.381332  31.605958 31.344
 68     5.468 54612.57320600 26.12 118.380422  31.609238 31.344
 69     6.702 54647.57320154 25.08 118.394714  31.552125 19.977
 69     6.748 54647.57320218 25.20 118.393804  31.555415 19.977
 69     6.137 54647.57320282 27.11 118.392894  31.558695 19.977
 69     5.886 54647.57320347 28.26 118.391984  31.561985 19.977
 69     5.912 54647.57320411 28.91 118.391074  31.565265 19.977
 69     5.936 54647.57320476 29.07 118.390164  31.568545 19.977
 69     6.179 54647.57320540 28.02 118.389254  31.571835 19.977
 69     6.068 54647.57320605 31.55 118.388344  31.575115 19.977
 69     6.412 54647.57320669 30.86 118.387424  31.578405 19.977
 69     6.668 54647.57320734 27.89 118.386514  31.581685 19.977
 69     6.817 54647.57320798 26.91 118.385604  31.584972 26.891
 69     6.954 54647.57320863 24.98 118.384694  31.588252 26.891
 69     6.742 54647.57320927 21.69 118.383784  31.591542 26.891
 69     6.514 54647.57320992 21.85 118.382874  31.594822 26.891
 69     6.462 54647.57321056 21.22 118.381964  31.598112 26.891
 69     6.440 54647.57321121 25.67 118.381044  31.601392 26.891
 69     6.547 54647.57321185 22.60 118.380134  31.604672 26.891
 70     7.113 54682.57320299 26.46 118.395131  31.555982 23.010
 70     6.771 54682.57320363 27.05 118.394221  31.559262 23.010
 70     5.865 54682.57320428 29.79 118.393311  31.562552 23.010
 70     5.992 54682.57320492 29.29 118.392401  31.565832 23.010
 70     6.216 54682.57320557 29.67 118.391491  31.569112 23.010
 70     6.390 54682.57320621 30.58 118.390581  31.572402 23.010
 70     6.509 54682.57320686 32.18 118.389671  31.575682 23.010
 70     7.000 54682.57320750 30.16 118.388761  31.578972 23.010
 70     7.172 54682.57320815 27.22 118.387841  31.582252 23.010
 70     7.030 54682.57320879 26.77 118.386933  31.585540 26.687
 70     6.848 54682.57320944 27.50 118.386023  31.588820 26.687
 70     6.742 54682.57321008 26.86 118.385113  31.592110 26.687
 70     6.819 54682.57321072 26.32 118.384203  31.595390 26.687
 70     7.008 54682.57321137 23.79 118.383293  31.598680 26.687
 70     7.329 54682.57321201 22.62 118.382373  31.601960 26.687
 70     7.450 54682.57321266 25.26 118.381463  31.605240 26.687
 70     7.348 54682.57321330 27.59 118.380553  31.608530 26.687
 71     7.319 54717.57315189 25.41 118.397277  31.561046 24.402
 71     6.461 54717.57315254 26.84 118.396367  31.564336 24.402
 71     6.727 54717.57315318 27.55 118.395457  31.567616 24.402
 71     5.020 54717.57315383 29.23 118.394547  31.570906 24.402
 71     5.437 54717.57315447 28.08 118.393637  31.574186 24.402
 71     5.551 54717.57315511 29.02 118.392727  31.577466 24.402
 71     5.706 54717.57315576 28.83 118.391817  31.580756 24.402
 71     7.003 54717.57315640 24.41 118.390907  31.584036 24.402
 71     7.103 54717.57315705 22.94 118.389997  31.587326 24.402
 71     6.809 54717.57315769 22.88 118.389087  31.590606 24.402
 71     6.888 54717.57315834 23.20 118.388174  31.593895 28.154
 71     6.878 54717.57315898 24.33 118.387264  31.597175 28.154
 71     7.149 54717.57315963 21.71 118.386354  31.600465 28.154
 71     7.449 54717.57316027 21.10 118.385434  31.603745 28.154
 71     7.543 54717.57316092 21.80 118.384524  31.607035 28.154
 71     7.204 54717.57316156 24.05 118.383614  31.610315 28.154
 71     5.528 54717.57316221 25.84 118.382704  31.613595 28.154
 71     5.872 54717.57316285 26.06 118.381794  31.616885 28.154
 72     5.833 54752.57317453 24.52 118.393611  31.552352 15.592
 72     5.408 54752.57317518 24.59 118.392701  31.555632 15.592
 72     5.387 54752.57317582 23.77 118.391791  31.558922 15.592
 72     5.291 54752.57317647 24.49 118.390881  31.562202 15.592
 72     5.072 54752.57317711 25.72 118.389971  31.565482 15.592
 72     4.882 54752.57317776 27.41 118.389061  31.568772 15.592
 72     4.868 54752.57317840 29.37 118.388141  31.572052 15.592
 72     4.878 54752.57317905 30.62 118.387231  31.575342 15.592
 72     5.104 54752.57317969 32.98 118.386321  31.578622 15.592
 72     5.227 54752.57318033 34.27 118.385408  31.581909 37.776
 72     5.315 54752.57318098 35.22 118.384498  31.585189 37.776
 72     5.306 54752.57318162 40.29 118.383588  31.588479 37.776
 72     5.275 54752.57318227 46.75 118.382678  31.591759 37.776
 72     5.243 54752.57318291 42.05 118.381768  31.595049 37.776
 72     5.237 54752.57318356 41.45 118.380848  31.598329 37.776
 72     5.212 54752.57318420 40.85 118.379938  31.601609 37.776
 73     5.929 54787.57314130 29.45 118.395873  31.558565 18.004
 73     4.788 54787.57314194 25.34 118.394963  31.561855 18.004
 73     5.281 54787.57314259 22.99 118.394053  31.565135 18.004
 73     5.479 54787.57314323 22.89 118.393143  31.568425 18.004
 73     5.268 54787.57314388 25.63 118.392233  31.571705 18.004
 73     5.018 54787.57314452 30.29 118.391323  31.574985 18.004
 73     5.041 54787.57314517 33.04 118.390413  31.578275 18.004
 73     5.779 54787.57314581 28.57 118.389503  31.581555 18.004
 73     5.870 54787.57314646 27.80 118.388593  31.584845 18.004
 73     6.002 54787.57314710 28.41 118.387673  31.588125 18.004
 73     6.137 54787.57314775 31.24 118.386768  31.591411 35.520
 73     6.185 54787.57314839 33.39 118.385858  31.594691 35.520
 73     6.412 54787.57314903 34.69 118.384948  31.597981 35.520
 73     5.842 54787.57314968 31.79 118.384028  31.601261 35.520
 73     5.671 54787.57315032 29.99 118.383118  31.604551 35.520
 73     5.438 54787.57315097 27.96 118.382208  31.607831 35.520
 73     5.465 54787.57315161 26.69 118.381298  31.611111 35.520
 74     4.567 54822.57316908 21.47 118.393893  31.553155 13.749
 74     3.744 54822.57316972 19.73 118.392983  31.556445 13.749
 74     3.787 54822.57317037 19.17 118.392073  31.559725 13.749
 74     2.981 54822.57317101 18.28 118.391163  31.563005 13.749
 74     3.350 54822.57317166 18.54 118.390253  31.566295 13.749
 74     3.240 54822.57317230 20.05 118.389343  31.569575 13.749
 74     3.873 54822.57317295 19.48 118.388423  31.572865 13.749
 74     4.023 54822.57317359 19.96 118.387513  31.576145 13.749
 74     4.265 54822.57317424 21.46 118.386601  31.579431 35.638
 74     4.350 54822.57317488 22.38 118.385691  31.582711 35.638
 74     2.939 54822.57317553 25.44 118.384781  31.586001 35.638
 74     3.377 54822.57317617 26.31 118.383871  31.589281 35.638
 74     3.359 54822.57317682 29.98 118.382961  31.592571 35.638
 74     2.768 54822.57317746 44.16 118.382041  31.595851 35.638
 74     2.675 54822.57317811 49.25 118.381131  31.599131 35.638
 74     2.565 54822.57317875 48.54 118.380221  31.602421 35.638
 75     2.437 54857.57313784 46.70 118.396347  31.559935 22.587
 75     2.428 54857.57313848 38.00 118.395437  31.563215 22.587
 75     2.177 54857.57313913 30.59 118.394527  31.566505 22.587
 75     1.908 54857.57313977 30.64 118.393617  31.569785 22.587
 75     1.721 54857.57314042 29.23 118.392707  31.573065 22.587
 75     1.835 54857.57314106 27.46 118.391797  31.576355 22.587
 75     1.775 54857.57314171 25.60 118.390887  31.579635 22.587
 75     1.838 54857.57314235 27.01 118.389977  31.582925 22.587
 75     2.310 54857.57314300 27.65 118.389067  31.586205 22.587
 75     2.497 54857.57314364 31.00 118.388152  31.589493 35.058
 75     2.120 54857.57314429 33.93 118.387242  31.592773 35.058
 75     2.126 54857.57314493 33.65 118.386332  31.596063 35.058
 75     2.355 54857.57314557 35.10 118.385412  31.599343 35.058
 75     2.455 54857.57314622 41.57 118.384502  31.602633 35.058
 75     2.502 54857.57314686 51.82 118.383592  31.605913 35.058
 75     2.437 54857.57314751 53.98 118.382682  31.609193 35.058
 75     2.387 54857.57314815 51.49 118.381772  31.612483 35.058
 75     2.380 54857.57314880 43.20 118.380862  31.615763 35.058
 76     4.753 54892.57317148 21.00 118.394563  31.552776 17.995
 76     4.787 54892.57317212 20.18 118.393653  31.556056 17.995
 76     4.488 54892.57317277 18.79 118.392743  31.559346 17.995
 76     4.239 54892.57317341 18.51 118.391833  31.562626 17.995
 76     4.438 54892.57317406 18.53 118.390923  31.565906 17.995
 76     5.131 54892.57317470 18.41 118.390013  31.569196 17.995
 76     5.154 54892.57317534 19.15 118.389103  31.572476 17.995
 76     5.703 54892.57317599 19.00 118.388193  31.575766 17.995
 76     5.779 54892.57317663 20.71 118.387273  31.579046 17.995
 76     6.183 54892.57317728 22.83 118.386366  31.582332 27.173
 76     6.511 54892.57317792 24.25 118.385456  31.585612 27.173
 76     5.648 54892.57317857 25.82 118.384546  31.588902 27.173
 76     5.979 54892.57317921 26.00 118.383636  31.592182 27.173
 76     6.287 54892.57317986 26.35 118.382716  31.595472 27.173
 76     6.404 54892.57318050 27.93 118.381806  31.598752 27.173
 76     7.117 54892.57318115 25.46 118.380896  31.602032 27.173
 76     7.331 54892.57318179 26.42 118.379986  31.605322 27.173
 77     4.794 54927.57313524 25.09 118.396270  31.557244 13.743
 77     3.525 54927.57313589 22.43 118.395360  31.560534 13.743
 77     3.568 54927.57313653 21.68 118.394450  31.563814 13.743
 77     3.384 54927.57313718 22.13 118.393540  31.567104 13.743
 77     3.475 54927.57313782 22.60 118.392630  31.570384 13.743
 77     3.478 54927.57313847 23.45 118.391720  31.573664 13.743
 77     3.517 54927.57313911 23.43 118.390810  31.576954 13.743
 77     3.551 54927.57313976 24.83 118.389900  31.580234 13.743
 77     3.499 54927.57314040 26.50 118.388990  31.583524 13.743
 77     3.442 54927.57314105 28.94 118.388080  31.586804 13.743
 77     3.468 54927.57314169 31.72 118.387169  31.590090 30.767
 77     3.624 54927.57314233 32.57 118.386259  31.593370 30.767
 77     3.636 54927.57314298 35.32 118.385339  31.596660 30.767
 77     3.610 54927.57314362 36.90 118.384429  31.599940 30.767
 77     3.708 54927.57314427 38.31 118.383519  31.603230 30.767
 77     3.695 54927.57314491 37.50 118.382609  31.606510 30.767
 77     3.734 54927.57314556 40.69 118.381699  31.609790 30.767
 77     3.712 54927.57314620 46.68 118.380789  31.613080 30.767
 78     5.012 54962.57317084 22.79 118.393930  31.550257 13.210
 78     5.230 54962.57317148 22.62 118.393020  31.553537 13.210
 78     5.028 54962.57317213 22.16 118.392110  31.556827 13.210
 78     4.811 54962.57317277 22.40 118.391200  31.560107 13.210
 78     4.541 54962.57317342 22.08 118.390290  31.563387 13.210
 78     4.847 54962.57317406 21.41 118.389380  31.566677 13.210
 78     4.869 54962.57317470 24.15 118.388470  31.569957 13.210
 78     4.984 54962.57317535 23.90 118.387550  31.573247 13.210
 78     4.996 54962.57317599 26.93 118.386640  31.576527 13.210
 78     5.004 54962.57317664 29.36 118.385729  31.579815 34.342
 78     5.128 54962.57317728 30.34 118.384819  31.583095 34.342
 78     5.213 54962.57317793 34.24 118.383909  31.586385 34.342
 78     5.291 54962.57317857 38.96 118.382999  31.589665 34.342
 78     5.364 54962.57317922 42.27 118.382089  31.592955 34.342
 78     5.218 54962.57317986 30.81 118.381169  31.596235 34.342
 78     5.083 54962.57318051 28.62 118.380259  31.599515 34.342
 78     5.143 54962.57318115 31.17 118.379349  31.602805 34.342
 79     5.920 54997.57319179 23.88 118.393031  31.551566 16.154
 79     5.943 54997.57319244 23.87 118.392121  31.554846 16.154
 79     5.884 54997.57319308 24.35 118.391211  31.558136 16.154
 79     5.348 54997.57319373 25.76 118.390301  31.561416 16.154
 79     5.255 54997.57319437 27.41 118.389391  31.564696 16.154
 79     5.435 54997.57319502 27.80 118.388481  31.567986 16.154
 79     5.556 54997.57319566 28.59 118.387571  31.571266 16.154
 79     5.442 54997.57319631 33.43 118.386661  31.574556 16.154
 79     5.730 54997.57319695 33.49 118.385741  31.577836 16.154
 79     6.089 54997.57319759 34.34 118.384832  31.581125 33.242
 79     6.035 54997.57319824 38.15 118.383922  31.584405 33.242
 79     6.009 54997.57319888 49.77 118.383012  31.587695 33.242
 79     5.939 54997.57319953 47.36 118.382102  31.590975 33.242
 79     5.884 54997.57320017 38.77 118.381192  31.594265 33.242
 79     5.882 54997.57320082 37.36 118.380272  31.597545 33.242
 79     5.934 54997.57320146 37.96 118.379362  31.600825 33.242
 80     6.366 55032.57318137 26.80 118.394615  31.553008 23.160
 80     6.295 55032.57318202 27.09 118.393705  31.556288 23.160
 80     6.127 55032.57318266 26.38 118.392795  31.559578 23.160
 80     5.668 55032.57318330 26.78 118.391885  31.562858 23.160
 80     5.455 55032.57318395 29.06 118.390975  31.566138 23.160
 80     5.782 55032.57318459 29.31 118.390065  31.569428 23.160
 80     5.724 55032.57318524 31.94 118.389155  31.572708 23.160
 80     5.819 55032.57318588 33.61 118.388245  31.575998 23.160
 80     6.018 55032.57318653 34.95 118.387325  31.579278 23.160
 80     6.332 55032.57318717 33.12 118.386417  31.582564 35.990
 80     6.215 55032.57318782 33.85 118.385507  31.585844 35.990
 80     6.303 55032.57318846 36.60 118.384597  31.589134 35.990
 80     6.375 55032.57318911 47.68 118.383687  31.592414 35.990
 80     6.424 55032.57318975 45.14 118.382767  31.595704 35.990
 80     6.132 55032.57319040 37.08 118.381857  31.598984 35.990
 80     6.079 55032.57319104 32.88 118.380947  31.602264 35.990
 80     5.748 55032.57319169 31.98 118.380037  31.605554 35.990
 81     7.218 55067.57317098 29.47 118.396311  31.557299 28.471
 81     7.006 55067.57317162 24.27 118.395401  31.560579 28.471
 81     6.616 55067.57317227 24.70 118.394491  31.563869 28.471
 81     6.366 55067.57317291 25.69 118.393581  31.567149 28.471
 81     6.233 55067.57317356 26.76 118.392671  31.570429 28.471
 81     6.111 55067.57317420 29.42 118.391761  31.573719 28.471
 81     6.314 55067.57317485 30.36 118.390851  31.576999 28.471
 81     6.778 55067.57317549 28.13 118.389941  31.580289 28.471
 81     6.922 55067.57317614 24.18 118.389031  31.583569 28.471
 81     7.001 55067.57317678 22.74 118.388114  31.586857 26.072
 81     7.007 55067.57317743 21.63 118.387204  31.590137 26.072
 81     7.063 55067.57317807 21.73 118.386294  31.593427 26.072
 81     6.907 55067.57317871 21.94 118.385384  31.596707 26.072
 81     6.903 55067.57317936 20.97 118.384474  31.599997 26.072
 81     7.236 55067.57318000 20.09 118.383554  31.603277 26.072
 81     7.099 55067.57318065 23.78 118.382644  31.606557 26.072
 81     6.975 55067.57318129 24.71 118.381734  31.609847 26.072
 81     6.179 55067.57318194 26.89 118.380824  31.613127 26.072
 82     5.818 55102.57311033 29.67 118.396269  31.558187 13.260
 82     5.782 55102.57311098 17.98 118.395359  31.561467 13.260
 82     6.010 55102.57311162 16.69 118.394449  31.564757 13.260
 82     6.078 55102.57311227 18.99 118.393539  31.568037 13.260
 82     5.948 55102.57311291 17.15 118.392629  31.571327 13.260
 82     5.683 55102.57311355 17.53 118.391719  31.574607 13.260
 82     5.238 55102.57311420 19.38 118.390809  31.577887 13.260
 82     5.017 55102.57311484 20.94 118.389899  31.581177 13.260
 82     4.976 55102.57311549 22.78 118.388989  31.584457 13.260
 82     5.080 55102.57311613 23.23 118.388069  31.587747 13.260
 82     4.720 55102.57311678 26.13 118.387159  31.591027 13.260
 82     4.651 55102.57311742 23.72 118.386249  31.594317 13.260
 82     4.565 55102.57311807 22.15 118.385339  31.597597 13.260
 82     5.850 55102.57311871 19.41 118.384429  31.600887 13.260
 82     5.772 55102.57311936 18.91 118.383519  31.604167 13.260
 82     5.272 55102.57312000 21.92 118.382609  31.607447 13.260
 82     5.582 55102.57312065 25.15 118.381699  31.610737 13.260
 82     5.699 55102.57312129 28.23 118.380779  31.614017 13.260
 83     3.235 55137.57311656 24.91 118.394168  31.554389 17.096
 83     3.750 55137.57311721 21.20 118.393258  31.557669 17.096
 83     3.839 55137.57311785 17.21 118.392348  31.560959 17.096
 83     3.502 55137.57311850 16.28 118.391438  31.564239 17.096
 83     3.340 55137.57311914 17.39 118.390528  31.567519 17.096
 83     3.314 55137.57311978 18.52 118.389618  31.570809 17.096
 83     3.515 55137.57312043 17.98 118.388708  31.574089 17.096
 83     3.352 55137.57312107 20.46 118.387788  31.577379 17.096
 83     4.139 55137.57312172 18.29 118.386878  31.580659 17.096
 83     5.031 55137.57312236 18.74 118.385966  31.583944 35.581
 83     3.908 55137.57312301 21.64 118.385056  31.587224 35.581
 83     3.351 55137.57312365 27.43 118.384146  31.590514 35.581
 83     3.287 55137.57312430 30.46 118.383236  31.593794 35.581
 83     3.409 55137.57312494 27.88 118.382326  31.597084 35.581
 83     3.177 55137.57312559 41.51 118.381406  31.600364 35.581
 83     3.297 55137.57312623 45.98 118.380496  31.603654 35.581
 83     3.247 55137.57312688 38.87 118.379586  31.606934 35.581
 84     4.935 55172.57307885 24.63 118.396488  31.558552 16.836
 84     3.638 55172.57307949 19.68 118.395578  31.561832 16.836
 84     3.428 55172.57308013 18.88 118.394668  31.565122 16.836
 84     4.993 55172.57308078 19.68 118.393758  31.568402 16.836
 84     2.952 55172.57308142 19.50 118.392848  31.571682 16.836
 84     2.841 55172.57308207 19.96 118.391938  31.574972 16.836
 84     3.786 55172.57308271 21.22 118.391028  31.578252 16.836
 84     2.539 55172.57308336 23.09 118.390118  31.581542 16.836
 84     4.798 55172.57308400 22.39 118.389208  31.584822 16.836
 84     2.907 55172.57308465 25.29 118.388294  31.588108 32.911
 84     3.077 55172.57308529 30.68 118.387384  31.591388 32.911
 84     2.274 55172.57308594 37.31 118.386474  31.594678 32.911
 84     2.411 55172.57308658 36.99 118.385564  31.597958 32.911
 84     2.300 55172.57308723 39.82 118.384644  31.601248 32.911
 84     2.348 55172.57308787 49.22 118.383734  31.604528 32.911
 84     2.323 55172.57308852 48.41 118.382824  31.607808 32.911
 84     2.355 55172.57308916 51.26 118.381914  31.611098 32.911
 84     2.320 55172.57308981 46.51 118.381004  31.614378 32.911
 85     4.543 55207.57311062 16.66 118.394086  31.551864 15.810
 85     4.207 55207.57311126 16.28 118.393176  31.555144 15.810
 85     3.900 55207.57311190 14.62 118.392266  31.558434 15.810
 85     4.119 55207.57311255 14.17 118.391356  31.561714 15.810
 85     3.705 55207.57311319 14.92 118.390446  31.564994 15.810
 85     3.948 55207.57311384 15.50 118.389536  31.568284 15.810
 85     3.725 55207.57311448 17.01 118.388626  31.571564 15.810
 85     3.725 55207.57311513 19.44 118.387706  31.574854 15.810
 85     5.375 55207.57311577 17.24 118.386796  31.578134 15.810
 85     5.835 55207.57311642 18.82 118.385883  31.581421 33.215
 85     5.927 55207.57311706 18.35 118.384973  31.584701 33.215
 85     4.020 55207.57311771 22.23 118.384063  31.587991 33.215
 85     3.299 55207.57311835 26.60 118.383153  31.591271 33.215
 85     2.927 55207.57311900 28.54 118.382243  31.594561 33.215
 85     2.765 55207.57311964 29.41 118.381323  31.597841 33.215
 85     2.547 55207.57312029 34.55 118.380413  31.601121 33.215
 85     2.632 55207.57312093 29.98 118.379503  31.604411 33.215
 86     5.035 55242.57308349 25.99 118.396283  31.558911 16.254
 86     8.446 55242.57308413 17.78 118.395373  31.562201 16.254
 86     3.569 55242.57308478 17.56 118.394463  31.565481 16.254
 86     5.230 55242.57308542 16.90 118.393553  31.568771 16.254
 86     4.851 55242.57308607 17.45 118.392643  31.572051 16.254
 86     4.528 55242.57308671 17.84 118.391733  31.575331 16.254
 86     4.961 55242.57308735 18.35 118.390823  31.578621 16.254
 86     5.247 55242.57308800 18.42 118.389913  31.581901 16.254
 86     5.689 55242.57308864 18.86 118.389003  31.585191 16.254
 86     5.802 55242.57308929 19.85 118.388093  31.588471 16.254
 86     5.377 55242.57308993 23.95 118.387180  31.591758 27.080
 86     5.652 55242.57309058 24.23 118.386270  31.595038 27.080
 86     3.562 55242.57309122 26.76 118.385360  31.598328 27.080
 86     6.495 55242.57309187 25.02 118.384450  31.601608 27.080
 86     6.557 55242.57309251 26.02 118.383530  31.604898 27.080
 86     4.859 55242.57309316 28.83 118.382620  31.608178 27.080
 86     5.576 55242.57309380 29.77 118.381710  31.611458 27.080
 86     7.557 55242.57309445 29.60 118.380800  31.614748 27.080
 87     4.797 55277.57310497 20.58 118.394962  31.555752 20.561
 87     5.003 55277.57310562 17.42 118.394052  31.559042 20.561
 87     3.695 55277.57310626 16.73 118.393142  31.562322 20.561
 87     3.765 55277.57310691 15.70 118.392232  31.565602 20.561
 87     3.682 55277.57310755 16.55 118.391322  31.568892 20.561
 87     4.457 55277.57310820 15.12 118.390412  31.572172 20.561
 87     4.842 55277.57310884 15.90 118.389502  31.575462 20.561
 87     5.455 55277.57310949 15.95 118.388592  31.578742 20.561
 87     5.879 55277.57311013 17.31 118.387676  31.582027 25.948
 87     5.714 55277.57311077 19.08 118.386766  31.585307 25.948
 87     4.418 55277.57311142 22.61 118.385856  31.588597 25.948
 87     4.160 55277.57311206 27.27 118.384946  31.591877 25.948
 87     4.042 55277.57311271 29.35 118.384026  31.595167 25.948
 87     4.001 55277.57311335 29.14 118.383116  31.598447 25.948
 87     6.327 55277.57311400 26.34 118.382206  31.601727 25.948
 87     7.090 55277.57311464 23.41 118.381296  31.605017 25.948
 87     3.879 55277.57311529 32.97 118.380386  31.608297 25.948
 88     6.304 55312.57306947 22.87 118.396551  31.559302 20.837
 88     6.018 55312.57307011 18.81 118.395641  31.562582 20.837
 88     5.594 55312.57307076 19.17 118.394731  31.565872 20.837
 88     5.930 55312.57307140 19.49 118.393821  31.569152 20.837
 88     6.127 55312.57307204 18.68 118.392911  31.572432 20.837
 88     6.116 55312.57307269 21.28 118.392001  31.575722 20.837
 88     6.523 55312.57307333 20.87 118.391091  31.579002 20.837
 88     6.700 55312.57307398 21.15 118.390181  31.582292 20.837
 88     6.718 55312.57307462 24.12 118.389271  31.585572 20.837
 88     6.620 55312.57307527 28.07 118.388358  31.588861 24.713
 88     6.664 55312.57307591 26.04 118.387448  31.592141 24.713
 88     6.693 55312.57307656 20.97 118.386538  31.595431 24.713
 88     6.878 55312.57307720 19.08 118.385618  31.598711 24.713
 88     6.931 55312.57307785 19.83 118.384708  31.602001 24.713
 88     7.056 55312.57307849 20.96 118.383798  31.605281 24.713
 88     7.408 55312.57307914 22.79 118.382888  31.608561 24.713
 88     8.063 55312.57307978 24.31 118.381978  31.611851 24.713
 88     7.992 55312.57308043 26.48 118.381068  31.615131 24.713
 89     7.140 55347.57307552 25.86 118.395574  31.556240 27.374
 89     6.760 55347.57307617 24.61 118.394664  31.559520 27.374
 89     6.239 55347.57307681 25.59 118.393754  31.562800 27.374
 89     6.226 55347.57307746 24.05 118.392844  31.566090 27.374
 89     6.504 55347.57307810 22.81 118.391934  31.569370 27.374
 89     6.755 55347.57307874 23.37 118.391024  31.572660 27.374
 89     7.072 55347.57307939 24.22 118.390104  31.575940 27.374
 89     7.280 55347.57308003 25.46 118.389197  31.579229 24.204
 89     7.156 55347.57308068 24.02 118.388287  31.582509 24.204
 89     7.167 55347.57308132 21.78 118.387377  31.585799 24.204
 89     7.002 55347.57308197 21.06 118.386467  31.589079 24.204
 89     6.820 55347.57308261 21.99 118.385547  31.592369 24.204
 89     6.765 55347.57308326 23.25 118.384637  31.595649 24.204
 89     6.977 55347.57308390 23.40 118.383727  31.598929 24.204
 89     7.169 55347.57308455 24.32 118.382817  31.602219 24.204
 89     7.230 55347.57308519 26.12 118.381907  31.605499 24.204
 89     7.481 55347.57308584 26.63 118.380997  31.608789 24.204
 90     8.679 55382.57306596 34.82 118.395742  31.554820 25.170
 90     8.521 55382.57306660 31.07 118.394832  31.558100 25.170
 90     8.408 55382.57306725 26.09 118.393922  31.561390 25.170
 90     8.132 55382.57306789 26.06 118.393012  31.564670 25.170
 90     7.816 55382.57306854 28.98 118.392102  31.567950 25.170
 90     7.473 55382.57306918 29.18 118.391192  31.571240 25.170
 90     7.137 55382.57306983 30.26 118.390282  31.574520 25.170
 90     7.248 55382.57307047 30.08 118.389372  31.577810 25.170
 90     7.271 55382.57307111 30.98 118.388452  31.581090 25.170
 90     7.870 55382.57307176 27.94 118.387546  31.584377 23.594
 90     7.834 55382.57307240 28.24 118.386636  31.587657 23.594
 90     7.978 55382.57307305 27.72 118.385726  31.590947 23.594
 90     7.997 55382.57307369 29.57 118.384816  31.594227 23.594
 90     8.155 55382.57307434 28.00 118.383896  31.597517 23.594
 90     8.261 55382.57307498 26.64 118.382986  31.600797 23.594
 90     8.349 55382.57307563 26.69 118.382076  31.604077 23.594
 90     8.499 55382.57307627 29.90 118.381166  31.607367 23.594
 90     8.575 55382.57307692 37.43 118.380256  31.610647 23.594
 91     8.727 55417.57309419 32.93 118.393727  31.554186 24.758
 91     7.960 55417.57309484 33.52 118.392817  31.557476 24.758
 91     7.893 55417.57309548 31.12 118.391907  31.560756 24.758
 91     7.877 55417.57309613 28.67 118.390997  31.564036 24.758
 91     7.826 55417.57309677 27.44 118.390087  31.567326 24.758
 91     7.606 55417.57309742 26.69 118.389167  31.570606 24.758
 91     7.635 55417.57309806 25.78 118.388257  31.573896 24.758
 91     7.670 55417.57309871 26.96 118.387347  31.577176 24.758
 91     8.484 55417.57309935 24.92 118.386434  31.580463 27.875
 91     8.405 55417.57310000 25.90 118.385524  31.583743 27.875
 91     8.559 55417.57310064 23.45 118.384614  31.587033 27.875
 91     8.271 55417.57310129 24.57 118.383704  31.590313 27.875
 91     8.256 55417.57310193 25.66 118.382794  31.593603 27.875
 91     8.379 55417.57310258 27.45 118.381874  31.596883 27.875
 91     8.423 55417.57310322 29.71 118.380964  31.600163 27.875
 91     8.561 55417.57310386 27.83 118.380054  31.603453 27.875
 92     7.572 55452.57307680 22.62 118.396216  31.560000 24.392
 92     7.240 55452.57307745 21.27 118.395306  31.563280 24.392
 92     7.207 55452.57307809 21.28 118.394396  31.566570 24.392
 92     7.134 55452.57307874 20.88 118.393486  31.569850 24.392
 92     7.004 55452.57307938 21.67 118.392576  31.573130 24.392
 92     6.773 55452.57308003 25.20 118.391666  31.576420 24.392
 92     6.881 55452.57308067 24.59 118.390756  31.579700 24.392
 92     7.077 55452.57308132 24.38 118.389846  31.582990 24.392
 92     7.062 55452.57308196 26.98 118.388936  31.586270 24.392
 92     7.338 55452.57308261 24.54 118.388020  31.589559 25.184
 92     7.266 55452.57308325 24.73 118.387110  31.592839 25.184
 92     7.217 55452.57308390 22.37 118.386200  31.596129 25.184
 92     6.987 55452.57308454 23.37 118.385290  31.599409 25.184
 92     7.085 55452.57308518 22.70 118.384370  31.602699 25.184
 92     7.256 55452.57308583 21.59 118.383460  31.605979 25.184
 92     7.228 55452.57308647 23.20 118.382550  31.609259 25.184
 92     7.381 55452.57308712 24.31 118.381640  31.612549 25.184
 93     6.068 55487.57299917 24.16 118.397908  31.563492 20.807
 93     6.216 55487.57299981 21.02 118.396998  31.566782 20.807
 93     6.517 55487.57300046 22.88 118.396088  31.570062 20.807
 93     6.335 55487.57300110 21.69 118.395178  31.573352 20.807
 93     6.072 55487.57300175 19.88 118.394268  31.576632 20.807
 93     6.369 55487.57300239 20.13 118.393358  31.579912 20.807
 93     5.366 55487.57300303 21.71 118.392448  31.583202 20.807
 93     5.317 55487.57300368 23.10 118.391538  31.586482 20.807
 93     5.389 55487.57300432 23.78 118.390628  31.589772 20.807
 93     5.305 55487.57300497 23.66 118.389718  31.593052 20.807
 93     5.483 55487.57300561 23.35 118.388806  31.596340 26.365
 93     5.844 55487.57300626 21.38 118.387896  31.599620 26.365
 93     6.362 55487.57300690 18.48 118.386976  31.602910 26.365
 93     6.339 55487.57300755 19.18 118.386066  31.606190 26.365
 93     7.486 55487.57300819 20.76 118.385156  31.609480 26.365
 93     5.410 55487.57300884 23.57 118.384246  31.612760 26.365
 93     5.374 55487.57300948 27.42 118.383336  31.616040 26.365
 93     7.714 55487.57301013 29.04 118.382426  31.619330 26.365
