# NaN NaN NaN ;Mean Elev.(m), Avg Gradient(m/km), RMS Gradient(m/km) - SRTM1     
#    4.078  -0.939   7.789 ;Mean Elev.(m), Avg Gradient(m/km), RMS Gradient(m/km) - ASTER GDEM
#    0.502  -1.167   8.615 ;Mean Elev.(m), Avg Gradient(m/km), RMS Gradient(m/km) - GMTED2010 
  6 119.640830  32.200520     4.144     3.905  4 52439.56938320 26.812
  7 119.645244  32.202555     5.317     4.719  4 52474.56938192 26.349
  8 119.653761  32.206592     4.939     4.950  4 52509.56934455 24.535
  9 119.650609  32.206047     5.803     5.908  4 52544.56934600 22.360
 10 119.646768  32.202333     5.605     6.242  4 52579.56938247 23.654
 11 119.648966  32.204084     6.003     6.537  5 52614.56934997 28.140
 12 119.651289  32.206001     4.565     4.819  5 52649.56933017 25.199
 13 119.656019  32.208287     5.858     6.331  5 52684.56931283 26.964
 14 119.647183  32.204243     5.614     5.555  4 52719.56936547 26.490
 15 119.641188  32.200434     4.607     4.559  4 52754.56938914 31.176
 16 119.645614  32.201388     4.127     4.302  4 52789.56933719 26.942
 17 119.648505  32.203821     5.882     6.224  5 52824.56940778 31.618
 18 119.650808  32.204234     5.732     6.045  4 52859.56945389 21.939
 19 119.647265  32.204607     5.329     5.225  4 52894.56948502 24.331
 20 119.650427  32.205569     4.638     5.184  5 52929.56943468 26.935
 21 119.650185  32.204454     6.322     6.313  5 52964.56942158 26.383
 22 119.644449  32.201929     4.094     3.833  4 52999.56945703 25.040
 23 119.650483  32.204861     5.338     6.197  4 53034.56940824 22.714
 24 119.649980  32.204259     6.123     6.190  4 53069.56942521 20.219
 25 119.650592  32.205953     5.307     5.963  4 53104.56941000 22.372
 26 119.649764  32.204341     5.749     6.294  5 53139.56943099 26.226
 27 119.648468  32.202920     6.277     6.548  4 53174.56946771 27.368
 28 119.648390  32.203973     4.858     4.713  4 53209.56948507 24.227
 29 119.652696  32.206201     5.557     5.718  5 53244.56945304 24.383
 30 119.645315  32.201746     5.329     5.232  4 53279.56943282 23.555
 31 119.648342  32.203947     4.992     5.674  5 53314.56945456 30.826
 32 119.653342  32.207193     9.090     9.829  4 53349.56942072 24.428
 33 119.646836  32.202567     3.687     2.755  5 53384.56939604 26.205
 34 119.656811  32.209454     7.245     6.542  4 53419.56940296 24.078
 35 119.647987  32.204360     6.215     5.918  4 53454.56940803 25.549
 36 119.642366  32.200616     5.330     5.793  4 53489.56949279 26.507
 37 119.652458  32.205726     6.330     4.634  4 53524.56947980 23.060
 38 119.644562  32.201038     5.293     5.321  4 53559.56950597 25.089
 39 119.657721  32.208706     9.396     9.414  5 53594.56944476 25.993
 40 119.639965  32.201033     4.745     4.697  4 53629.56943663 33.501
 41 119.646326  32.201727     6.674     6.334  4 53664.56946035 21.651
 42 119.652802  32.206488     8.307     8.084  5 53699.56941792 26.381
 43 119.657809  32.209005     6.476     6.554  4 53734.56934054 25.559
 44 119.653844  32.206776     5.902     6.628  4 53769.56932558 22.890
 45 119.656141  32.206933     6.197     6.312  4 53804.56932053 22.127
 48 119.643998  32.201476     6.361     5.742  5 53909.56943159 32.502
 49 119.641993  32.201219     6.147     6.245  4 53944.56945351 26.731
 50 119.650472  32.206172     5.588     6.046  4 53979.56940252 21.642
 51 119.647478  32.203656     4.209     3.078  5 54014.56941764 25.326
 52 119.655852  32.207679     7.720     6.563  4 54049.56942236 21.975
 54 119.654839  32.207100     6.049     6.315  4 54119.56934284 21.115
 56 119.653775  32.206494     7.332     6.281  4 54189.56933845 22.487
 57 119.647929  32.203681     4.406     4.296  4 54224.56938134 23.558
 58 119.650021  32.204770     6.592     5.910  4 54259.56940260 22.479
 59 119.650636  32.205498     5.747     5.887  5 54294.56940589 27.995
 60 119.653101  32.206640     5.776     5.717  4 54329.56939957 23.244
 61 119.653903  32.206447     7.750     7.775  4 54364.56934549 21.180
 62 119.651205  32.205772     5.955     6.103  4 54399.56934032 22.167
 63 119.653472  32.206940     4.915     5.928  5 54434.56929803 25.456
 64 119.650289  32.205326     4.678     5.600  5 54469.56932351 24.611
 65 119.652885  32.207509     6.901     5.639  4 54504.56931272 25.910
 66 119.651548  32.206898     5.846     5.984  4 54539.56933888 24.912
 67 119.653835  32.207342     6.736     6.132  5 54574.56931361 26.780
 68 119.650169  32.205530     6.837     6.020  4 54609.56933158 21.770
 69 119.650492  32.203970     6.149     6.352  4 54644.56933883 23.178
 70 119.649732  32.204864    14.993    15.377  4 54679.56934062 12.374
 71 119.654712  32.208378     6.442     6.725  4 54714.56929260 22.340
 72 119.648218  32.204662     6.870     6.297  4 54749.56931065 21.697
 73 119.652724  32.206120     8.143    10.581  5 54784.56927991 24.283
 74 119.649417  32.204430     3.078     2.428  4 54819.56930315 23.904
 75 119.652960  32.205525     7.233     6.337  4 54854.56927685 22.252
 76 119.649261  32.204205     8.670     8.947  4 54889.56930750 25.580
 77 119.652734  32.206214     5.938     6.462  5 54924.56927619 23.628
 78 119.647695  32.204132     4.894     5.298  4 54959.56930573 22.826
 79 119.648207  32.203636     6.208     6.176  4 54994.56932744 23.302
 80 119.650595  32.205586     5.540     5.941  4 55029.56931748 22.851
 81 119.651700  32.205935     9.148     8.748  4 55064.56930896 22.960
 82 119.652966  32.207532     7.521     7.931  4 55099.56925326 24.517
 83 119.648881  32.205300     8.110     8.873  4 55134.56925313 27.106
 84 119.653387  32.207038     8.154     7.955  4 55169.56921746 24.456
 85 119.648843  32.204274     6.645     6.190  4 55204.56924623 20.858
 86 119.652077  32.207234     5.702     5.396  4 55239.56922420 25.946
 87 119.650594  32.205836     6.457     5.733  5 55274.56924012 25.135
 88 119.653785  32.207255     6.594     5.956  4 55309.56920808 25.751
 89 119.651515  32.205660     9.557     9.617  4 55344.56920879 21.133
 90 119.652131  32.205736     7.122     6.012  5 55379.56920284 29.190
 91 119.649394  32.203415     6.038     6.198  4 55414.56922819 23.554
 92 119.652698  32.206645     7.774     6.470  5 55449.56921580 24.140
 93 119.655996  32.207123     7.403     7.567  4 55484.56914130 21.292
