# NaN NaN NaN ;Mean Elev.(m), Avg Gradient(m/km), RMS Gradient(m/km) - SRTM1     
#    6.325  -0.326  10.615 ;Mean Elev.(m), Avg Gradient(m/km), RMS Gradient(m/km) - ASTER GDEM
#   16.456  -0.410   8.879 ;Mean Elev.(m), Avg Gradient(m/km), RMS Gradient(m/km) - GMTED2010 
  8 114.338536  30.631489    22.812    22.818  6 52486.58502516 26.511
  9 114.339397  30.630029    24.655    24.852  6 52521.58499345 19.560
 11 114.335234  30.625364    27.017    26.848  6 52591.58503649 22.411
 12 114.341769  30.632601    26.124    26.288  6 52626.58495581 21.347
 13 114.337554  30.628086    25.496    25.768  6 52661.58500093 20.631
 14 114.336791  30.628058    25.116    25.842  7 52696.58497905 26.696
 15 114.343316  30.634927    25.250    25.569  6 52731.58500578 21.544
 16 114.336530  30.627880    24.550    25.586  6 52766.58501403 24.785
 17 114.336142  30.626329    24.602    25.249  6 52801.58501698 21.325
 18 114.337855  30.629704    24.998    24.956  6 52836.58508373 27.162
 19 114.339079  30.631400    22.290    21.868  6 52871.58512455 23.473
 20 114.340132  30.632042    21.711    21.824  6 52906.58511865 27.554
 21 114.337535  30.629682    19.342    18.518  6 52941.58504868 25.682
 23 114.335653  30.627037    24.528    24.456  7 53011.58510111 26.193
 24 114.334842  30.624955    18.364    21.232  6 53046.58506641 23.737
 25 114.333663  30.625548    25.023    24.593  6 53081.58510083 23.896
 26 114.332056  30.623124    18.293    17.459  6 53116.58507097 24.363
 27 114.333244  30.624181    24.698    24.664  6 53151.58511970 19.206
 28 114.343583  30.635119    21.824    21.857  7 53186.58510773 31.045
 29 114.339562  30.631591    21.818    21.732  6 53221.58513254 28.479
 30 114.337049  30.627202    22.019    22.115  6 53256.58510806 24.024
 31 114.329709  30.619618    22.156    22.268  6 53291.58512168 22.749
 32 114.340865  30.632417    19.888    19.129  7 53326.58509814 24.152
 33 114.343134  30.634126    23.790    24.213  7 53361.58505532 22.461
 34 114.334874  30.627240    24.757    25.591  6 53396.58507458 24.757
 35 114.341972  30.633490    23.302    23.066  6 53431.58506741 18.945
 36 114.335133  30.628115    20.821    21.321  6 53466.58509910 26.741
 37 114.332851  30.624482    22.018    22.094  5 53501.58515441 22.403
 38 114.338792  30.630200    21.828    21.783  7 53536.58514636 29.556
 39 114.334507  30.625834    23.770    23.258  5 53571.58515195 24.566
 40 114.340890  30.631713    22.946    22.581  7 53606.58510121 34.114
 41 114.333806  30.624246    20.702    20.384  6 53641.58510025 24.470
 42 114.333735  30.625049    22.914    23.107  5 53676.58511951 20.866
 43 114.343490  30.634393    16.101    14.179  7 53711.58505037 29.158
 44 114.337449  30.627419    24.493    25.203  6 53746.58496036 20.619
 45 114.341369  30.633147    25.289    25.212  6 53781.58499249 21.833
 46 114.344195  30.635105    23.806    24.359  6 53816.58495991 20.309
 47 114.332454  30.624594    22.470    22.683  6 53851.58502831 24.611
 48 114.344284  30.635087    20.752    20.603  6 53886.58503696 21.054
 49 114.330487  30.620317    26.421    27.005  6 53921.58510572 18.842
 50 114.332145  30.622788    25.175    25.908  6 53956.58510222 21.038
 51 114.336365  30.629426    23.869    23.705  6 53991.58502397 27.248
 52 114.336871  30.626659    14.711    14.711  6 54026.58508847 28.918
 53 114.342582  30.633343    24.868    24.744  7 54061.58508268 22.634
 54 114.340084  30.631656    22.372    22.463  6 54096.58505464 20.362
 55 114.335640  30.627928    25.044    25.970  6 54131.58500356 25.273
 56 114.338468  30.628923    17.447    15.271  6 54166.58502690 28.131
 57 114.336185  30.625761    16.045    15.860  6 54201.58500610 25.491
 58 114.338069  30.630142    24.687    24.644  6 54236.58504325 20.161
 59 114.338803  30.630703    23.912    24.241  7 54271.58506372 23.242
 60 114.338034  30.630208    23.229    23.196  6 54306.58506584 32.148
 61 114.340555  30.632241    21.493    21.603  7 54341.58504714 27.114
 62 114.337069  30.628130    21.200    21.573  6 54376.58500025 25.531
 63 114.338437  30.628790    19.118    18.695  6 54411.58499327 25.038
 64 114.336036  30.626347    13.621    12.396  6 54446.58496442 30.017
 65 114.339174  30.630365    23.427    23.420  7 54481.58498554 21.942
 66 114.337044  30.627203    12.234    12.212  6 54516.58497857 36.235
 67 114.339207  30.632028    18.489    18.923  6 54551.58499866 25.409
 68 114.337939  30.628150    20.883    21.266  6 54586.58497482 23.134
 69 114.338083  30.628836    24.071    24.681  6 54621.58499360 20.940
 70 114.336887  30.628534    22.264    22.233  6 54656.58500329 28.295
 71 114.338652  30.630965    21.471    21.807  7 54691.58498801 26.490
 72 114.336897  30.628152    22.116    22.156  7 54726.58495525 31.579
 73 114.337668  30.628907    25.870    26.467  7 54761.58496433 23.834
 74 114.334694  30.626176    24.116    23.921  6 54796.58494772 22.788
 75 114.337959  30.629244    23.720    23.924  7 54831.58496535 22.492
 76 114.336520  30.627611    12.489    12.474  6 54866.58494359 42.078
 77 114.338053  30.628954    23.883    24.410  6 54901.58496369 21.546
 78 114.337681  30.627776    24.635    25.038  6 54936.58493369 21.146
 79 114.337596  30.630003    25.052    24.498  6 54971.58496734 22.999
 80 114.337034  30.627316    21.454    21.480  6 55006.58498517 25.132
 81 114.338806  30.629261    22.476    22.752  6 55041.58497385 27.197
 82 114.339445  30.630133    21.386    21.428  6 55076.58495478 27.701
 83 114.336599  30.629506    24.420    25.006  6 55111.58490643 26.497
 84 114.336961  30.629207    25.553    26.242  6 55146.58490807 23.330
 85 114.335656  30.626903    16.461    16.507  6 55181.58488462 31.295
 86 114.338683  30.629652    25.063    25.216  6 55216.58490284 19.194
 87 114.337558  30.629671    12.353    12.387  6 55251.58488136 31.460
 88 114.338407  30.631103    26.457    26.322  6 55286.58489674 23.506
 89 114.337030  30.627483    21.968    23.479  6 55321.58487114 24.849
 90 114.337426  30.630365    21.462    21.333  6 55356.58487133 30.309
 91 114.335868  30.628465    24.524    24.550  6 55391.58487221 31.655
 92 114.338286  30.630577    22.535    22.513  7 55426.58488798 34.702
 93 114.341144  30.632201    23.901    23.972  7 55461.58485473 27.078
