# NaN NaN NaN ;Mean Elev.(m), Avg Gradient(m/km), RMS Gradient(m/km) - SRTM1     
#   15.644  -1.664  14.154 ;Mean Elev.(m), Avg Gradient(m/km), RMS Gradient(m/km) - ASTER GDEM
#   10.793  -1.880  14.320 ;Mean Elev.(m), Avg Gradient(m/km), RMS Gradient(m/km) - GMTED2010 
  7 115.078387  30.341221    21.423    20.911  7 52445.11101047 24.307
  8 115.080983  30.332981    21.219    21.350  9 52480.11100443 24.577
  9 115.084151  30.315298    23.136    23.090 10 52515.11095625 30.062
 10 115.081668  30.320654    18.591    18.275 12 52550.11100130 31.196
 11 115.086072  30.307789    15.800    15.145  7 52585.11098294 34.827
 12 115.081141  30.334729    12.400    12.426  9 52620.11095824 31.970
 14 115.080414  30.325953    19.796    20.358 11 52690.11094262 24.878
 15 115.083203  30.316634    15.885    16.146 11 52725.11098813 39.457
 16 115.076844  30.350075    21.722    22.199  5 52760.11100009 23.618
 17 115.087363  30.307297    18.520    18.568  6 52795.11096395 28.438
 18 115.088373  30.304851    21.569    21.447  5 52830.11103126 30.584
 19 115.088569  30.304865    18.399    17.349  4 52865.11107547 30.050
 20 115.080143  30.321118    19.806    19.819 13 52900.11110160 24.462
 21 115.080788  30.334669    19.815    19.777  9 52935.11104187 19.568
 22 115.083123  30.316604    14.496    15.099 11 52970.11106381 35.458
 23 115.080739  30.337759    10.128    10.127  8 53005.11107669 50.196
 24 115.082648  30.316101     9.967    10.189 11 53040.11103049 43.840
 25 115.080823  30.329211    16.985    17.640 10 53075.11106004 38.832
 26 115.080695  30.321730    13.707    12.231 12 53110.11103119 42.795
 27 115.081366  30.318992    19.014    19.172 12 53145.11107326 23.546
 28 115.084561  30.313821    20.138    20.178  9 53180.11108653 25.814
 29 115.081034  30.320899    20.253    20.300 12 53215.11110742 23.143
 30 115.080013  30.322760    20.116    19.981 13 53250.11107817 22.484
 31 115.080787  30.320711    18.813    19.268 12 53285.11107510 25.152
 32 115.087259  30.307110    13.497    12.015  5 53320.11106162 26.630
 33 115.084190  30.313218    14.162    14.614 10 53355.11102876 27.128
 34 115.083229  30.313602    12.777    13.277 10 53390.11103573 31.855
 35 115.084620  30.310893    14.564    14.558  9 53425.11103407 34.792
 36 115.087862  30.306239    12.022    12.034  5 53460.11104037 29.458
 37 115.080601  30.336357    19.261    18.932  8 53495.11111929 26.329
 38 115.085485  30.309910    19.756    19.720  8 53530.11109940 18.620
 39 115.080308  30.339384    20.461    20.572  8 53565.11112404 23.643
 40 115.082446  30.317299    19.382    19.444 12 53600.11107048 22.484
 41 115.081842  30.319659    20.022    20.009 11 53635.11106672 21.170
 42 115.080540  30.329546    17.921    19.260 10 53670.11108646 23.647
 43 115.085049  30.311202    12.991    12.147  9 53705.11102566 29.084
 44 115.082128  30.319234    14.662    13.681 12 53740.11093542 26.868
 45 115.086347  30.307670     9.878     9.885  7 53775.11095784 46.640
 46 115.081847  30.318760    18.031    18.875 12 53810.11093816 29.723
 47 115.082217  30.318505    19.596    19.649 11 53845.11098182 21.520
 48 115.085525  30.309577    19.810    19.764  7 53880.11101093 17.805
 49 115.080613  30.337087    20.438    20.609  8 53915.11106281 21.525
 50 115.078856  30.341453    19.949    20.291  7 53950.11107157 21.341
 51 115.080392  30.321265    19.488    19.527 13 53985.11101283 20.025
 52 115.084287  30.310943    10.566    10.565  9 54020.11105165 46.200
 53 115.088412  30.305384    10.253    10.187  4 54055.11104405 39.975
 54 115.081912  30.318471    10.234    10.120 12 54090.11102970 45.846
 55 115.085412  30.310502    10.088    10.076  7 54125.11095803 48.107
 57 115.084861  30.312958    11.987    11.976  9 54195.11095940 39.207
 58 115.083041  30.316579    19.056    19.047 11 54230.11100907 18.067
 59 115.083362  30.315908    14.973    15.437 11 54265.11102708 26.499
 61 115.082105  30.318216    19.951    19.844 11 54335.11102032 20.052
 63 115.081904  30.319373    19.093    19.142 11 54405.11096454 19.532
 64 115.085183  30.309343    11.345    10.369  8 54440.11092368 26.623
 65 115.084108  30.314120     9.596     9.631 10 54475.11095243 48.837
 66 115.084829  30.310853    10.307    10.310  8 54510.11093761 48.704
 67 115.082284  30.316216    18.100    18.801 12 54545.11096630 18.571
 68 115.083825  30.313241    18.771    18.746  9 54580.11093373 16.467
 69 115.083320  30.315663    18.874    18.807 10 54615.11095585 20.381
 70 115.081951  30.318687    19.420    19.388 11 54650.11096713 16.928
 71 115.081864  30.320895    19.221    19.331 12 54685.11096094 17.130
 72 115.085427  30.309611    19.970    20.008  8 54720.11091258 21.012
 73 115.082513  30.317486    18.780    18.719 11 54755.11093613 19.280
 74 115.084029  30.313541    19.057    19.109  9 54790.11090576 19.311
 75 115.083617  30.314400    10.253    10.266 10 54825.11093231 35.795
 76 115.085797  30.312320     9.832     9.823  8 54860.11089910 49.378
 77 115.081080  30.320708    20.003    19.973 12 54895.11093286 22.481
 78 115.083356  30.315225    19.322    19.347 10 54930.11089695 19.950
 79 115.082210  30.316870    19.511    19.462 11 54965.11093316 18.941
 80 115.080991  30.321997    19.804    19.792 12 55000.11095286 21.275
 82 115.081427  30.319912    19.303    19.223 12 55070.11092847 24.224
 83 115.083718  30.314461    17.930    18.765 10 55105.11087140 23.357
 84 115.082027  30.317042    12.097    11.490 12 55140.11087748 27.346
 85 115.085788  30.309876     9.721     9.739  7 55175.11083894 33.057
 86 115.082755  30.316043    19.066    19.027 11 55210.11087283 17.139
 87 115.083620  30.314174    10.780    10.764 11 55245.11084513 50.755
 88 115.081725  30.321179    20.148    20.375 12 55280.11086540 24.008
 89 115.082204  30.316455    19.640    19.727 12 55315.11083149 20.540
 90 115.081807  30.317653    19.246    19.202 12 55350.11083752 24.705
 91 115.083455  30.314931    20.562    20.599 10 55385.11083131 24.691
 92 115.083467  30.315766    21.097    21.076 10 55420.11085612 27.561
 93 115.081331  30.319803    20.273    20.094 12 55455.11083276 23.582
