-201715.236     6.575     0.00    2.32
-201340.771     5.856    -1.92    3.08
-200966.328     4.467    -3.71    3.56
-200591.905     3.220    -3.33    3.23
-200217.504     1.769    -3.88    2.34
-199843.123     0.927    -2.25    1.25
-199468.764     0.867    -0.16    1.20
-199094.425     0.538    -0.88    1.17
-198720.108     0.489    -0.13    1.04
-198345.812     0.291    -0.53    0.93
-197971.536     0.129    -0.43    0.91
-197597.282     0.015    -0.30    1.08
-197223.049    -0.287    -0.81    0.96
-196848.837    -0.044     0.65    1.16
-196474.645    -0.022     0.06    1.17
-196100.475    -0.222    -0.53    1.06
-195726.326    -0.231    -0.02    1.05
-195352.198    -0.289    -0.15    0.91
-194978.090     0.008     0.79    1.25
-194604.004     0.118     0.29    1.39
-194229.939    -0.044    -0.43    1.34
-193855.894    -0.089    -0.12    1.34
-193481.871    -0.044     0.12    1.19
-193107.868    -0.027     0.05    1.19
-192733.887    -0.166    -0.37    1.21
-192359.926    -0.269    -0.28    1.20
-191985.986    -0.462    -0.52    1.04
-191612.068    -0.261     0.54    1.13
-191238.170    -0.235     0.07    1.00
-190864.293    -0.177     0.15    0.97
-190490.437    -0.101     0.21    0.91
-190116.602    -0.122    -0.06    1.05
-189742.788    -0.207    -0.23    1.03
-189368.994    -0.303    -0.26    0.99
-188995.222    -0.219     0.23    1.04
-188621.471     0.095     0.84    1.12
-188247.740     0.225     0.35    1.11
-187874.030     0.245     0.05    1.01
-187500.341     0.151    -0.25    0.88
-187126.673     0.117    -0.09    0.85
-186753.026     0.242     0.34    0.95
-186379.400     0.225    -0.04    0.98
-186005.795     0.312     0.23    0.89
-185632.210     0.654     0.91    1.32
-185258.646     1.178     1.40    2.04
-184885.103     1.271     0.25    2.02
-184511.581     1.400     0.35    1.82
-184138.080     1.333    -0.18    1.79
-183764.600     1.245    -0.24    1.79
-183391.140     0.975    -0.72    1.58
-183017.701     0.756    -0.59    1.42
-182644.283     0.489    -0.71    1.27
-182270.886     0.311    -0.48    1.04
-181897.509     0.089    -0.60    0.86
-181524.154     0.151     0.17    0.82
-181150.819     0.106    -0.12    0.92
-180777.505    -0.133    -0.64    0.96
-180404.211    -0.333    -0.54    0.90
-180030.939    -0.601    -0.72    0.63
-179657.687    -0.576     0.07    0.73
-179284.456    -0.666    -0.24    0.83
-178911.246    -0.777    -0.30    0.76
-178538.056    -0.883    -0.28    0.77
-178163.527    -0.882     0.00    0.76
-177786.180    -0.777     0.28    0.66
-177408.855    -0.557     0.58    0.69
-177031.550    -0.405     0.40    0.52
-176654.267    -0.474    -0.18    0.64
-176277.005    -0.485    -0.03    0.68
-175899.764    -0.415     0.19    0.88
-175522.544    -0.340     0.20    0.89
-175145.346    -0.166     0.46    0.81
-174768.169     0.045     0.56    0.92
-174391.013    -0.053    -0.26    0.82
-174013.878     0.378     1.14    1.02
-173636.764     0.356    -0.06    0.96
-173259.671     0.824     1.24    1.18
-172882.600     1.182     0.95    1.12
-172505.550     1.526     0.91    1.19
-172128.521     1.778     0.67    1.08
-171751.513     2.046     0.71    1.33
-171374.526     1.878    -0.45    1.62
-170997.560     1.970     0.24    1.67
-170620.616     2.111     0.38    1.68
-170243.692     2.223     0.29    1.44
-169866.790     2.123    -0.26    1.51
-169489.909     2.089    -0.09    1.51
-169113.049     2.046    -0.11    1.49
-168736.210     1.823    -0.59    1.29
-168359.392     1.632    -0.50    1.21
-167982.595     1.600    -0.09    1.15
-167605.819     1.590    -0.03    1.15
-167229.064     1.833     0.65    1.30
-166852.331     2.095     0.70    1.25
-166475.618     2.538     1.18    1.24
-166098.927     2.356    -0.48    1.28
-165722.256     2.312    -0.12    1.35
-165345.607     2.334     0.06    1.24
-164968.979     2.462     0.34    1.17
-164592.372     2.651     0.50    1.41
-164215.785     2.986     0.89    1.36
-163839.220     3.030     0.12    1.19
-163462.676     2.934    -0.26    1.06
-163086.153     2.704    -0.61    1.06
-162709.651     2.798     0.25    0.88
-162333.170     2.899     0.27    1.13
-161956.709     2.889    -0.03    1.20
-161580.270     2.718    -0.46    1.15
-161203.852     2.742     0.07    1.28
-160827.455     2.398    -0.91    1.22
-160451.079     1.992    -1.08    1.18
-160074.724     1.975    -0.05    1.29
-159698.389     2.223     0.66    1.20
-159322.076     2.030    -0.51    1.27
-158945.784     2.156     0.33    1.31
-158569.512     2.400     0.65    1.26
-158193.262     2.472     0.19    1.31
-157817.033     2.356    -0.31    1.46
-157440.824     2.426     0.19    1.39
-157064.636     2.423    -0.01    1.29
-156688.470     2.207    -0.57    1.32
-156312.324     2.225     0.05    1.34
-155936.199     2.182    -0.12    1.37
-155560.095     2.379     0.52    1.47
-155184.012     2.486     0.29    1.38
-154807.950     2.197    -0.77    1.18
-154431.909     2.023    -0.46    1.15
-154055.888     2.045     0.06    1.12
-153679.889     1.921    -0.33    1.11
-153303.910     1.867    -0.15    1.18
-152927.953     1.788    -0.21    1.23
-152552.016     1.660    -0.34    1.19
-152176.100     1.508    -0.40    1.21
-151800.205     1.378    -0.35    1.11
-151424.330     1.134    -0.65    1.06
-151048.477     1.046    -0.23    1.05
-150672.644     1.312     0.71    1.09
-150296.833     1.310    -0.01    1.20
-149921.042     1.138    -0.46    1.17
-149545.272     0.879    -0.69    1.25
-149169.522     0.638    -0.64    1.13
-148793.794     0.400    -0.63    0.93
-148418.086     0.402     0.01    0.92
-148042.399     0.242    -0.43    0.89
-147666.733     0.237    -0.01    0.94
-147291.088     0.467     0.61    1.07
-146915.463     0.311    -0.41    1.11
-146539.860     0.288    -0.06    1.19
-146164.277     0.334     0.12    1.10
-145788.715     0.185    -0.40    1.02
-145413.173    -0.044    -0.61    0.91
-145037.653    -0.258    -0.57    0.69
-144662.153    -0.383    -0.33    0.71
-144286.674    -0.318     0.17    0.84
-143911.215    -0.362    -0.12    0.81
-143535.777    -0.453    -0.24    0.68
-143160.361    -0.485    -0.09    0.68
-142784.964    -0.535    -0.13    0.48
-142409.589    -0.417     0.32    0.71
-142034.234    -0.422    -0.01    0.64
-141658.900    -0.448    -0.07    0.69
-141283.587    -0.470    -0.06    0.71
-140908.294    -0.489    -0.05    0.74
-140533.022    -0.508    -0.05    0.59
-140157.771    -0.602    -0.25    0.62
-139782.540    -0.667    -0.17    0.55
-139407.330    -0.711    -0.12    0.54
-139032.141    -0.644     0.18    0.80
-138656.972    -0.576     0.18    0.73
-138281.825    -0.448     0.34    0.78
-137906.697    -0.311     0.37    0.80
-137531.591    -0.253     0.15    0.83
-137156.505    -0.318    -0.17    0.70
-136781.439    -0.304     0.04    0.84
-136406.395    -0.066     0.63    0.89
-136031.371     0.046     0.30    0.98
-135656.367    -0.035    -0.22    0.91
-135281.385    -0.156    -0.32    0.83
-134906.422    -0.296    -0.37    0.82
-134531.481    -0.333    -0.10    0.76
-134156.560    -0.266     0.18    0.78
-133781.659    -0.311    -0.12    0.64
-133406.780    -0.168     0.38    0.71
-133031.920    -0.167     0.00    0.73
-132657.082    -0.295    -0.34    0.92
-132282.264    -0.266     0.08    0.96
-131907.466    -0.311    -0.12    0.93
-131532.689    -0.576    -0.71    0.87
-131157.933    -0.405     0.46    0.95
-130783.197    -0.358     0.12    1.07
-130408.482    -0.355     0.01    1.06
-130033.788    -0.039     0.84    1.18
-129659.113    -0.079    -0.11    1.24
-129284.460    -0.112    -0.09    1.10
-128909.827    -0.275    -0.43    0.88
-128535.214    -0.197     0.21    0.85
-128160.622    -0.349    -0.40    0.67
-127786.051    -0.340     0.02    0.70
-127411.500    -0.371    -0.08    0.62
-127036.969    -0.422    -0.13    0.56
-126662.459    -0.514    -0.25    0.54
-126287.970    -0.535    -0.06    0.43
-125913.501    -0.622    -0.23    0.33
-125539.052    -0.667    -0.12    0.26
-125164.624    -0.622     0.12    0.33
-124790.216    -0.470     0.41    0.57
-124415.829    -0.318     0.41    0.70
-124041.463    -0.289     0.08    0.80
-123667.116    -0.326    -0.10    0.71
-123292.791    -0.405    -0.21    0.60
-122918.485    -0.326     0.21    0.64
-122544.201    -0.261     0.17    0.74
-122169.936    -0.231     0.08    0.75
-121795.692    -0.325    -0.25    0.69
-121421.469    -0.377    -0.14    0.65
-121047.265    -0.458    -0.22    0.55
-120673.083    -0.489    -0.08    0.47
-120298.920    -0.358     0.35    0.67
-119924.778    -0.166     0.51    0.89
-119550.657    -0.144     0.06    0.95
-119176.556    -0.144     0.00    0.84
-118802.475    -0.222    -0.21    0.78
-118428.415    -0.333    -0.30    0.70
-118054.375     0.083     1.11    0.97
-117680.355     0.808     1.94    1.38
-117306.356     1.134     0.87    1.29
-116932.377     0.798    -0.90    1.39
-116558.418     0.467    -0.88    1.13
-116184.480     0.111    -0.95    0.96
-115810.562    -0.086    -0.53    0.73
-115436.665     0.045     0.35    0.82
-115062.788     0.094     0.13    0.91
-114688.931     0.447     0.94    1.05
-114315.095     0.492     0.12    1.05
-113941.278     0.667     0.47    1.02
-113567.483     0.834     0.45    0.98
-113193.707     0.901     0.18    0.98
-112819.952     0.845    -0.15    1.04
-112446.217     0.975     0.35    1.15
-112072.502     1.247     0.73    1.23
-111698.808     1.165    -0.22    1.11
-111325.134     1.400     0.63    1.35
-110951.480     1.484     0.22    1.35
-110577.846     1.530     0.12    1.45
-110204.233     1.638     0.29    1.44
-109830.640     1.651     0.03    1.25
-109457.067     1.856     0.55    1.31
-109083.515     2.038     0.49    1.62
-108709.983     2.089     0.14    1.60
-108336.471     2.089     0.00    1.48
-107962.979     2.015    -0.20    1.38
-107589.507     1.791    -0.60    1.22
-107216.056     1.845     0.14    1.24
-106842.625     1.952     0.29    1.26
-106469.214     2.023     0.19    1.35
-106095.824     2.399     1.01    1.49
-105722.453     2.606     0.55    1.62
-105349.103     2.934     0.88    1.56
-104975.773     2.747    -0.50    1.74
-104602.463     2.689    -0.16    1.51
-104229.173     2.526    -0.44    1.56
-103855.904     2.538     0.03    1.59
-103482.655     2.734     0.53    1.47
-103107.703     2.812     0.21    1.46
-102730.407     2.595    -0.58    1.49
-102353.132     2.467    -0.34    1.51
-101975.877     2.499     0.08    1.69
-101598.643     2.291    -0.55    1.77
-101221.430     2.289    -0.00    1.76
-100844.237     2.378     0.23    1.81
-100467.065     2.578     0.53    1.59
-100089.913     2.667     0.24    1.20
 -99712.782     2.470    -0.52    1.15
 -99335.672     2.475     0.01    1.38
 -98958.582     2.423    -0.14    1.36
 -98581.512     2.492     0.18    1.47
 -98204.464     2.800     0.82    1.73
 -97827.436     3.045     0.65    1.89
 -97450.428     3.189     0.38    1.97
 -97073.441     2.778    -1.09    2.04
 -96696.475     2.495    -0.75    2.13
 -96319.529     2.356    -0.37    2.01
 -95942.603     2.747     1.04    1.97
 -95565.699     3.247     1.33    2.12
 -95188.814     3.189    -0.15    2.01
 -94811.951     3.379     0.50    2.09
 -94435.107     3.590     0.56    2.11
 -94058.285     3.424    -0.44    2.11
 -93681.482     3.220    -0.54    2.06
 -93304.701     2.921    -0.79    1.92
 -92927.939     2.606    -0.84    1.60
 -92551.199     3.117     1.36    2.05
 -92174.479     3.312     0.52    1.98
 -91797.779     3.160    -0.40    1.96
 -91421.100     3.023    -0.37    1.86
 -91044.441     2.635    -1.03    1.39
 -90667.802     2.725     0.24    1.31
 -90291.185     2.565    -0.43    1.49
 -89914.587     2.160    -1.08    1.87
 -89538.010     1.788    -0.99    1.90
 -89161.454     1.856     0.18    1.74
 -88784.918     1.788    -0.18    1.70
 -88408.402     2.263     1.26    2.04
 -88031.907     2.447     0.49    1.97
 -87655.432     2.356    -0.24    1.90
 -87278.978     2.334    -0.06    2.11
 -86902.544     2.356     0.06    2.37
 -86526.131     2.356     0.00    2.33
 -86149.737     2.045    -0.83    1.96
 -85773.365     1.931    -0.30    1.74
 -85397.012     1.697    -0.62    1.38
 -85020.681     1.739     0.11    1.19
 -84644.369     1.778     0.10    1.08
 -84268.078     2.156     1.00    1.14
 -83891.807     2.200     0.12    1.41
 -83515.557     2.508     0.82    1.55
 -83139.327     2.832     0.86    2.14
 -82763.117     3.023     0.51    2.20
 -82386.928     3.197     0.46    2.15
 -82010.759     3.052    -0.39    2.48
 -81634.610     3.223     0.45    2.79
 -81258.482     2.879    -0.91    2.68
 -80882.374     2.960     0.22    2.77
 -80506.286     2.489    -1.25    2.47
 -80130.219     2.423    -0.18    2.41
 -79754.172     1.867    -1.48    1.58
 -79378.145     1.810    -0.15    1.49
 -79002.139     1.356    -1.21    0.00
 -78626.153     1.356     0.00    0.00
 -78250.187     1.356     0.00    0.00
 -77874.242     1.356     0.00    0.00
 -77498.316     1.356     0.00    0.00
 -77122.412     1.356     0.00    0.00
 -76746.527     1.356     0.00    0.00
 -76370.663     1.356     0.00    0.00
 -75994.818     1.356     0.00    0.00
 -75618.995     1.356     0.00    0.00
 -75243.191     1.356     0.00    0.00
 -74867.408     1.356     0.00    0.00
 -74491.645     1.356     0.00    0.00
 -74115.902     1.356     0.00    0.00
 -73740.179     1.356     0.00    0.00
 -73364.477     1.356     0.00    0.00
 -72988.795     1.356     0.00    0.00
 -72613.133     1.356     0.00    0.00
 -72237.491     1.356     0.00    0.00
 -71861.869     1.356     0.00    0.00
 -71486.268     1.356     0.00    0.00
 -71110.687     1.356     0.00    0.00
 -70735.126     1.356     0.00    0.00
 -70359.585     1.356     0.00    0.00
 -69984.065     1.356     0.00    0.00
 -69608.564     1.356     0.00    0.00
 -69233.084     1.356     0.00    0.00
 -68857.624     1.356     0.00    0.00
 -68482.184     1.356     0.00    0.00
 -68106.764     1.356     0.00    0.00
 -67731.365     1.356     0.00    0.00
 -67355.985     1.356     0.00    0.00
 -66980.626     1.356     0.00    0.00
 -66605.287     1.356     0.00    0.00
 -66229.968     1.356     0.00    0.00
 -65854.669     1.356     0.00    0.00
 -65479.390     1.356     0.00    0.00
 -65104.131     1.356     0.00    0.00
 -64728.893     1.356     0.00    0.00
 -64353.674     1.356     0.00    0.00
 -63978.476     1.356     0.00    0.00
 -63603.298     1.356     0.00    0.00
 -63228.140     1.356     0.00    0.00
 -62853.001     1.356     0.00    0.00
 -62477.883     1.356     0.00    0.00
 -62102.786     1.356     0.00    0.00
 -61727.708     1.356     0.00    0.00
 -61352.650     1.356     0.00    0.00
 -60977.612     1.356     0.00    0.00
 -60602.594     1.356     0.00    0.00
 -60227.597     2.134     2.07    1.81
 -59852.619     2.951     2.18    2.44
 -59477.662     4.156     3.21    2.72
 -59102.724     5.427     3.39    2.67
 -58727.807     5.921     1.32    2.17
 -58352.909     5.606    -0.84    1.77
 -57978.032     5.242    -0.97    1.71
 -57603.174     5.111    -0.35    1.64
 -57228.337     4.984    -0.34    1.85
 -56853.519     5.242     0.69    2.00
 -56478.722     5.506     0.70    1.99
 -56103.944     5.311    -0.52    1.83
 -55729.187     5.129    -0.49    1.87
 -55354.449     4.956    -0.46    1.68
 -54979.732     5.267     0.83    1.62
 -54605.034     5.284     0.05    1.57
 -54230.357     5.447     0.43    1.55
 -53855.699     5.728     0.75    1.62
 -53481.062     5.901     0.46    1.63
 -53106.444     5.986     0.23    1.31
 -52731.846     6.106     0.32    1.26
 -52357.268     5.595    -1.36    1.45
 -51982.710     5.538    -0.15    1.45
 -51608.172     5.378    -0.43    1.45
 -51233.654     5.427     0.13    1.39
 -50859.156     5.578     0.40    1.33
 -50484.678     6.117     1.44    1.34
 -50110.220     6.399     0.75    1.21
 -49735.782     6.117    -0.75    1.43
 -49361.363     5.845    -0.73    1.62
 -48986.964     5.138    -1.89    1.98
 -48612.586     5.129    -0.03    2.04
 -48238.227     5.511     1.02    2.12
 -47863.888     6.242     1.95    2.00
 -47489.569     7.015     2.06    1.46
 -47115.270     7.399     1.03    1.44
 -46740.991     7.765     0.98    1.57
 -46366.731     8.095     0.88    1.73
 -45992.492     8.812     1.92    1.80
 -45618.272     9.160     0.93    1.86
 -45244.072     9.645     1.29    2.02
 -44869.892    10.174     1.41    2.19
 -44495.732    11.117     2.52    2.23
 -44121.591    12.106     2.64    2.45
 -43747.471    12.878     2.06    2.59
 -43373.370    14.182     3.49    2.56
 -42999.289    15.052     2.32    2.76
 -42625.228    15.720     1.79    2.72
 -42251.187    16.720     2.67    2.70
 -41877.165    17.867     3.07    2.49
 -41503.163    19.123     3.36    2.71
 -41129.181    19.943     2.19    2.60
 -40755.219    20.734     2.11    2.25
 -40381.277    20.378    -0.95    2.62
 -40007.354    19.269    -2.97    3.08
 -39633.451    18.030    -3.31    2.91
 -39259.568    16.511    -4.06    2.41
 -38885.705    15.737    -2.07    2.44
 -38511.862    15.247    -1.31    2.44
 -38138.038    13.380    -5.00    2.86
 -37764.234    12.073    -3.50    3.00
 -37390.449    12.583     1.36    3.46
 -37016.685    14.445     4.98    4.69
 -36642.940    17.379     7.85    4.41
 -36269.215    19.309     5.17    2.57
 -35895.509    19.174    -0.36    2.63
 -35521.824    17.189    -5.31    3.11
 -35148.158    15.423    -4.73    3.11
 -34774.511    12.629    -7.48    3.44
 -34400.885    11.651    -2.62    3.15
 -34027.278    12.378     1.95    4.13
 -33653.691    14.403     5.42    4.80
 -33280.123    17.151     7.36    3.86
 -32906.575    18.961     4.84    3.32
 -32533.047    18.978     0.05    4.41
 -32159.539    17.833    -3.07    4.87
 -31786.050    18.111     0.75    4.44
 -31412.581    18.578     1.25    4.14
 -31039.131    19.523     2.53    4.42
 -30665.701    21.911     6.40    4.45
 -30292.291    24.656     7.35    3.77
 -29918.901    26.424     4.74    3.45
 -29545.530    27.467     2.79    3.65
 -29172.178    28.445     2.62    3.74
 -28798.847    29.489     2.80    3.92
 -28425.535    30.242     2.02    4.06
 -28050.154    32.073     4.88    4.35
 -27672.909    34.405     6.18    4.76
 -27295.684    36.334     5.11    4.44
 -26918.480    38.023     4.48    3.44
 -26541.295    39.269     3.30    3.46
 -26164.131    39.660     1.04    3.29
 -25786.986    39.333    -0.87    3.38
 -25409.862    38.225    -2.94    3.87
 -25032.758    36.356    -4.96    3.85
 -24655.673    34.756    -4.24    3.97
 -24278.609    33.534    -3.24    4.23
 -23901.564    32.534    -2.65    4.39
 -23524.540    32.638     0.28    5.36
 -23147.536    33.697     2.81    6.33
 -22770.551    36.117     6.42    5.71
 -22393.587    37.083     2.56    5.93
 -22016.642    36.492    -1.57    5.53
 -21639.718    34.423    -5.49    5.15
 -21262.814    31.284    -8.33    4.47
 -20885.929    30.182    -2.93    6.66
 -20509.064    29.978    -0.54    8.13
 -20132.220    30.791     2.16    8.13
 -19755.395    31.015     0.60    7.02
 -19378.591    30.030    -2.61    6.12
 -19001.806    26.788    -8.61    4.16
 -18625.041    24.546    -5.95    3.37
 -18248.296    23.111    -3.81    3.72
 -17871.571    21.470    -4.36    4.18
 -17494.866    20.129    -3.56    4.60
 -17118.181    19.267    -2.29    4.91
 -16741.516    18.380    -2.35    5.35
 -16364.870    16.765    -4.29    5.48
 -15988.245    15.094    -4.44    5.11
 -15611.639    13.311    -4.73    5.02
 -15235.054    11.645    -4.43    4.50
 -14858.488    10.583    -2.82    4.15
 -14481.942    10.443    -0.37    3.75
 -14105.416     9.478    -2.56    3.23
 -13728.910     8.711    -2.04    3.01
 -13352.423     8.312    -1.06    2.48
 -12975.957     7.747    -1.50    2.14
 -12599.510     8.030     0.75    2.49
 -12223.084     9.924     5.03    3.88
 -11846.677     9.617    -0.82    3.91
 -11470.290    10.635     2.71    3.67
 -11093.922    12.578     5.16    4.95
 -10717.575    15.379     7.44    5.76
 -10341.248    17.834     6.53    4.20
  -9964.940    17.889     0.15    3.86
  -9588.652    15.424    -6.55    5.01
  -9212.384    13.023    -6.38    5.46
  -8836.135    11.265    -4.67    4.93
  -8459.907     9.756    -4.01    5.04
  -8083.698     9.689    -0.18    5.98
  -7707.509     9.174    -1.37    6.42
  -7331.340     7.878    -3.45    6.74
  -6955.190     6.465    -3.76    4.79
  -6579.061     5.023    -3.83    2.18
  -6202.951     4.879    -0.38    2.11
  -5826.861     5.240     0.96    2.34
  -5450.791     4.267    -2.59    2.19
  -5074.740     3.332    -2.49    2.14
  -4698.709     2.725    -1.61    1.88
  -4322.698     2.129    -1.59    1.74
  -3946.707     1.911    -0.58    1.29
  -3570.735     1.978     0.18    1.37
  -3194.783     2.263     0.76    1.52
  -2818.851     2.424     0.43    1.61
  -2442.938     2.427     0.01    1.35
  -2067.046     2.578     0.40    1.33
  -1691.173     2.629     0.13    1.50
  -1315.319     2.924     0.79    1.45
   -939.486     2.756    -0.45    2.09
   -563.672     1.770    -2.62    2.52
   -187.877     0.651    -2.98    2.23
    187.897    -0.501    -3.07    0.78
    563.652    -0.440     0.16    0.85
    939.388     0.765     3.21    2.20
   1315.103     1.970     3.21    2.40
   1690.799     3.023     2.80    2.04
   2066.475     3.731     1.89    1.58
   2442.132     3.756     0.07    1.47
   2817.769     3.742    -0.04    1.30
   3193.386     3.720    -0.06    1.35
   3568.984     3.508    -0.56    1.40
   3944.562     3.223    -0.76    1.39
   4320.120     3.008    -0.57    1.34
   4695.659     3.094     0.23    1.38
   5071.178     3.023    -0.19    1.24
   5446.678     3.129     0.28    1.16
   5822.158     4.742     4.30    6.08
   6197.618     6.600     4.95    6.88
   6573.059     9.856     8.67    8.33
   6948.480    12.223     6.30    7.63
   7323.882    12.810     1.57    5.03
   7699.264    14.267     3.88    4.79
   8074.627    14.889     1.66    5.04
   8449.969    16.651     4.69    6.23
   8825.293    18.311     4.42    7.03
   9200.596    20.629     6.17    7.37
   9575.881    22.400     4.72    7.67
   9951.145    31.834    25.14   21.01
  10326.390    43.445    30.94   34.70
  10701.616    54.956    30.68   38.10
  11076.822    59.728    12.72   34.89
  11452.008    58.791    -2.50   30.29
  11827.175    57.742    -2.79   24.68
  12202.323    66.245    22.66   26.21
  12577.451    72.682    17.16   22.44
  12952.559    74.578     5.05   20.18
  13327.648    69.089   -14.63   15.29
  13702.717    61.308   -20.75    7.98
  14077.767    58.467    -7.58    8.34
  14452.798    57.570    -2.39    8.39
  14827.809    60.943     8.99   10.44
  15202.800    65.015    10.86   12.21
  15577.772    67.356     6.24   12.14
  15952.725    68.038     1.82   12.28
  16327.658    64.523    -9.38   13.67
  16702.571    59.151   -14.33   11.05
  17077.465    70.261    29.63   31.74
  17452.340    87.534    46.08   40.30
  17827.195    99.106    30.87   36.03
  18202.031   112.060    34.56   30.67
  18576.847   107.178   -13.03   29.92
  18951.644   104.380    -7.46   31.06
  19326.422    94.333   -26.81   31.11
  19701.180    77.917   -43.80   14.28
  20075.918    72.174   -15.32    9.63
  20450.637    68.470    -9.89    9.19
  20825.337    66.129    -6.25    9.36
  21200.018    63.689    -6.51   10.31
  21574.679    62.606    -2.89   11.27
  21949.320    63.060     1.21   12.14
  22323.942    64.903     4.92   10.52
  22698.545    66.089     3.17    8.49
  23073.129    64.697    -3.72    6.99
  23447.693    62.151    -6.80    7.10
  23822.238    59.291    -7.64    7.27
  24196.763    55.213   -10.89    7.83
  24571.269    52.645    -6.86    7.77
  24945.756    49.213    -9.16    8.15
  25320.223    46.833    -6.36    7.89
  25694.671    44.467    -6.32    8.22
  26069.099    41.667    -7.48    8.08
  26443.509    39.182    -6.64    7.48
  26817.899    36.665    -6.72    6.54
  27192.269    34.878    -4.78    5.05
  27566.620    33.542    -3.57    4.03
  27940.952    31.400    -5.72    3.94
  28315.265    29.486    -5.11    4.44
  28689.558    27.225    -6.04    3.94
  29063.832    25.134    -5.59    4.17
  29438.087    24.515    -1.65    4.54
  29812.323    23.312    -3.21    4.63
  30186.539    23.174    -0.37    5.20
  30560.736    22.889    -0.76    4.99
  30934.913    22.901     0.03    4.98
  31309.072    22.486    -1.11    5.05
  31683.211    22.623     0.36    4.81
  32057.331    21.447    -3.14    4.68
  32431.431    20.445    -2.68    4.48
  32805.513    18.333    -5.64    4.72
  33179.575    15.734    -6.95    4.57
  33553.617    13.423    -6.18    3.93
  33927.641    11.924    -4.01    2.95
  34301.645    11.267    -1.76    2.79
  34675.630    10.424    -2.25    2.19
  35049.596     9.734    -1.85    1.66
  35423.543     9.530    -0.55    1.61
  35797.471     9.401    -0.34    1.43
  36171.379    10.289     2.37    3.31
  36545.268    10.984     1.86    3.88
  36919.138    12.073     2.91    4.69
  37292.988    12.470     1.06    4.81
  37666.820    12.200    -0.72    4.88
  38040.632    11.421    -2.08    4.28
  38414.425    10.356    -2.85    3.86
  38788.199     9.267    -2.91    3.39
  39161.954     8.379    -2.38    2.79
  39535.690     7.711    -1.79    1.80
  39909.406     7.975     0.71    1.78
  40283.103     8.271     0.79    2.16
  40656.781     8.595     0.87    2.08
  41030.440     8.511    -0.22    2.09
  41404.080     8.015    -1.33    2.11
  41777.701     7.751    -0.71    1.79
  42151.303     7.378    -1.00    1.36
  42524.885     7.427     0.13    1.45
  42898.448     7.660     0.62    1.55
  43271.993     7.560    -0.27    1.36
  43645.518     7.400    -0.43    1.31
  44019.024     7.077    -0.87    1.18
  44392.511     6.845    -0.62    1.08
  44765.978     6.447    -1.07    0.47
  45139.427     6.731     0.76    1.03
  45512.857     7.534     2.15    2.05
  45886.267     7.914     1.02    2.44
  46259.659     8.788     2.34    3.35
  46633.031    10.720     5.17    4.60
  47008.842    13.697     7.92    5.37
  47386.040    15.538     4.88    4.69
  47763.219    17.156     4.29    4.37
  48140.379    18.089     2.47    4.56
  48517.519    18.798     1.88    4.51
  48894.640    20.756     5.19    4.14
  49271.741    21.623     2.30    4.05
  49648.823    23.165     4.09    4.29
  50025.885    23.379     0.57    4.00
  50402.928    25.665     6.06    5.12
  50779.951    29.845    11.08    7.21
  51156.955    33.606     9.98    6.64
  51533.940    34.879     3.38    4.04
  51910.905    35.704     2.19    4.24
  52287.851    35.892     0.50    4.40
  52664.777    34.445    -3.84    5.17
  53041.684    31.242    -8.50    5.85
  53418.571    27.934    -8.78    5.68
  53795.439    25.689    -5.96    4.87
  54172.288    23.289    -6.37    4.46
  54549.117    21.834    -3.86    4.10
  54925.927    20.914    -2.44    4.12
  55302.718    18.578    -6.20    4.34
  55679.489    16.333    -5.96    4.24
  56056.240    13.800    -6.72    4.18
  56432.973    11.800    -5.31    3.50
  56809.686    13.992     5.82   13.14
  57186.379    16.378     6.33   16.56
  57563.054    20.583    11.16   18.65
  57939.709    21.492     2.41   15.76
  58316.344    21.711     0.58   13.63
  58692.961    22.629     2.44   11.98
  59069.557    19.174    -9.17    5.89
  59446.135    18.791    -1.02    5.06
  59822.693    17.889    -2.39    3.29
  60199.232    18.378     1.30    3.41
  60575.752    19.100     1.92    3.78
  60952.252    20.289     3.16    4.22
  61328.733    22.451     5.74    4.72
  61705.195    23.791     3.56    3.99
  62081.638    25.060     3.37    4.23
  62458.061    26.356     3.44    4.43
  62834.465    27.856     3.98    3.50
  63210.849    28.210     0.94    3.08
  63587.214    27.674    -1.42    3.39
  63963.561    25.642    -5.40    3.67
  64339.887    22.489    -8.38    4.55
  64716.195    20.200    -6.08    3.89
  65092.483    19.193    -2.68    3.78
  65468.752    20.424     3.27    4.38
  65845.002    21.951     4.06    3.49
  66221.232    20.310    -4.36    4.46
  66597.444    17.705    -6.93    4.93
  66973.636    15.667    -5.42    3.38
  67349.809    15.711     0.12    3.48
  67725.962    16.618     2.41    4.13
  68102.097    18.538     5.10    4.33
  68478.212    21.014     6.58    4.65
  68854.308    22.106     2.90    4.57
  69230.385    23.538     3.81    4.29
  69606.442    25.879     6.22    4.78
  69982.480    27.921     5.43    4.83
  70358.500    30.046     5.65    5.01
  70734.500    35.356    14.12   13.88
  71110.481    60.635    67.23   50.50
  71486.442    82.242    57.47   56.85
  71862.385   107.134    66.21   49.37
  72238.308   116.965    26.15   41.95
  72614.212   106.023   -29.11   40.85
  72990.097    82.618   -62.26   29.76
  73365.963    77.689   -13.11   25.36
  73741.810    68.992   -23.14   24.53
  74117.637    62.242   -17.96   28.04
  74493.446    53.470   -23.34   25.59
  74869.235    39.947   -35.98   13.50
  75245.005    33.833   -16.27    8.63
  75620.757    27.845   -15.94    8.70
  75996.488    24.734    -8.28    8.51
  76372.201    20.867   -10.29    7.02
  76747.895    19.424    -3.84    6.19
  77123.570    17.934    -3.97    4.87
  77499.225    16.310    -4.32    4.07
  77874.862    14.467    -4.91    3.52
  78250.479    12.689    -4.73    3.54
  78626.077    11.583    -2.94    3.18
  79001.657     9.978    -4.27    3.14
  79377.217     8.705    -3.39    3.06
  79752.758     7.269    -3.82    2.61
  80128.280     6.333    -2.49    1.52
  80503.783     5.924    -1.09    1.30
  80879.267     6.030     0.28    1.38
  81254.732     6.174     0.38    1.23
  81630.178     6.823     1.73    1.59
  82005.604     7.284     1.23    1.58
  82381.012     7.291     0.02    1.53
  82756.401     7.720     1.14    1.78
  83131.771     8.400     1.81    1.89
  83507.121     9.288     2.36    1.95
  83882.453    10.833     4.12    2.82
  84257.766    12.924     5.57    3.48
  84633.059    15.181     6.01    4.33
  85008.334    17.023     4.91    3.36
  85383.590    17.751     1.94    2.99
  85758.826    17.174    -1.54    3.25
  86134.044    15.600    -4.19    2.99
  86509.243    13.761    -4.90    3.76
  86884.422    11.447    -6.17    3.79
  87259.583     9.406    -5.44    2.84
  87634.725     8.489    -2.44    2.02
  88009.848     8.565     0.20    2.68
  88384.952     8.823     0.69    3.06
  88760.037     9.934     2.96    3.33
  89135.103    10.880     2.52    3.38
  89510.150    12.833     5.21    4.00
  89885.178    15.136     6.14    4.00
  90260.187    17.720     6.89    5.21
  90635.177    17.697    -0.06    5.23
  91010.148    14.879    -7.52    5.69
  91385.101    11.956    -7.79    4.92
  91760.034     9.332    -7.00    3.06
  92134.949     8.901    -1.15    2.84
  92509.845    10.331     3.81    4.56
  92884.721    13.310     7.95    5.63
  93259.579    15.833     6.73    4.87
  93634.418    16.174     0.91    4.82
  94009.238    14.089    -5.56    4.93
  94384.040    11.697    -6.38    3.66
  94758.822    11.447    -0.67    3.35
  95133.585    11.142    -0.81    3.25
  95508.330    12.538     3.73    3.38
  95883.056    14.288     4.67    4.00
  96257.763    16.129     4.91    4.36
  96632.451    18.421     6.12    3.73
  97007.120    19.570     3.07    2.79
  97381.770    19.134    -1.17    3.06
  97756.402    17.356    -4.74    3.21
  98131.014    15.742    -4.31    3.62
  98505.608    14.378    -3.64    3.96
  98880.183    13.660    -1.92    4.37
  99254.740    13.378    -0.75    4.37
  99629.277    13.594     0.58    4.30
 100003.796    13.045    -1.47    3.83
 100378.295    12.588    -1.22    3.48
 100752.776    11.600    -2.64    3.33
 101127.239    10.889    -1.90    3.42
 101501.682     9.552    -3.57    3.55
 101876.107     8.424    -3.01    3.53
 102250.512     7.606    -2.19    3.25
 102624.899     6.595    -2.70    2.44
 102999.268     6.216    -1.01    1.78
 103373.617     5.934    -0.76    1.41
 103747.948     5.845    -0.24    1.42
 104122.260     5.704    -0.38    1.40
 104496.553     5.511    -0.51    1.59
 104870.828     5.288    -0.60    1.80
 105245.084     4.978    -0.83    1.54
 105619.321     4.788    -0.51    1.44
 105993.539     4.734    -0.14    1.28
 106367.738     4.560    -0.46    1.09
 106741.919     4.467    -0.25    0.80
 107116.081     4.356    -0.30    0.00
 107490.225     4.356     0.00    0.00
 107864.349     4.356     0.00    0.00
 108238.455     4.356     0.00    0.00
 108612.543     4.356     0.00    0.00
 108986.611     4.356     0.00    0.00
 109360.661     4.467     0.30    0.75
 109734.692     4.583     0.31    0.91
 110108.705     4.901     0.85    1.28
 110482.699     5.356     1.22    1.98
 110856.674     6.401     2.80    3.13
 111230.631     7.765     3.65    3.88
 111604.568     9.600     4.91    4.98
 111978.488    11.808     5.90    5.23
 112352.388    12.400     1.58    4.94
 112726.270    12.856     1.22    4.45
 113100.133    13.911     2.82    4.43
 113473.978    14.470     1.49    4.43
 113847.804    15.379     2.43    4.65
 114221.611    14.583    -2.13    3.54
 114595.400    13.165    -3.79    2.92
 114969.170    12.030    -3.04    2.59
 115342.921    14.077     5.48    9.91
 115716.654    14.697     1.66    9.95
 116090.369    17.465     7.41   10.58
 116464.064    22.856    14.43   13.27
 116837.741    38.901    42.93   29.58
 117211.400    60.118    56.77   38.33
 117585.040    79.356    51.48   42.95
 117958.661    99.951    55.12   39.63
 118332.264   112.556    33.73   46.22
 118705.848   114.978     6.48   53.19
 119079.413   112.697    -6.11   51.72
 119452.960   107.174   -14.78   43.20
 119826.489   119.523    33.06   49.33
 120199.998   135.445    42.62   46.72
 120573.490   147.142    31.31   41.42
 120946.963   132.823   -38.34   45.59
 121320.417   105.038   -74.39   39.79
 121693.853    90.578   -38.72   40.34
 122070.097    73.310   -45.89   32.68
 122447.243    59.261   -37.25   28.59
 122824.371    41.720   -46.51   16.27
 123201.479    33.665   -21.36   12.04
 123578.569    33.833     0.44   15.39
 123955.639    30.560    -8.68   15.33
 124332.691    25.193   -14.23   17.03
 124709.724    19.106   -16.14   18.98
 125086.738     9.806   -24.66    8.61
 125463.733     6.511    -8.74    3.70
 125840.709     5.751    -2.02    1.28
 126217.666     5.788     0.10    1.39
 126594.605     5.583    -0.54    1.44
 126971.524     5.136    -1.19    1.29
 127348.425     4.810    -0.86    1.11
 127725.307     4.453    -0.95    0.49
 128102.170     4.356    -0.26    0.00
 128479.014     4.356     0.00    0.00
 128855.839     4.356     0.00    0.00
 129232.646     4.356     0.00    0.00
 129609.434     4.356     0.00    0.00
 129986.202     4.356     0.00    0.00
 130362.952     4.606     0.66    0.97
 130739.683     5.856     3.32    3.31
 131116.396    11.089    13.89   10.21
 131493.089    17.007    15.71   12.24
 131869.764    23.508    17.26   11.90
 132246.420    30.165    17.67   11.02
 132623.057    32.401     5.94   11.17
 132999.675    31.970    -1.15   12.16
 133376.275    29.617    -6.25   12.88
 133752.855    27.492    -5.64   12.09
 134129.417    25.689    -4.79   11.48
 134505.961    26.083     1.05   12.73
 134882.485    24.263    -4.83   12.44
 135258.991    22.265    -5.31   11.15
 135635.478    19.765    -6.64    6.37
 136011.946    19.424    -0.91    5.51
 136388.395    18.674    -1.99    3.21
 136764.826    18.534    -0.37    2.65
 137141.238    18.720     0.49    3.40
 137517.631    17.445    -3.39    3.14
 137894.005    16.560    -2.35    3.70
 138270.361    14.821    -4.62    3.04
 138646.698    14.538    -0.75    3.04
 139023.016    15.156     1.64    3.37
 139399.316    15.720     1.50    3.40
 139775.596    15.379    -0.91    3.66
 140151.859    13.333    -5.44    3.22
 140528.102    11.618    -4.56    2.80
 140904.327    10.421    -3.18    2.08
 141280.533    10.489     0.18    1.79
 141656.720    10.711     0.59    1.73
 142032.889    11.495     2.08    1.88
 142409.039    11.588     0.25    2.16
 142785.170    11.556    -0.09    2.08
 143161.283    11.308    -0.66    2.16
 143537.377    10.800    -1.35    2.04
 143913.452    10.401    -1.06    2.02
 144289.509    10.515     0.30    1.85
 144665.547    10.220    -0.79    1.96
 145041.566    10.185    -0.09    2.17
 145417.567    10.220     0.09    1.85
 145793.549    10.999     2.07    1.87
 146169.513    11.534     1.42    1.59
 146545.458    12.060     1.40    1.37
 146921.384    12.220     0.42    1.32
 147297.292    12.560     0.91    1.42
 147673.181    12.781     0.59    1.43
 148049.051    13.060     0.74    1.64
 148424.903    13.379     0.85    2.22
 148800.736    13.823     1.18    2.50
 149176.551    13.956     0.35    2.72
 149552.347    14.142     0.49    2.66
 149928.124    14.310     0.45    2.89
 150303.883    14.638     0.87    2.80
 150679.623    14.833     0.52    2.76
 151055.345    14.970     0.36    2.60
 151431.048    14.992     0.06    2.19
 151806.733    15.129     0.36    1.88
 152182.399    14.975    -0.41    1.58
 152558.047    15.060     0.23    1.71
 152933.676    15.006    -0.15    1.51
 153309.286    15.720     1.90    3.85
 153684.878    18.515     7.44    8.36
 154060.451    22.651    11.01   13.06
 154436.006    30.489    20.87   18.01
 154811.543    38.506    21.34   19.27
 155187.060    44.470    15.88   19.25
 155562.560    50.380    15.74   14.60
 155938.040    51.594     3.23    9.72
 156313.503    49.200    -6.37    9.29
 156688.947    48.356    -2.25   10.58
 157064.372    56.421    21.48   23.43
 157439.779    66.283    26.27   30.90
 157815.167    74.956    23.10   31.05
 158190.537    73.538    -3.78   29.22
 158565.888    68.903   -12.34   29.42
 158941.221    61.265   -20.35   22.22
 159316.536    53.765   -19.98   11.67
 159691.832    54.378     1.63    9.38
 160067.109    56.761     6.35    9.17
 160442.368    60.129     8.97    8.03
 160817.609    62.583     6.54    7.96
 161192.831    66.023     9.16    8.37
 161568.035    69.083     8.16    7.93
 161943.220    72.629     9.45    7.79
 162318.387    76.156     9.40    6.93
 162693.535    79.565     9.09    6.75
 163068.665    82.356     7.44    6.53
 163443.777    84.651     6.12    6.26
 163818.870    83.978    -1.79    8.13
 164193.945    84.623     1.72    9.21
 164569.001    87.992     8.98    9.96
 164944.039    90.689     7.19    9.52
 165319.059    92.083     3.72    9.96
 165694.060    94.734     7.07    9.95
 166069.043    95.651     2.45    9.61
 166444.007    95.289    -0.97    9.20
 166818.954    94.134    -3.08   11.04
 167193.881    90.492    -9.71   11.00
 167568.791    87.223    -8.72   10.55
 167943.682    83.492    -9.95    7.00
 168318.554    82.519    -2.60    3.57
 168693.409    84.083     4.17    3.81
 169068.245    87.924    10.25    7.51
 169443.062    92.447    12.06   10.48
 169817.861    98.595    16.40   13.63
 170192.642   104.651    16.16   15.64
 170567.405   110.833    16.49   16.50
 170942.149   114.774    10.52   14.65
 171316.875   118.788    10.71   10.19
 171691.583   132.054    35.40   26.08
 172066.272   161.447    78.43   47.22
 172440.943   184.421    61.31   43.37
 172815.596   202.129    47.26   35.16
 173190.230   214.111    31.98   42.49
 173564.846   226.588    33.30   49.36
 173939.444   236.711    27.02   46.86
 174314.024   258.284    57.58   50.84
 174688.585   273.583    40.84   58.03
 175063.128   257.899   -41.87   65.00
 175437.653   265.401    20.03   64.06
 175812.159   274.674    24.76   68.04
 176186.648   282.588    21.13   68.87
 176561.118   276.911   -15.16   67.99
 176935.569   274.832    -5.55   67.48
 177310.003   285.651    28.89   71.33
 177684.418   316.667    82.82   92.59
 178058.815   358.583   111.94  101.07
 178433.194   379.970    57.12  102.85
 178807.554   384.284    11.52  102.98
 179181.897   349.000   -94.24   98.28
 179556.221   314.380   -92.47   78.56
 179930.527   298.045   -43.63   73.14
 180304.814   301.992    10.54   82.95
 180679.084   310.401    22.46   74.28
 181053.335   315.606    13.90   65.14
 181427.568   313.784    -4.87   64.65
 181801.783   356.311   113.62   83.45
 182175.980   399.722   115.99   95.20
 182550.158   442.423   114.10   91.97
 182924.319   459.447    45.49   76.97
 183298.461   461.856     6.44   75.71
 183672.585   428.697   -88.62   80.16
 184046.691   415.713   -34.70   76.95
 184420.778   422.765    18.85   80.24
 184794.848   428.832    16.22   79.15
 185168.899   435.583    18.05   78.30
 185542.933   435.538    -0.12   72.01
 185916.948   450.891    41.04   73.80
 186290.945   484.470    89.77   88.88
 186664.923   531.088   124.63   90.57
 187038.884   570.833   106.26   97.11
 187412.827   598.237    73.27  106.46
 187786.751   605.379    19.10   97.62
 188160.657   586.106   -51.54   94.34
 188534.546   568.961   -45.85   80.42
 188908.416   574.970    16.07   75.72
 189282.268   572.039    -7.84   73.99
 189656.102   565.447   -17.63   85.59
 190029.918   551.594   -37.05   97.95
 190403.715   518.333   -88.97  106.70
 190777.495   537.424    51.07  109.72
 191151.257   558.914    57.49   92.77
 191525.000   549.197   -26.00   92.05
 191898.726   537.258   -31.94  102.91
 192272.433   486.333  -136.25  104.35
 192646.122   437.308  -131.17  105.91
 193019.793   366.623  -189.13  103.78
 193393.447   321.856  -119.79   88.41
 193767.082   302.379   -52.12   71.33
 194140.699   284.265   -48.47   60.59
 194514.298   273.502   -28.80   53.99
 194887.879   282.720    24.67   66.90
 195261.442   288.499    15.47   70.99
 195634.987   270.623   -47.85   68.81
 196008.514   267.083    -9.47   64.31
 196382.023   267.220     0.37   63.30
 196755.514   246.242   -56.16   41.14
 197132.186   240.990   -13.94   43.21
 197509.291   224.651   -43.32   38.66
 197886.378   203.808   -55.26   25.19
 198263.446   189.311   -38.44   21.55
 198640.496   181.556   -20.57   21.65
 199017.528   176.054   -14.59   19.46
 199394.541   171.970   -10.83   17.62
 199771.536   171.631    -0.90   16.13
 200148.513   174.560     7.77   15.24
 200525.471   173.629    -2.47   14.76
 200902.411   174.333     1.87   17.82
 201279.332   179.534    13.80   21.34
 201656.235   188.731    24.40   20.09
 202033.120   191.879     8.35   15.32
 202409.987   186.531   -14.19   16.71
 202786.835   185.538    -2.64   20.47
 203163.665   183.583    -5.19   23.06
 203540.477   189.309    15.19   29.49
 203917.270   203.992    38.96   50.17
 204294.045   225.600    57.34   70.31
 204670.802   228.060     6.53   68.48
 205047.540   221.170   -18.29   63.56
 205424.261   205.742   -40.94   45.61
 205800.962   196.823   -23.67   31.74
 206177.646   204.832    21.26   34.43
 206554.311   233.467    76.01   62.64
 206930.959   289.379   148.42  102.12
 207307.587   344.588   146.56  112.64
 207684.198   444.106   264.20  115.05
 208060.790   494.489   133.76   89.75
 208437.364   509.697    40.38   81.50
 208813.920   519.880    27.04   77.77
 209190.458   514.629   -13.94   59.02
 209566.977   540.447    68.56   49.51
 209943.478   577.856    99.34   59.19
 210319.961   590.311    33.08   63.61
 210696.426   621.379    82.51   72.10
 211072.873   636.984    41.45   77.34
 211449.301   613.588   -62.14  107.41
 211825.711   560.667  -140.57  138.30
 212202.103   480.401  -213.21  127.03
 212578.477   403.578  -204.08   74.49
 212954.832   361.538  -111.68   46.19
 213331.169   339.447   -58.69   38.20
 213707.488   331.067   -22.26   40.22
 214083.789   326.083   -13.24   42.27
 214460.072   309.612   -43.77   49.02
 214836.337   283.823   -68.53   54.94
 215212.583   269.856   -37.11   54.57
 215588.812   257.697   -32.31   50.12
 215965.022   268.423    28.50   50.92
 216341.214   285.356    45.00   49.63
 216717.388   297.645    32.66   66.38
 217093.543   330.565    87.50   76.02
 217469.681   335.289    12.56   73.74
 217845.800   349.472    37.70   73.04
 218221.902   359.447    26.52   67.50
 218597.985   347.470   -31.84   69.55
 218974.050   344.288    -8.46   64.59
 219350.097   326.711   -46.73   51.92
 219726.126   328.966     5.99   46.22
 220102.136   343.467    38.56   55.36
 220478.129   357.156    36.40   60.20
 220854.104   348.470   -23.10   53.36
 221230.060   352.612    11.02   56.06
 221605.998   364.263    30.99   62.93
 221981.919   372.060    20.74   61.31
 222357.821   389.112    45.35   58.34
 222733.705   419.356    80.44   62.31
 223109.571   456.333    98.36   74.25
 223485.419   480.216    63.53   79.00
 223861.249   494.242    37.31   81.80
 224237.061   488.795   -14.49   83.81
 224612.855   481.197   -20.21   77.68
 224988.631   476.665   -12.06   80.40
 225364.388   486.106    25.12   87.04
 225740.128   487.151     2.78   92.79
 226115.850   485.784    -3.64   78.47
 226491.553   515.810    79.90   86.01
 226867.239   549.131    88.67  105.33
 227242.907   592.800   116.22  118.04
 227618.556   629.333    97.23  118.19
 227994.188   649.083    52.57  120.42
 228369.801   686.515    99.63  131.77
 228745.397   705.869    51.52  139.74
 229120.975   698.606   -19.33  132.89
 229496.534   666.039   -86.70  132.80
 229872.076   603.060  -167.67  127.39
 230247.599   552.681  -134.13   95.87
 230623.105   539.015   -36.39   82.36
 230998.593   582.424   115.58  118.26
 231374.062   658.792   203.35  123.78
 231749.514   727.788   183.73  102.52
 232124.948   769.094   110.00   74.33
 232500.364   768.645    -1.20   90.33
 232875.762   751.629   -45.32   92.72
 233251.141   719.867   -84.59  102.65
 233626.503   674.651  -120.44  118.80
 234001.848   618.514  -149.53  110.62
 234377.174   563.401  -146.81  105.80
 234752.482   517.170  -123.16   92.20
 235127.772   470.378  -124.66  104.39
 235503.044   406.845  -169.26   97.13
 235878.299   372.546   -91.38   88.11
 236253.535   353.310   -51.25   95.98
 236628.754   356.048     7.29   98.66
 237003.955   349.038   -18.68   90.47
 237379.137   318.310   -81.88   75.71
 237754.302   320.901     6.90   91.22
 238129.449   309.424   -30.59   92.37
 238504.578   288.551   -55.63   75.53
 238879.690   267.833   -55.22   64.24
 239254.783   262.869   -13.23   59.37
 239629.858   266.151     8.75   68.13
 240004.916   251.901   -37.99   57.04
 240379.956   244.170   -20.61   44.75
 240754.978   233.823   -27.59   36.44
 241129.982   230.456    -8.98   33.61
 241504.968   233.060     6.94   34.16
 241879.936   238.817    15.35   37.75
 242254.887   245.519    17.87   44.82
 242629.820   249.492    10.60   64.88
 243004.734   248.123    -3.65   65.80
 243379.631   250.734     6.96   65.40
 243754.511   242.556   -21.81   46.14
 244129.372   248.242    15.17   43.10
 244504.216   239.990   -22.01   31.65
 244879.041   234.542   -14.53   34.22
 245253.849   235.742     3.20   37.54
 245628.640   242.570    18.21   52.88
 246003.412   274.015    83.89   69.19
 246378.166   291.795    47.43   74.27
 246752.903   289.424    -6.33   72.81
 247127.622   272.649   -44.76   57.67
 247502.323   258.015   -39.05   47.07
 247877.007   248.492   -25.41   36.38
 248251.673   240.642   -20.95   36.18
 248626.320   235.947   -12.53   38.26
 249000.951   228.527   -19.80   34.31
 249375.563   225.129    -9.07   32.95
 249750.158   212.867   -32.72   33.05
 250124.735   209.083   -10.10   31.44
 250499.294   195.111   -37.29   26.25
 250873.835   180.575   -38.80   18.74
 251248.359   175.447   -13.69   16.56
 251622.865   174.951    -1.32   18.18
 251997.353   180.100    13.75   24.38
 252371.823   187.705    20.30   31.04
 252746.276   206.379    49.86   47.25
 253120.711   214.856    22.64   43.97
 253495.129   212.737    -5.66   38.93
 253869.528   214.583     4.93   34.42
 254243.910   198.722   -42.36   28.12
 254618.275   197.447    -3.40   28.37
