# NaN NaN NaN ;Mean Elev.(m), Avg Gradient(m/km), RMS Gradient(m/km) - SRTM1     
#   34.072   0.646   1.529 ;Mean Elev.(m), Avg Gradient(m/km), RMS Gradient(m/km) - ASTER GDEM
#   23.514   0.285   1.908 ;Mean Elev.(m), Avg Gradient(m/km), RMS Gradient(m/km) - GMTED2010 
  7 112.767298  29.734146    32.398    32.398  2 52467.11709836 24.649
  8 112.765299  29.733257    33.785    33.785  2 52502.11709026 27.221
  9 112.771909  29.734077    31.281    31.281  2 52537.11707568 22.424
 10 112.766324  29.733144    29.846    29.846  2 52572.11711334 23.909
 11 112.769796  29.734879    31.368    31.368  2 52607.11707093 23.695
 12 112.768925  29.733600    31.008    30.413  3 52642.11706940 27.250
 13 112.768572  29.733845    30.971    30.971  2 52677.11705591 25.473
 14 112.768668  29.733700    30.916    30.468  3 52712.11708702 30.142
 15 112.757085  29.733205    31.877    31.831  3 52747.11711431 28.017
 16 112.770416  29.734523    30.425    30.425  2 52782.11705258 44.819
 17 112.768976  29.733432    31.338    31.338  2 52817.11713229 29.084
 18 112.771094  29.734070    31.335    31.335  2 52852.11718273 24.093
 20 112.765312  29.733439    31.650    31.395  3 52922.11717241 22.090
 21 112.777150  29.735625    30.506    30.817  3 52957.11713704 20.503
 22 112.774095  29.735725    30.938    31.483  3 52992.11715817 21.176
 23 112.772704  29.734741    30.449    30.139  3 53027.11712395 22.235
 24 112.776380  29.735400    23.457    23.494  3 53062.11713282 40.370
 25 112.759401  29.732746    31.649    31.607  3 53097.11715717 22.922
 28 112.767523  29.733253    30.923    30.923  2 53202.11720826 23.797
 29 112.773648  29.735067    31.088    31.088  2 53237.11717684 21.685
 30 112.776769  29.736607    30.916    30.916  2 53272.11713302 23.875
 31 112.763668  29.732770    32.593    32.593  2 53307.11719897 19.720
 32 112.766262  29.733958    31.178    31.178  2 53342.11716590 20.397
 33 112.766429  29.733915    30.414    29.799  3 53377.11710048 21.011
 35 112.773443  29.735688    30.523    30.523  2 53447.11712523 21.972
 36 112.763088  29.733493    32.460    31.771  3 53482.11721113 26.063
 37 112.768480  29.733505    30.280    30.280  2 53517.11721277 30.646
 38 112.761405  29.733422    31.899    31.919  3 53552.11723405 25.583
 39 112.770396  29.733895    30.762    30.762  2 53587.11718757 23.581
 40 112.765812  29.733068    32.499    32.499  2 53622.11715374 28.259
 41 112.768705  29.734516    30.922    30.922  2 53657.11718150 20.934
 42 112.765403  29.734173    31.404    31.404  2 53692.11716727 22.331
 43 112.767246  29.734424    30.805    30.805  2 53727.11709066 20.982
 45 112.769698  29.733681    30.548    30.300  3 53797.11705672 29.346
 47 112.768085  29.734377    30.969    30.490  3 53867.11711493 27.214
 48 112.767752  29.734469    29.982    29.982  2 53902.11714474 24.751
 49 112.758188  29.732901    31.546    31.294  3 53937.11718356 26.012
 50 112.762250  29.732706    32.098    31.809  3 53972.11714852 22.164
 52 112.775034  29.734774    29.390    29.380  3 54042.11715798 23.544
 53 112.767406  29.734555    29.891    29.891  2 54077.11715240 21.223
 54 112.763234  29.732416    31.167    31.167  2 54112.11709264 20.726
 56 112.764172  29.732766    28.830    30.600  3 54182.11708051 28.993
 57 112.769371  29.734962    30.223    30.223  2 54217.11710263 25.363
 58 112.768286  29.733997    30.180    30.180  2 54252.11712866 27.791
 59 112.769544  29.734141    30.270    30.181  3 54287.11713407 23.255
 60 112.769903  29.734072    32.474    32.417  3 54322.11713115 24.652
 61 112.766145  29.732947    31.792    31.792  2 54357.11709046 20.951
 62 112.769610  29.733649    30.649    30.231  3 54392.11707190 21.476
 63 112.768237  29.733865    30.510    30.055  3 54427.11704060 21.141
 64 112.771615  29.734929    29.797    29.924  3 54462.11704910 23.894
 65 112.768367  29.733614    29.980    29.980  2 54497.11704853 22.883
 66 112.771922  29.735214    29.676    29.676  2 54532.11706220 22.900
 67 112.765752  29.733236    31.223    31.223  2 54567.11705342 22.177
 68 112.768938  29.733436    30.308    30.308  2 54602.11705774 26.752
 69 112.767291  29.734580    30.157    30.157  2 54637.11706930 22.047
 70 112.766576  29.732754    31.211    31.211  2 54672.11707290 20.385
 71 112.768673  29.734748    31.777    31.777  2 54707.11703216 22.480
 72 112.770078  29.734867    30.921    30.921  2 54742.11703750 21.343
 73 112.768824  29.733216    30.200    30.200  2 54777.11701416 30.777
 74 112.771548  29.735108    25.611    25.611  2 54812.11703068 39.144
 75 112.767275  29.734500    24.392    24.392  2 54847.11701405 48.324
 76 112.768581  29.734001    29.312    29.312  2 54882.11703462 24.191
 77 112.763028  29.732683    31.353    31.353  2 54917.11701743 24.458
 78 112.768350  29.733668    30.298    30.298  2 54952.11702776 25.082
 79 112.766604  29.733446    30.614    30.467  3 54987.11705261 31.573
 80 112.769461  29.734124    30.914    30.914  2 55022.11704501 28.517
 81 112.768563  29.734029    32.401    32.401  2 55057.11704105 25.624
 82 112.765202  29.733497    30.354    30.367  3 55092.11699803 20.273
 83 112.769419  29.733857    27.179    27.179  2 55127.11698131 31.897
 84 112.767146  29.734031    27.212    27.212  2 55162.11695931 28.881
 85 112.770555  29.735252    29.370    29.370  2 55197.11697168 24.205
 86 112.765273  29.733934    27.640    27.640  2 55232.11696336 28.651
 87 112.769771  29.734744    28.318    30.027  3 55267.11696672 28.207
 88 112.766934  29.733686    28.756    30.287  3 55302.11694333 36.014
 89 112.768130  29.734473    30.236    30.236  2 55337.11694118 28.585
 90 112.769172  29.733906    31.256    31.458  3 55372.11693125 25.512
 91 112.771913  29.735462    34.693    34.693  2 55407.11695062 28.908
 92 112.768487  29.733793    31.294    31.294  2 55442.11695026 20.531
 93 112.766209  29.732728    30.088    30.088  2 55477.11689204 22.366
