# NaN NaN NaN ;Mean Elev.(m), Avg Gradient(m/km), RMS Gradient(m/km) - SRTM1     
#    5.472  -3.148  18.717 ;Mean Elev.(m), Avg Gradient(m/km), RMS Gradient(m/km) - ASTER GDEM
#    7.529  -3.192  18.662 ;Mean Elev.(m), Avg Gradient(m/km), RMS Gradient(m/km) - GMTED2010 
  8 116.659668  30.026200    15.201    15.137  7 52499.57891196 23.463
  9 116.652609  30.016096    14.866    15.047  6 52534.57889770 21.120
 10 116.657250  30.023526    13.794    13.451  7 52569.57892858 20.745
 11 116.657994  30.024954    11.604    11.734  6 52604.57891033 22.260
 12 116.654855  30.016936    14.491    14.299  6 52639.57889113 24.316
 13 116.658822  30.025899    13.783    14.117  6 52674.57888794 21.120
 14 116.655362  30.022266    13.762    13.981  6 52709.57890393 26.709
 16 116.654081  30.017957    14.075    13.997  6 52779.57886779 26.460
 17 116.653277  30.016065    13.147    12.869  5 52814.57895107 25.903
 18 116.655986  30.020014    15.928    15.934  6 52849.57900439 27.778
 19 116.655752  30.018735    13.657    13.754  6 52884.57903948 19.289
 20 116.659831  30.026547    12.892    12.965  7 52919.57899704 21.492
 21 116.659321  30.025927    10.404    11.059  7 52954.57896027 27.996
 22 116.665027  30.026941    11.660    11.828  6 52989.57897012 17.047
 24 116.664842  30.027358     6.135     4.789  6 53059.57894905 25.147
 25 116.654912  30.019386    12.697    12.476  6 53094.57898521 18.177
 26 116.660686  30.026623    13.526    13.003  6 53129.57895855 20.092
 28 116.657307  30.024151    13.977    14.038  6 53199.57902843 25.047
 29 116.666879  30.027519    13.540    13.699  6 53234.57899857 18.779
 30 116.654585  30.017034    14.205    14.201  6 53269.57896222 19.603
 31 116.651376  30.012426    13.459    13.718  5 53304.57902286 15.257
 32 116.658452  30.024083    12.724    12.904  6 53339.57899350 18.385
 33 116.663234  30.028478    12.270    12.147  6 53374.57892560 15.373
 34 116.659283  30.025834    13.929    14.175  6 53409.57896783 23.289
 35 116.661545  30.026876     9.347    10.082  7 53444.57895117 27.932
 36 116.652129  30.015601    13.273    13.271  5 53479.57902856 21.438
 37 116.657658  30.023901    13.263    13.564  7 53514.57903755 27.345
 38 116.654633  30.019239    14.221    14.205  6 53549.57905567 30.472
 40 116.659173  30.024357    16.229    16.278  7 53619.57897541 39.127
 41 116.656307  30.020366    13.612    13.755  6 53654.57900097 23.111
 42 116.656305  30.022135    13.104    12.945  6 53689.57899612 24.419
 43 116.663707  30.026866    12.630    12.867  6 53724.57892129 13.799
 44 116.661814  30.026689    13.057    13.282  7 53759.57886404 18.964
 45 116.662797  30.026528    13.975    14.135  6 53794.57888283 21.175
 46 116.657994  30.023643    15.441    15.734  7 53829.57885867 18.044
 47 116.654661  30.018551    12.842    12.656  6 53864.57893701 26.487
 48 116.656951  30.023839    13.505    13.476  6 53899.57896367 35.652
 49 116.651205  30.011566    14.072    13.768  5 53934.57900512 28.601
 50 116.655014  30.021143    12.726    12.918  6 53969.57897659 21.659
 51 116.657053  30.021972    12.520    12.443  6 54004.57895104 17.816
 52 116.659284  30.025676    10.215    11.196  7 54039.57898363 22.660
 53 116.659573  30.025650    12.370    12.363  6 54074.57897782 19.612
 54 116.661007  30.025459     5.553     5.496  7 54109.57892279 28.113
 55 116.656634  30.021414    17.277    17.671  6 54144.57891557 20.369
 56 116.659770  30.026470    12.794    12.090  7 54179.57890786 24.662
 57 116.656107  30.021350     9.796     9.917  6 54214.57892322 25.683
 58 116.656616  30.022947     9.511     9.468  7 54249.57895150 22.459
 59 116.659319  30.024465    13.152    13.076  6 54284.57895911 22.927
 60 116.659492  30.026024    15.683    15.692  7 54319.57895658 32.105
 61 116.661128  30.026707    13.552    13.618  7 54354.57891979 22.810
 62 116.658831  30.023817    12.596    12.819  6 54389.57889645 19.449
 63 116.659446  30.025497     7.523     7.351  6 54424.57886930 28.179
 64 116.657065  30.023480    13.331    12.594  6 54459.57887201 17.786
 65 116.660220  30.026508    11.691    11.771  6 54494.57887444 13.480
 66 116.658503  30.025490    11.872    11.761  6 54529.57888510 23.908
 67 116.660443  30.026547     8.867     8.871  7 54564.57888134 36.418
 68 116.657553  30.023883    11.219    10.933  7 54599.57888080 22.071
 69 116.656911  30.023337    12.639    12.618  7 54634.57889295 27.990
 70 116.657913  30.022918    12.892    12.958  6 54669.57889749 22.458
 71 116.661118  30.026302    13.983    14.050  7 54704.57886149 24.437
 72 116.657799  30.020218    13.426    13.375  5 54739.57885973 25.288
 73 116.660729  30.025559     8.471     7.834  7 54774.57884203 30.402
 74 116.655690  30.022128    13.527    13.017  6 54809.57885340 20.379
 75 116.659192  30.025983     7.715     7.972  6 54844.57884103 26.337
 76 116.655995  30.023734    15.054    13.209  6 54879.57885696 22.414
 77 116.659009  30.024472    12.105    11.908  7 54914.57884428 28.429
 79 116.656616  30.020578    12.637    12.470  6 54984.57887424 28.424
 80 116.659319  30.024787    13.195    13.163  7 55019.57887021 23.911
 81 116.659599  30.025725    14.273    14.244  7 55054.57886692 28.243
 82 116.659658  30.025952    13.105    13.067  7 55089.57882711 19.528
 83 116.658141  30.024288     8.418     9.003  7 55124.57880375 26.744
 84 116.658733  30.025044     6.825     6.517  6 55159.57878762 28.934
 85 116.656138  30.021477     9.699     9.688  6 55194.57879371 25.409
 86 116.659225  30.025633    13.368    12.332  7 55229.57879012 21.831
 87 116.658368  30.024192    13.663    13.716  7 55264.57878901 25.904
 88 116.660784  30.026093    13.632    13.712  7 55299.57877314 21.170
 89 116.657732  30.024468    13.473    13.366  7 55334.57876694 28.109
 90 116.659139  30.025861    15.074    15.315  6 55369.57875780 25.688
 91 116.657370  30.024430    16.643    16.855  6 55404.57877486 27.894
 92 116.659864  30.026783    14.370    14.313  7 55439.57877662 22.232
 93 116.661814  30.025898    12.790    12.789  6 55474.57872195 22.830
