# NaN NaN NaN ;Mean Elev.(m), Avg Gradient(m/km), RMS Gradient(m/km) - SRTM1     
#   -2.760  -2.449  19.348 ;Mean Elev.(m), Avg Gradient(m/km), RMS Gradient(m/km) - ASTER GDEM
#    3.252  -1.983  17.945 ;Mean Elev.(m), Avg Gradient(m/km), RMS Gradient(m/km) - GMTED2010 
  8    13.570 52480.57705289 29.16 117.211965  30.612247 22.433
  8    12.640 52480.57705353 24.69 117.211065  30.615527 22.433
  8    12.542 52480.57705418 25.58 117.210175  30.618817 22.433
  8    12.599 52480.57705482 24.23 117.209275  30.622107 22.433
  8    12.403 52480.57705547 25.91 117.208375  30.625387 22.433
  8    12.475 52480.57705611 29.54 117.207475  30.628677 22.433
  8    12.423 52480.57705676 26.07 117.206575  30.631957 22.433
  8    12.391 52480.57705740 22.81 117.205685  30.635247 22.433
  8    12.603 52480.57705805 21.02 117.204785  30.638537 22.433
  8    12.676 52480.57705869 21.14 117.203890  30.641824 28.665
  9    14.269 52515.57699988 23.13 117.227392  30.599892 15.661
  9    14.332 52515.57700052 25.93 117.226492  30.603182 15.661
  9    14.376 52515.57700117 25.84 117.225602  30.606462 15.661
  9    14.156 52515.57700181 28.48 117.224702  30.609752 15.661
  9    14.213 52515.57700245 27.96 117.223802  30.613042 15.661
  9    14.290 52515.57700310 25.64 117.222902  30.616322 15.661
  9    14.473 52515.57700374 22.57 117.222012  30.619612 15.661
  9    14.166 52515.57700439 23.40 117.221112  30.622892 15.661
  9    12.878 52515.57700503 26.06 117.220212  30.626182 15.661
  9    14.074 52515.57700568 22.27 117.219312  30.629472 15.661
  9    13.453 52515.57700632 22.74 117.218416  30.632750 14.833
  9    13.922 52515.57700697 20.84 117.217516  30.636040 14.833
  9    14.082 52515.57700761 20.49 117.216626  30.639330 14.833
  9    14.362 52515.57700826 19.95 117.215726  30.642610 14.833
  9    14.452 52515.57700890 21.29 117.214826  30.645900 14.833
 11    11.364 52585.57702044 25.93 117.228395  30.599628 14.025
 11     9.065 52585.57702109 25.94 117.227495  30.602918 14.025
 11     8.931 52585.57702173 26.42 117.226595  30.606208 14.025
 11     8.536 52585.57702237 28.79 117.225700  30.609495 18.843
 11     8.262 52585.57702302 29.70 117.224800  30.612775 18.843
 11     8.103 52585.57702366 28.66 117.223900  30.616065 18.843
 11     8.637 52585.57702431 23.20 117.223010  30.619345 18.843
 11     8.683 52585.57702495 20.57 117.222110  30.622635 18.843
 11     8.434 52585.57702560 21.58 117.221210  30.625915 18.843
 11     8.644 52585.57702624 19.97 117.220310  30.629205 18.843
 11     8.522 52585.57702689 21.78 117.219420  30.632495 18.843
 11     8.912 52585.57702753 20.84 117.218520  30.635775 18.843
 11     8.809 52585.57702818 26.39 117.217620  30.639065 18.843
 11     8.918 52585.57702882 29.75 117.216720  30.642345 18.843
 11     9.228 52585.57702947 39.31 117.215820  30.645635 18.843
 11     9.253 52585.57703011 47.00 117.214920  30.648925 18.843
 12    10.491 52620.57700347 19.83 117.218912  30.605040 13.544
 12     8.130 52620.57700412 21.21 117.218012  30.608320 13.544
 12    10.376 52620.57700476 20.19 117.217112  30.611610 13.544
 12    10.365 52620.57700541 21.71 117.216212  30.614900 13.544
 12    10.238 52620.57700605 21.91 117.215322  30.618180 13.544
 12    10.399 52620.57700669 19.57 117.214422  30.621470 13.544
 12    10.204 52620.57700734 19.70 117.213522  30.624750 13.544
 12    10.085 52620.57700798 18.82 117.212622  30.628040 13.544
 12     9.741 52620.57700863 22.10 117.211722  30.631330 13.544
 12     9.815 52620.57700927 21.36 117.210832  30.634610 13.544
 12     9.842 52620.57700992 22.67 117.209932  30.637900 13.544
 12     6.698 52620.57701056 24.71 117.209032  30.641180 13.544
 12     6.541 52620.57701121 27.90 117.208132  30.644470 13.544
 15    12.649 52725.57703142 23.09 117.219117  30.604618 15.074
 15    12.539 52725.57703207 21.65 117.218217  30.607908 15.074
 15    12.324 52725.57703271 21.23 117.217327  30.611188 15.074
 15    12.410 52725.57703336 21.00 117.216427  30.614478 15.074
 15    12.381 52725.57703400 21.33 117.215527  30.617758 15.074
 15    10.662 52725.57703465 21.05 117.214627  30.621048 15.074
 15    10.155 52725.57703529 21.39 117.213727  30.624328 15.074
 15     9.891 52725.57703594 20.70 117.212837  30.627618 15.074
 15     9.938 52725.57703658 20.79 117.211937  30.630908 15.074
 15     9.965 52725.57703723 22.00 117.211032  30.634195 18.103
 15     7.626 52725.57703787 33.03 117.210142  30.637475 18.103
 15     7.586 52725.57703852 37.63 117.209242  30.640765 18.103
 15     7.520 52725.57703916 33.41 117.208342  30.644045 18.103
 17    11.277 52795.57700628 30.71 117.220436  30.604389 20.265
 17    10.817 52795.57700692 27.22 117.219536  30.607669 20.265
 17    10.751 52795.57700757 27.19 117.218636  30.610959 20.265
 17    10.899 52795.57700821 29.22 117.217736  30.614239 20.265
 17    11.057 52795.57700886 30.14 117.216846  30.617529 20.265
 17    11.089 52795.57700950 31.32 117.215946  30.620819 20.265
 17    11.045 52795.57701015 33.49 117.215046  30.624099 20.265
 17    10.991 52795.57701079 35.04 117.214146  30.627389 20.265
 17    10.993 52795.57701144 36.91 117.213246  30.630669 20.265
 17    10.946 52795.57701208 38.31 117.212346  30.633959 20.265
 17    10.910 52795.57701272 40.20 117.211456  30.637249 20.265
 17    11.024 52795.57701337 41.73 117.210552  30.640535 32.186
 17    11.076 52795.57701401 44.70 117.209652  30.643815 32.186
 18    13.126 52830.57707262 23.24 117.222082  30.603530 16.185
 18    13.095 52830.57707327 23.17 117.221182  30.606820 16.185
 18    13.140 52830.57707391 24.56 117.220282  30.610100 16.185
 18    13.286 52830.57707456 22.62 117.219382  30.613390 16.185
 18    13.242 52830.57707520 24.00 117.218482  30.616670 16.185
 18    13.251 52830.57707585 22.60 117.217592  30.619960 16.185
 18    13.378 52830.57707649 21.35 117.216692  30.623250 16.185
 18    12.940 52830.57707714 21.84 117.215792  30.626530 16.185
 18    13.204 52830.57707778 20.91 117.214892  30.629820 16.185
 18    13.239 52830.57707842 19.92 117.213992  30.633100 16.185
 18    13.268 52830.57707907 19.63 117.213092  30.636390 16.185
 18    13.124 52830.57707971 20.28 117.212192  30.639670 16.185
 18    13.187 52830.57708036 20.44 117.211298  30.642965 20.322
 18    12.877 52830.57708100 23.02 117.210398  30.646245 20.322
 19    12.541 52865.57711587 26.43 117.226787  30.600737 11.464
 19    12.405 52865.57711652 21.61 117.225897  30.604017 11.464
 19    12.059 52865.57711716 20.02 117.224997  30.607307 11.464
 19    11.983 52865.57711781 19.27 117.224097  30.610597 11.464
 19    12.058 52865.57711845 18.61 117.223197  30.613877 11.464
 19    11.841 52865.57711910 18.79 117.222297  30.617167 11.464
 19    11.540 52865.57711974 17.95 117.221397  30.620447 11.464
 19    10.801 52865.57712038 18.45 117.220507  30.623737 11.464
 19    10.673 52865.57712103 17.41 117.219607  30.627027 11.464
 19    10.806 52865.57712167 17.50 117.218707  30.630307 11.464
 19    10.740 52865.57712232 17.27 117.217807  30.633597 11.464
 19    10.774 52865.57712296 18.64 117.216907  30.636877 11.464
 19    11.076 52865.57712361 19.03 117.216007  30.640167 11.464
 19    10.853 52865.57712425 27.86 117.215117  30.643457 11.464
 19    11.172 52865.57712490 24.09 117.214216  30.646743 23.968
 20    11.757 52900.57714619 27.28 117.217331  30.607610 24.347
 20    11.609 52900.57714683 28.96 117.216431  30.610900 24.347
 20    11.876 52900.57714748 29.69 117.215531  30.614180 24.347
 20    11.896 52900.57714812 32.27 117.214631  30.617470 24.347
 20    11.846 52900.57714877 33.82 117.213741  30.620750 24.347
 20    11.946 52900.57714941 36.05 117.212841  30.624040 24.347
 20    11.967 52900.57715006 38.99 117.211941  30.627330 24.347
 20    11.865 52900.57715070 39.93 117.211041  30.630610 24.347
 20    11.881 52900.57715135 40.97 117.210141  30.633900 24.347
 20    11.906 52900.57715199 41.97 117.209251  30.637180 24.347
 20    11.951 52900.57715264 41.24 117.208351  30.640470 24.347
 20    11.980 52900.57715328 43.54 117.207451  30.643760 24.347
 21     9.212 52935.57708774 21.30 117.219405  30.605765 14.798
 21     7.928 52935.57708839 23.72 117.218505  30.609055 14.798
 21     7.813 52935.57708903 23.11 117.217605  30.612345 14.798
 21     9.975 52935.57708968 22.20 117.216715  30.615625 14.798
 21    10.463 52935.57709032 23.11 117.215815  30.618915 14.798
 21    10.006 52935.57709097 20.57 117.214915  30.622195 14.798
 21    10.035 52935.57709161 19.81 117.214015  30.625485 14.798
 21     9.912 52935.57709226 19.98 117.213125  30.628765 14.798
 21     9.904 52935.57709290 21.28 117.212225  30.632055 14.798
 21     9.859 52935.57709355 20.90 117.211325  30.635345 14.798
 21     9.612 52935.57709419 25.18 117.210425  30.638625 14.798
 21     9.459 52935.57709484 27.71 117.209535  30.641915 14.798
 21     9.302 52935.57709548 27.29 117.208635  30.645195 14.798
 22    12.594 52970.57710904 19.58 117.214965  30.607833 13.210
 22    12.200 52970.57710969 21.34 117.214065  30.611113 13.210
 22    11.353 52970.57711033 21.68 117.213175  30.614403 13.210
 22    11.225 52970.57711098 22.83 117.212275  30.617683 13.210
 22    10.666 52970.57711162 22.38 117.211375  30.620973 13.210
 22    10.764 52970.57711227 21.25 117.210475  30.624253 13.210
 22     9.998 52970.57711291 24.28 117.209575  30.627543 13.210
 22     5.473 52970.57711356 28.90 117.208685  30.630833 13.210
 22     9.855 52970.57711420 29.68 117.207785  30.634113 13.210
 22     5.567 52970.57711484 30.28 117.206885  30.637403 13.210
 22     5.622 52970.57711549 30.88 117.205985  30.640683 13.210
 22     5.434 52970.57711613 31.44 117.205085  30.643973 13.210
 23     3.973 53005.57712611 32.73 117.209402  30.615674 25.913
 23     3.943 53005.57712676 35.16 117.208512  30.618964 25.913
 23     3.969 53005.57712740 37.63 117.207612  30.622254 25.913
 23     4.052 53005.57712805 39.12 117.206712  30.625534 25.913
 23     3.983 53005.57712869 42.84 117.205812  30.628824 25.913
 23     4.073 53005.57712934 45.11 117.204912  30.632104 25.913
 23     4.073 53005.57712998 47.56 117.204022  30.635394 25.913
 23     4.164 53005.57713062 51.60 117.203122  30.638674 25.913
 23     3.957 53005.57713127 47.06 117.202227  30.641969 32.167
 25    11.139 53075.57710818 20.34 117.214047  30.611085 23.901
 25    10.985 53075.57710882 20.63 117.213147  30.614365 23.901
 25    10.755 53075.57710947 21.29 117.212247  30.617655 23.901
 25    10.574 53075.57711011 20.07 117.211357  30.620935 23.901
 25    10.403 53075.57711076 18.25 117.210457  30.624225 23.901
 25    10.346 53075.57711140 18.31 117.209557  30.627505 23.901
 25    10.373 53075.57711205 20.13 117.208657  30.630792 17.054
 25    10.554 53075.57711269 21.22 117.207757  30.634082 17.054
 25    10.795 53075.57711334 19.96 117.206867  30.637372 17.054
 25    10.875 53075.57711398 20.31 117.205967  30.640652 17.054
 25    11.609 53075.57711463 17.00 117.205067  30.643942 17.054
 27    12.047 53145.57712075 26.65 117.212579  30.611161 28.083
 27    12.296 53145.57712139 24.59 117.211689  30.614441 28.083
 27    11.533 53145.57712204 26.16 117.210789  30.617731 28.083
 27    10.569 53145.57712268 28.32 117.209889  30.621021 28.083
 27    10.543 53145.57712333 27.55 117.208995  30.624308 35.074
 27    10.426 53145.57712397 26.16 117.208095  30.627588 35.074
 27    10.339 53145.57712462 28.17 117.207195  30.630878 35.074
 27    10.486 53145.57712526 30.42 117.206295  30.634158 35.074
 27    10.475 53145.57712591 31.68 117.205395  30.637448 35.074
 27    10.487 53145.57712655 35.85 117.204495  30.640728 35.074
 27    10.504 53145.57712720 38.43 117.203605  30.644018 35.074
 28    11.577 53180.57712918 27.44 117.222347  30.603536 16.532
 28    11.167 53180.57712983 21.80 117.221447  30.606816 16.532
 28    11.267 53180.57713047 22.25 117.220547  30.610106 16.532
 28    11.247 53180.57713112 22.89 117.219647  30.613386 16.532
 28    11.837 53180.57713176 21.19 117.218747  30.616676 16.532
 28    11.656 53180.57713241 20.54 117.217847  30.619956 16.532
 28    11.184 53180.57713305 20.65 117.216957  30.623246 16.532
 28    11.062 53180.57713370 20.08 117.216057  30.626536 16.532
 28    10.996 53180.57713434 19.52 117.215157  30.629816 16.532
 28    11.074 53180.57713499 18.80 117.214257  30.633106 16.532
 28    11.339 53180.57713563 18.39 117.213357  30.636386 16.532
 28    11.503 53180.57713627 20.46 117.212467  30.639676 16.532
 28    11.512 53180.57713692 22.61 117.211567  30.642966 16.532
 28    11.772 53180.57713756 25.75 117.210671  30.646253 27.868
 29    12.134 53215.57715233 26.25 117.215814  30.607213 19.441
 29    12.157 53215.57715298 26.98 117.214914  30.610493 19.441
 29    12.135 53215.57715362 27.90 117.214014  30.613783 19.441
 29    12.210 53215.57715427 29.10 117.213114  30.617063 19.441
 29    12.268 53215.57715491 31.55 117.212224  30.620353 19.441
 29    12.295 53215.57715556 31.91 117.211324  30.623643 19.441
 29    12.354 53215.57715620 34.22 117.210424  30.626923 19.441
 29    12.289 53215.57715684 36.44 117.209524  30.630213 19.441
 29    12.281 53215.57715749 37.99 117.208624  30.633493 19.441
 29    12.312 53215.57715813 40.67 117.207734  30.636783 19.441
 29    12.353 53215.57715878 42.76 117.206834  30.640073 19.441
 29    12.338 53215.57715942 42.36 117.205938  30.643360 39.335
 30    11.469 53250.57712663 20.55 117.219258  30.604841 32.440
 30    10.864 53250.57712728 20.53 117.218358  30.608121 32.440
 30    10.653 53250.57712792 20.91 117.217458  30.611411 32.440
 30    10.777 53250.57712856 20.61 117.216558  30.614701 32.440
 30    10.778 53250.57712921 20.60 117.215667  30.617988 16.593
 30    10.883 53250.57712985 19.67 117.214767  30.621268 16.593
 30    10.208 53250.57713050 23.49 117.213867  30.624558 16.593
 30    10.211 53250.57713114 24.26 117.212977  30.627838 16.593
 30    10.539 53250.57713179 22.84 117.212077  30.631128 16.593
 30    10.856 53250.57713243 22.65 117.211177  30.634408 16.593
 30    10.711 53250.57713308 24.92 117.210277  30.637698 16.593
 30    10.403 53250.57713372 29.45 117.209387  30.640988 16.593
 30    10.517 53250.57713437 32.46 117.208487  30.644268 16.593
 32    11.027 53320.57710029 25.09 117.226774  30.600369 20.148
 32    11.307 53320.57710094 19.62 117.225877  30.603647 11.169
 32    10.916 53320.57710158 17.38 117.224977  30.606937 11.169
 32    10.530 53320.57710222 15.21 117.224087  30.610227 11.169
 32    10.236 53320.57710287 15.27 117.223187  30.613507 11.169
 32     9.473 53320.57710351 16.27 117.222287  30.616797 11.169
 32     9.565 53320.57710416 16.33 117.221387  30.620077 11.169
 32     9.360 53320.57710480 16.68 117.220487  30.623367 11.169
 32     9.623 53320.57710545 16.60 117.219597  30.626657 11.169
 32    10.001 53320.57710609 19.15 117.218697  30.629937 11.169
 32     7.744 53320.57710674 22.07 117.217797  30.633227 11.169
 32     5.886 53320.57710738 25.03 117.216897  30.636507 11.169
 32     5.908 53320.57710803 27.51 117.215997  30.639797 11.169
 32     7.447 53320.57710867 25.73 117.215097  30.643077 11.169
 32     7.934 53320.57710932 28.75 117.214207  30.646367 11.169
 33    11.680 53355.57706919 18.33 117.228374  30.601013 10.917
 33    11.574 53355.57706984 17.06 117.227474  30.604303 10.917
 33    10.992 53355.57707048 15.98 117.226574  30.607583 10.917
 33    10.794 53355.57707113 14.99 117.225684  30.610873 10.917
 33    10.796 53355.57707177 15.35 117.224784  30.614153 10.917
 33     9.869 53355.57707242 15.63 117.223884  30.617443 10.917
 33     9.224 53355.57707306 15.62 117.222984  30.620733 10.917
 33     9.031 53355.57707370 16.22 117.222094  30.624013 10.917
 33     9.407 53355.57707435 17.42 117.221194  30.627303 10.917
 33     7.753 53355.57707499 18.85 117.220294  30.630583 10.917
 33     5.108 53355.57707564 22.00 117.219394  30.633873 10.917
 33     4.929 53355.57707628 25.98 117.218494  30.637153 10.917
 33     5.030 53355.57707693 26.54 117.217604  30.640443 10.917
 33     4.937 53355.57707757 31.67 117.216704  30.643733 10.917
 33     5.051 53355.57707822 37.42 117.215804  30.647013 10.917
 34    11.087 53390.57708176 23.67 117.211584  30.612981 16.099
 34    11.305 53390.57708241 24.79 117.210684  30.616261 16.099
 34    10.963 53390.57708305 23.99 117.209784  30.619551 16.099
 34    10.885 53390.57708369 24.12 117.208884  30.622831 16.099
 34    10.710 53390.57708434 22.69 117.207984  30.626121 16.099
 34    10.484 53390.57708498 22.58 117.207094  30.629411 16.099
 34    10.297 53390.57708563 25.50 117.206194  30.632691 16.099
 34    10.436 53390.57708627 26.42 117.205294  30.635981 16.099
 34    10.555 53390.57708692 28.19 117.204394  30.639261 16.099
 34    10.663 53390.57708756 25.10 117.203494  30.642551 16.099
 35    11.990 53425.57707624 25.67 117.225803  30.600879 16.801
 35    11.526 53425.57707689 23.62 117.224903  30.604159 16.801
 35     8.161 53425.57707753 23.84 117.224003  30.607449 16.801
 35     8.415 53425.57707818 24.04 117.223103  30.610739 16.801
 35     8.022 53425.57707882 25.33 117.222213  30.614019 16.801
 35     8.143 53425.57707947 26.88 117.221313  30.617309 16.801
 35     7.595 53425.57708011 27.06 117.220413  30.620589 16.801
 35     7.733 53425.57708076 30.02 117.219513  30.623879 16.801
 35     8.028 53425.57708140 31.28 117.218613  30.627159 16.801
 35     8.277 53425.57708205 30.83 117.217723  30.630449 16.801
 35     8.404 53425.57708269 32.04 117.216823  30.633739 16.801
 35     8.485 53425.57708333 32.48 117.215923  30.637019 16.801
 35     8.414 53425.57708398 35.06 117.215023  30.640309 16.801
 35     8.509 53425.57708462 35.45 117.214123  30.643589 16.801
 35     8.620 53425.57708527 43.04 117.213233  30.646879 16.801
 36    10.576 53460.57708445 26.18 117.221206  30.602790 17.247
 36     6.245 53460.57708510 25.05 117.220306  30.606070 17.247
 36     6.221 53460.57708574 26.82 117.219406  30.609360 17.247
 36     6.273 53460.57708638 29.15 117.218506  30.612640 17.247
 36     6.337 53460.57708703 30.27 117.217616  30.615930 17.247
 36     6.300 53460.57708767 32.15 117.216716  30.619220 17.247
 36     6.336 53460.57708832 33.52 117.215816  30.622500 17.247
 36     6.314 53460.57708896 34.41 117.214916  30.625790 17.247
 36     6.262 53460.57708961 36.80 117.214016  30.629070 17.247
 36     6.284 53460.57709025 35.62 117.213116  30.632360 17.247
 36     6.244 53460.57709090 36.44 117.212226  30.635650 17.247
 36     6.246 53460.57709154 37.02 117.211324  30.638934 26.732
 36     6.384 53460.57709219 39.82 117.210424  30.642214 26.732
 36     6.315 53460.57709283 48.68 117.209524  30.645504 26.732
 38    12.310 53530.57714282 30.71 117.225947  30.599222 12.931
 38    12.421 53530.57714347 24.37 117.225057  30.602512 12.931
 38    12.183 53530.57714411 23.68 117.224157  30.605792 12.931
 38    11.956 53530.57714476 23.13 117.223257  30.609082 12.931
 38    11.838 53530.57714540 24.76 117.222357  30.612362 12.931
 38    12.043 53530.57714605 23.82 117.221457  30.615652 12.931
 38    12.115 53530.57714669 22.72 117.220567  30.618932 12.931
 38    11.984 53530.57714734 23.52 117.219667  30.622222 12.931
 38    12.073 53530.57714798 23.76 117.218767  30.625512 12.931
 38    11.926 53530.57714863 26.42 117.217867  30.628792 12.931
 38    11.717 53530.57714927 31.04 117.216967  30.632082 12.931
 38    12.118 53530.57714991 28.02 117.216077  30.635362 12.931
 38    12.173 53530.57715056 29.48 117.215177  30.638652 12.931
 38    12.287 53530.57715120 32.95 117.214277  30.641942 12.931
 38    12.364 53530.57715185 36.61 117.213373  30.645220 27.934
 39    12.780 53565.57717387 25.68 117.210904  30.614186 20.329
 39    12.609 53565.57717452 26.36 117.210004  30.617476 20.329
 39    11.321 53565.57717516 27.18 117.209104  30.620756 20.329
 39    11.061 53565.57717581 28.65 117.208204  30.624046 20.329
 39    10.962 53565.57717645 29.54 117.207314  30.627326 20.329
 39    10.898 53565.57717709 33.21 117.206414  30.630616 20.329
 39    10.863 53565.57717774 34.59 117.205514  30.633906 20.329
 39    10.962 53565.57717838 37.06 117.204614  30.637186 20.329
 39    11.044 53565.57717903 38.53 117.203714  30.640476 20.329
 39    11.043 53565.57717967 41.72 117.202824  30.643756 20.329
 40    12.404 53600.57711360 30.17 117.224491  30.599946 13.382
 40    11.276 53600.57711424 25.84 117.223601  30.603236 13.382
 40    11.499 53600.57711488 17.25 117.222701  30.606516 13.382
 40    10.996 53600.57711553 16.29 117.221801  30.609806 13.382
 40    11.565 53600.57711617 15.85 117.220901  30.613096 13.382
 40    11.309 53600.57711682 16.33 117.220011  30.616376 13.382
 40    11.077 53600.57711746 16.27 117.219111  30.619666 13.382
 40    10.853 53600.57711811 16.58 117.218211  30.622946 13.382
 40    10.528 53600.57711875 17.93 117.217311  30.626236 13.382
 40    10.702 53600.57711940 19.29 117.216421  30.629516 13.382
 40    11.335 53600.57712004 17.57 117.215521  30.632806 13.382
 40    11.437 53600.57712069 16.70 117.214621  30.636096 13.382
 40    11.729 53600.57712133 17.69 117.213721  30.639376 13.382
 40    11.189 53600.57712198 26.03 117.212821  30.642666 13.382
 40    11.157 53600.57712262 25.00 117.211931  30.645946 13.382
 41    12.381 53635.57711501 27.43 117.207193  30.620843 20.719
 41    11.446 53635.57711566 24.97 117.206293  30.624123 20.719
 41    11.486 53635.57711630 22.92 117.205403  30.627413 20.719
 41    11.376 53635.57711695 24.74 117.204503  30.630703 20.719
 42    11.524 53670.57713526 25.40 117.209148  30.616690 16.334
 42    11.074 53670.57713591 25.49 117.208248  30.619970 16.334
 42    11.678 53670.57713655 25.91 117.207348  30.623260 16.334
 42    11.202 53670.57713719 19.72 117.206448  30.626540 16.334
 42    11.046 53670.57713784 22.08 117.205558  30.629830 16.334
 42    10.907 53670.57713848 24.87 117.204658  30.633120 16.334
 42    11.107 53670.57713913 22.22 117.203758  30.636400 16.334
 42    11.217 53670.57713977 22.57 117.202858  30.639690 16.334
 42    11.257 53670.57714042 23.99 117.201958  30.642970 16.334
 43    12.159 53705.57706570 21.56 117.228361  30.600959  8.805
 43    11.901 53705.57706635 17.65 117.227461  30.604249  8.805
 43    11.681 53705.57706699 16.29 117.226561  30.607529  8.805
 43    11.575 53705.57706763 16.61 117.225671  30.610819  8.805
 43    11.516 53705.57706828 15.17 117.224771  30.614099  8.805
 43    11.415 53705.57706892 15.29 117.223871  30.617389  8.805
 43    12.471 53705.57706957 15.10 117.222971  30.620679  8.805
 43    10.140 53705.57707021 15.20 117.222081  30.623959  8.805
 43     9.595 53705.57707086 15.35 117.221181  30.627249  8.805
 43     8.850 53705.57707150 15.81 117.220281  30.630529  8.805
 43     8.163 53705.57707215 17.93 117.219381  30.633819  8.805
 43     8.018 53705.57707279 19.64 117.218481  30.637099  8.805
 43     6.681 53705.57707344 22.85 117.217591  30.640389  8.805
 43     7.152 53705.57707408 22.98 117.216691  30.643679  8.805
 43     9.786 53705.57707473 21.18 117.215791  30.646959  8.805
 44    11.834 53740.57697835 16.88 117.229232  30.602741 10.443
 44    11.793 53740.57697899 15.68 117.228342  30.606031 10.443
 44    11.901 53740.57697964 15.22 117.227442  30.609311 10.443
 44    11.631 53740.57698028 15.19 117.226542  30.612601 10.443
 44    11.808 53740.57698093 15.96 117.225642  30.615891 10.443
 44    11.272 53740.57698157 15.81 117.224752  30.619171 10.443
 44    11.147 53740.57698222 15.56 117.223852  30.622461 10.443
 44    10.114 53740.57698286 15.96 117.222952  30.625741 10.443
 44     7.621 53740.57698350 19.91 117.222052  30.629031 10.443
 44     6.934 53740.57698415 21.09 117.221162  30.632311 10.443
 44     4.444 53740.57698479 26.47 117.220262  30.635601 10.443
 44     4.500 53740.57698544 29.63 117.219362  30.638891 10.443
 44     4.614 53740.57698608 26.77 117.218462  30.642171 10.443
 44     4.594 53740.57698673 25.23 117.217572  30.645461 10.443
 44     4.521 53740.57698737 27.63 117.216672  30.648741 10.443
 45    12.386 53775.57699986 24.73 117.223723  30.602152 18.136
 45    11.243 53775.57700051 19.31 117.222833  30.605442 18.136
 45    10.874 53775.57700115 18.24 117.221933  30.608722 18.136
 45    10.755 53775.57700179 18.26 117.221033  30.612012 18.136
 45    10.892 53775.57700244 19.08 117.220133  30.615292 18.136
 45    10.666 53775.57700308 19.03 117.219233  30.618582 18.136
 45     3.237 53775.57700373 25.71 117.218343  30.621872 18.136
 45     3.533 53775.57700437 27.45 117.217443  30.625152 18.136
 45     3.983 53775.57700502 26.71 117.216543  30.628442 18.136
 45     4.112 53775.57700566 31.90 117.215643  30.631722 18.136
 45     4.102 53775.57700631 35.36 117.214743  30.635012 18.136
 45     4.159 53775.57700695 29.93 117.213843  30.638292 18.136
 45     3.979 53775.57700760 28.49 117.212953  30.641582 18.136
 45     4.072 53775.57700824 32.23 117.212053  30.644872 18.136
 46    12.456 53810.57698054 24.55 117.226910  30.599715 10.622
 46    11.802 53810.57698118 25.17 117.226020  30.603005 10.622
 46     6.738 53810.57698183 25.33 117.225124  30.606283 12.757
 46     6.833 53810.57698247 25.89 117.224224  30.609573 12.757
 46     6.717 53810.57698311 26.12 117.223324  30.612863 12.757
 46     6.633 53810.57698376 27.48 117.222424  30.616143 12.757
 46     6.502 53810.57698440 28.91 117.221534  30.619433 12.757
 46     6.260 53810.57698505 30.27 117.220634  30.622713 12.757
 46     6.234 53810.57698569 31.44 117.219734  30.626003 12.757
 46     6.349 53810.57698634 31.64 117.218834  30.629293 12.757
 46     6.434 53810.57698698 32.13 117.217944  30.632573 12.757
 46     6.359 53810.57698763 33.24 117.217044  30.635863 12.757
 46     6.293 53810.57698827 33.20 117.216144  30.639143 12.757
 46     6.501 53810.57698892 33.50 117.215244  30.642433 12.757
 46     6.877 53810.57698956 44.36 117.214354  30.645713 12.757
 47    11.616 53845.57702957 23.58 117.210631  30.614633 12.366
 47    11.101 53845.57703022 25.23 117.209741  30.617923 12.366
 47    10.713 53845.57703086 26.14 117.208841  30.621203 12.366
 47    10.767 53845.57703151 24.21 117.207941  30.624493 12.366
 47    10.668 53845.57703215 21.35 117.207041  30.627773 12.366
 47    10.669 53845.57703280 23.73 117.206141  30.631063 12.366
 47    10.773 53845.57703344 24.26 117.205241  30.634343 12.366
 47    11.355 53845.57703408 19.44 117.204351  30.637633 12.366
 47    11.548 53845.57703473 20.73 117.203451  30.640923 12.366
 47    11.781 53845.57703537 19.20 117.202551  30.644203 12.366
 48    10.662 53880.57705283 29.46 117.222115  30.601265 14.516
 48    10.432 53880.57705348 21.42 117.221215  30.604545 14.516
 48     8.711 53880.57705412 23.52 117.220315  30.607835 14.516
 48     8.176 53880.57705477 25.24 117.219425  30.611125 14.516
 48     9.137 53880.57705541 23.40 117.218525  30.614405 14.516
 48    10.129 53880.57705606 21.97 117.217625  30.617695 14.516
 48    10.131 53880.57705670 20.20 117.216725  30.620975 14.516
 48     9.966 53880.57705735 19.03 117.215825  30.624265 14.516
 48     9.926 53880.57705799 17.95 117.214925  30.627545 14.516
 48     9.714 53880.57705864 18.30 117.214035  30.630835 14.516
 48     9.911 53880.57705928 17.60 117.213135  30.634125 14.516
 48    10.387 53880.57705993 16.46 117.212235  30.637405 14.516
 48    10.487 53880.57706057 16.53 117.211335  30.640695 14.516
 48    10.584 53880.57706121 17.15 117.210435  30.643975 14.516
 51    11.027 53985.57705548 25.79 117.222460  30.601507 27.702
 51    10.650 53985.57705613 21.61 117.221570  30.604797 27.702
 51     9.841 53985.57705677 20.17 117.220671  30.608076 12.091
 51     6.967 53985.57705741 18.29 117.219771  30.611366 12.091
 51     6.352 53985.57705806 18.29 117.218871  30.614656 12.091
 51     9.382 53985.57705870 20.43 117.217981  30.617936 12.091
 51    10.087 53985.57705935 18.42 117.217081  30.621226 12.091
 51     9.386 53985.57705999 19.92 117.216181  30.624506 12.091
 51     9.611 53985.57706064 18.86 117.215281  30.627796 12.091
 51     8.825 53985.57706128 20.14 117.214391  30.631086 12.091
 51     6.298 53985.57706193 23.71 117.213491  30.634366 12.091
 51     6.288 53985.57706257 25.39 117.212591  30.637656 12.091
 51     6.266 53985.57706322 28.48 117.211691  30.640936 12.091
 51     6.268 53985.57706386 41.47 117.210791  30.644226 12.091
 52     8.551 54020.57709602 18.65 117.216254  30.607643 22.352
 52    10.157 54020.57709667 16.72 117.215354  30.610933 22.352
 52    10.531 54020.57709731 19.29 117.214454  30.614213 22.352
 52    10.965 54020.57709796 17.95 117.213554  30.617503 22.352
 52    10.734 54020.57709860 18.82 117.212664  30.620793 22.352
 52    10.379 54020.57709925 20.35 117.211764  30.624073 22.352
 52     9.926 54020.57709989 23.54 117.210864  30.627363 22.352
 52     9.274 54020.57710054 25.44 117.209964  30.630643 22.352
 52     5.166 54020.57710118 31.47 117.209064  30.633933 22.352
 52     5.129 54020.57710183 39.03 117.208164  30.637213 22.352
 52     5.088 54020.57710247 41.94 117.207264  30.640503 22.352
 52     5.179 54020.57710311 48.10 117.206374  30.643793 22.352
 53    10.574 54055.57708572 23.96 117.227232  30.602245 14.654
 53     4.327 54055.57708636 24.22 117.226332  30.605525 14.654
 53     4.111 54055.57708700 24.48 117.225442  30.608815 14.654
 53     4.049 54055.57708765 24.72 117.224542  30.612095 14.654
 53     3.800 54055.57708829 25.43 117.223642  30.615385 14.654
 53     3.785 54055.57708894 24.62 117.222742  30.618665 14.654
 53     3.379 54055.57708958 24.91 117.221842  30.621955 14.654
 53     3.989 54055.57709023 20.97 117.220952  30.625245 14.654
 53     7.881 54055.57709087 19.56 117.220052  30.628525 14.654
 53     4.467 54055.57709152 23.36 117.219152  30.631815 14.654
 53     4.665 54055.57709216 26.67 117.218252  30.635095 14.654
 53     4.657 54055.57709281 35.43 117.217352  30.638385 14.654
 53     4.815 54055.57709345 30.21 117.216452  30.641665 14.654
 53     4.467 54055.57709410 28.73 117.215562  30.644955 14.654
 53     4.668 54055.57709474 45.59 117.214662  30.648245 14.654
 54    10.319 54090.57707279 20.98 117.222900  30.603064 24.811
 54     7.813 54090.57707344 21.50 117.222001  30.606342 12.168
 54     7.089 54090.57707408 21.90 117.221101  30.609632 12.168
 54     6.934 54090.57707473 20.84 117.220201  30.612922 12.168
 54     3.844 54090.57707537 22.75 117.219301  30.616202 12.168
 54     8.845 54090.57707602 21.14 117.218411  30.619492 12.168
 54     9.597 54090.57707666 19.72 117.217511  30.622772 12.168
 54     9.237 54090.57707731 20.21 117.216611  30.626062 12.168
 54     4.539 54090.57707795 21.32 117.215711  30.629352 12.168
 54     8.093 54090.57707860 23.41 117.214821  30.632632 12.168
 54     4.691 54090.57707924 26.71 117.213921  30.635922 12.168
 54     4.658 54090.57707989 28.96 117.213021  30.639202 12.168
 54     4.505 54090.57708053 30.55 117.212121  30.642492 12.168
 54     4.792 54090.57708117 44.24 117.211221  30.645772 12.168
 55    12.156 54125.57700281 22.39 117.215586  30.607124 29.132
 55    10.802 54125.57700345 20.89 117.214686  30.610404 29.132
 55    10.919 54125.57700410 21.48 117.213796  30.613694 29.132
 55    10.788 54125.57700474 22.87 117.212896  30.616974 29.132
 55    10.656 54125.57700539 23.43 117.211998  30.620270 29.439
 55    10.155 54125.57700603 25.22 117.211098  30.623550 29.439
 55     4.542 54125.57700668 28.67 117.210198  30.626840 29.439
 55     4.508 54125.57700732 30.50 117.209298  30.630120 29.439
 55     4.547 54125.57700796 32.68 117.208398  30.633410 29.439
 55     4.495 54125.57700861 34.47 117.207498  30.636690 29.439
 55     4.607 54125.57700925 34.57 117.206608  30.639980 29.439
 55     4.664 54125.57700990 37.80 117.205708  30.643270 29.439
 56    10.711 54160.57704140 19.77 117.217315  30.607454 26.567
 56    10.848 54160.57704204 21.28 117.216415  30.610744 26.567
 56    11.127 54160.57704269 20.26 117.215515  30.614024 26.567
 56    10.990 54160.57704333 20.44 117.214615  30.617314 26.567
 56    10.641 54160.57704398 20.55 117.213725  30.620594 26.567
 56    10.473 54160.57704462 20.26 117.212825  30.623884 26.567
 56    10.525 54160.57704527 18.81 117.211925  30.627174 26.567
 56    10.079 54160.57704591 20.88 117.211023  30.630461 23.968
 56    10.343 54160.57704656 20.94 117.210133  30.633741 23.968
 56    10.078 54160.57704720 25.25 117.209233  30.637031 23.968
 56     5.368 54160.57704784 31.58 117.208333  30.640311 23.968
 56     5.401 54160.57704849 39.00 117.207433  30.643601 23.968
 57    10.869 54195.57700464 25.46 117.215341  30.608881 24.723
 57    10.811 54195.57700529 26.18 117.214441  30.612161 24.723
 57    10.365 54195.57700593 27.93 117.213541  30.615451 24.723
 57    10.527 54195.57700658 28.58 117.212641  30.618731 24.723
 57     6.329 54195.57700722 31.13 117.211741  30.622021 24.723
 57     6.441 54195.57700787 33.85 117.210841  30.625301 24.723
 57     6.409 54195.57700851 36.54 117.209941  30.628591 24.723
 57     6.547 54195.57700915 40.56 117.209051  30.631881 24.723
 57     6.620 54195.57700980 44.77 117.208151  30.635161 24.723
 57     6.671 54195.57701044 46.26 117.207251  30.638451 24.723
 57     6.639 54195.57701109 49.84 117.206351  30.641731 24.723
 57     6.484 54195.57701173 48.61 117.205451  30.645021 24.723
 58    10.195 54230.57705367 19.93 117.218213  30.604575 32.972
 58    10.608 54230.57705432 18.76 117.217323  30.607855 32.972
 58    10.552 54230.57705496 19.52 117.216423  30.611145 32.972
 58    10.743 54230.57705561 19.38 117.215523  30.614435 32.972
 58    10.944 54230.57705625 19.65 117.214623  30.617722 17.493
 58    10.731 54230.57705690 18.05 117.213723  30.621002 17.493
 58    10.149 54230.57705754 19.13 117.212833  30.624292 17.493
 58    10.006 54230.57705819 18.88 117.211933  30.627572 17.493
 58     9.761 54230.57705883 20.42 117.211033  30.630862 17.493
 58    10.081 54230.57705947 18.25 117.210133  30.634142 17.493
 58    10.006 54230.57706012 21.34 117.209233  30.637432 17.493
 58     9.808 54230.57706076 23.82 117.208343  30.640722 17.493
 58     7.301 54230.57706141 28.73 117.207443  30.644002 17.493
 59     8.797 54265.57707168 21.73 117.218606  30.606245 30.339
 59     8.192 54265.57707232 25.24 117.217716  30.609525 30.339
 59    10.574 54265.57707297 22.16 117.216816  30.612815 30.339
 59    10.502 54265.57707361 22.67 117.215916  30.616105 30.339
 59    10.398 54265.57707426 21.74 117.215015  30.619384 12.662
 59    10.149 54265.57707490 20.97 117.214125  30.622674 12.662
 59     9.986 54265.57707555 21.27 117.213225  30.625964 12.662
 59    10.075 54265.57707619 19.18 117.212325  30.629244 12.662
 59    10.031 54265.57707684 20.39 117.211425  30.632534 12.662
 59     9.703 54265.57707748 21.33 117.210525  30.635814 12.662
 59     7.866 54265.57707813 29.02 117.209625  30.639104 12.662
 59     7.998 54265.57707877 30.59 117.208735  30.642394 12.662
 60    12.342 54300.57707546 29.23 117.220461  30.603952 15.386
 60    11.926 54300.57707611 26.63 117.219561  30.607242 15.386
 60    11.886 54300.57707675 28.41 117.218661  30.610522 15.386
 60    11.843 54300.57707740 29.55 117.217761  30.613812 15.386
 60    11.987 54300.57707804 28.79 117.216871  30.617102 15.386
 60    11.846 54300.57707869 28.58 117.215971  30.620382 15.386
 60    11.881 54300.57707933 27.91 117.215071  30.623672 15.386
 60    11.875 54300.57707997 28.43 117.214171  30.626952 15.386
 60    11.728 54300.57708062 29.46 117.213271  30.630242 15.386
 60    11.885 54300.57708126 28.72 117.212371  30.633522 15.386
 60    11.901 54300.57708191 30.01 117.211481  30.636812 15.386
 60    11.873 54300.57708255 33.87 117.210581  30.640102 15.386
 60    11.923 54300.57708320 37.71 117.209681  30.643382 15.386
 61    12.218 54335.57706363 35.76 117.221983  30.601549 28.217
 61    11.887 54335.57706428 26.02 117.221083  30.604839 28.217
 61    11.359 54335.57706492 24.28 117.220183  30.608119 28.217
 61    10.962 54335.57706557 25.43 117.219293  30.611409 28.217
 61    11.415 54335.57706621 23.59 117.218393  30.614699 28.217
 61    11.341 54335.57706686 23.37 117.217493  30.617979 28.217
 61    11.257 54335.57706750 21.73 117.216593  30.621269 28.217
 61    11.253 54335.57706815 21.17 117.215696  30.624547 21.205
 61    11.235 54335.57706879 20.44 117.214796  30.627837 21.205
 61    11.184 54335.57706943 20.04 117.213906  30.631127 21.205
 61    11.410 54335.57707008 19.21 117.213006  30.634407 21.205
 61    11.664 54335.57707072 20.49 117.212106  30.637697 21.205
 61    11.742 54335.57707137 28.40 117.211206  30.640977 21.205
 61    11.879 54335.57707201 34.28 117.210306  30.644267 21.205
 63     8.827 54405.57700872 18.71 117.219197  30.605239 20.328
 63    10.736 54405.57700936 15.23 117.218307  30.608519 20.328
 63    10.648 54405.57701001 16.44 117.217407  30.611809 20.328
 63    10.634 54405.57701065 16.72 117.216507  30.615089 20.328
 63    10.695 54405.57701130 16.71 117.215607  30.618379 20.328
 63    10.494 54405.57701194 17.66 117.214717  30.621659 20.328
 63    10.312 54405.57701259 18.64 117.213817  30.624949 20.328
 63     9.753 54405.57701323 20.38 117.212917  30.628239 20.328
 63     9.729 54405.57701388 21.59 117.212017  30.631519 20.328
 63     9.875 54405.57701452 22.64 117.211117  30.634809 20.328
 63     6.111 54405.57701517 27.44 117.210227  30.638089 20.328
 63     5.983 54405.57701581 32.48 117.209327  30.641379 20.328
 63     5.995 54405.57701645 40.92 117.208427  30.644659 20.328
 64     4.160 54440.57696751 24.70 117.213682  30.610501 24.415
 64    10.782 54440.57696816 24.61 117.212782  30.613791 24.415
 64     4.254 54440.57696880 31.45 117.211882  30.617071 24.415
 64     4.290 54440.57696945 26.83 117.210982  30.620361 24.415
 64    10.705 54440.57697009 22.91 117.210092  30.623651 24.415
 64    10.418 54440.57697073 21.80 117.209192  30.626931 24.415
 64    10.056 54440.57697138 25.17 117.208292  30.630221 24.415
 64     9.929 54440.57697202 27.46 117.207392  30.633501 24.415
 64     4.230 54440.57697267 29.92 117.206492  30.636791 24.415
 64     4.126 54440.57697331 35.01 117.205592  30.640071 24.415
 64     4.121 54440.57697396 40.75 117.204695  30.643365 34.592
 65    10.550 54475.57699567 21.43 117.220296  30.603471 15.428
 65    10.122 54475.57699631 17.21 117.219406  30.606751 15.428
 65     9.488 54475.57699696 18.33 117.218506  30.610041 15.428
 65    10.022 54475.57699760 16.19 117.217606  30.613321 15.428
 65    10.448 54475.57699825 16.83 117.216706  30.616611 15.428
 65    10.526 54475.57699889 16.35 117.215816  30.619901 15.428
 65    10.175 54475.57699954 16.93 117.214916  30.623181 15.428
 65    10.080 54475.57700018 17.90 117.214016  30.626471 15.428
 65     8.915 54475.57700082 22.97 117.213116  30.629751 15.428
 65     4.106 54475.57700147 29.49 117.212216  30.633041 15.428
 65     4.057 54475.57700211 28.51 117.211316  30.636321 15.428
 65     3.952 54475.57700276 26.45 117.210426  30.639611 15.428
 65     3.930 54475.57700340 28.84 117.209526  30.642901 15.428
 66     4.873 54510.57698181 42.54 117.215558  30.607734 39.985
 66     4.883 54510.57698246 43.64 117.214668  30.611014 39.985
 66     4.976 54510.57698310 45.61 117.213768  30.614304 39.985
 66     4.941 54510.57698375 47.08 117.212868  30.617584 39.985
 66     4.922 54510.57698439 47.43 117.211968  30.620874 39.985
 66     4.957 54510.57698504 47.76 117.211068  30.624154 39.985
 66     5.001 54510.57698568 49.03 117.210178  30.627444 39.985
 66     4.888 54510.57698633 50.70 117.209278  30.630734 39.985
 66     5.003 54510.57698697 51.27 117.208378  30.634014 39.985
 66     4.902 54510.57698762 53.39 117.207478  30.637304 39.985
 66     4.829 54510.57698826 51.97 117.206578  30.640584 39.985
 66     4.888 54510.57698891 48.64 117.205678  30.643874 39.985
 67    10.244 54545.57700993 24.08 117.220531  30.603339 21.437
 67    10.216 54545.57701058 17.95 117.219641  30.606619 21.437
 67    10.355 54545.57701122 18.04 117.218741  30.609909 21.437
 67    10.500 54545.57701187 17.53 117.217841  30.613199 21.437
 67    10.422 54545.57701251 18.65 117.216941  30.616479 21.437
 67    10.659 54545.57701316 17.78 117.216041  30.619769 21.437
 67     9.916 54545.57701380 18.95 117.215151  30.623049 21.437
 67     9.811 54545.57701445 18.42 117.214251  30.626339 21.437
 67     9.301 54545.57701509 20.51 117.213351  30.629629 21.437
 67     4.469 54545.57701574 25.86 117.212450  30.632915 23.250
 67     4.465 54545.57701638 27.33 117.211560  30.636195 23.250
 67     4.184 54545.57701703 30.36 117.210660  30.639485 23.250
 67     4.236 54545.57701767 34.15 117.209760  30.642765 23.250
 68    10.086 54580.57697704 21.17 117.219850  30.604757 21.012
 68    10.077 54580.57697769 20.67 117.218950  30.608047 21.012
 68     8.266 54580.57697833 22.67 117.218060  30.611327 21.012
 68     7.900 54580.57697898 24.69 117.217160  30.614617 21.012
 68    10.243 54580.57697962 22.43 117.216260  30.617907 21.012
 68     9.432 54580.57698027 23.32 117.215360  30.621187 21.012
 68     8.069 54580.57698091 26.11 117.214460  30.624477 21.012
 68     7.844 54580.57698156 30.18 117.213560  30.627757 21.012
 68     7.751 54580.57698220 34.53 117.212670  30.631047 21.012
 68     7.835 54580.57698285 38.46 117.211770  30.634337 21.012
 68     7.955 54580.57698349 37.44 117.210874  30.637614 26.349
 68     8.132 54580.57698413 35.77 117.209974  30.640904 26.349
 68     8.207 54580.57698478 45.20 117.209074  30.644194 26.349
 69    10.685 54615.57699948 25.01 117.220701  30.603235 23.296
 69    10.329 54615.57700013 21.25 117.219811  30.606515 23.296
 69     7.463 54615.57700077 23.08 117.218911  30.609805 23.296
 69     7.231 54615.57700142 23.65 117.218011  30.613095 23.296
 69    10.240 54615.57700206 21.83 117.217111  30.616375 23.296
 69    10.201 54615.57700271 21.58 117.216211  30.619665 23.296
 69     9.896 54615.57700335 20.14 117.215321  30.622945 23.296
 69     9.822 54615.57700400 18.99 117.214421  30.626235 23.296
 69     9.926 54615.57700464 18.34 117.213521  30.629525 23.296
 69     9.851 54615.57700529 18.77 117.212618  30.632804 24.836
 69     7.013 54615.57700593 28.50 117.211728  30.636094 24.836
 69     7.082 54615.57700658 29.76 117.210828  30.639384 24.836
 69     7.055 54615.57700722 29.90 117.209928  30.642664 24.836
 70    11.110 54650.57701238 24.59 117.216153  30.606406 24.685
 70    11.036 54650.57701302 26.38 117.215253  30.609696 24.685
 70    10.909 54650.57701367 27.11 117.214363  30.612976 24.685
 70    10.752 54650.57701431 28.59 117.213463  30.616266 24.685
 70    10.822 54650.57701496 30.29 117.212563  30.619546 24.685
 70    10.853 54650.57701560 31.33 117.211663  30.622836 24.685
 70    10.861 54650.57701625 34.08 117.210773  30.626126 24.685
 70    10.915 54650.57701689 36.61 117.209873  30.629406 24.685
 70    10.951 54650.57701754 39.92 117.208973  30.632696 24.685
 70    11.066 54650.57701818 43.80 117.208073  30.635976 24.685
 70    11.104 54650.57701883 46.80 117.207173  30.639266 24.685
 70    11.089 54650.57701947 46.58 117.206273  30.642546 24.685
 71    11.564 54685.57700521 32.93 117.220755  30.603152 25.141
 71    11.132 54685.57700586 20.94 117.219855  30.606442 25.141
 71    10.934 54685.57700650 21.41 117.218965  30.609722 25.141
 71    10.526 54685.57700715 23.13 117.218065  30.613012 25.141
 71    10.883 54685.57700779 22.26 117.217165  30.616302 25.141
 71    10.584 54685.57700844 22.39 117.216265  30.619582 25.141
 71    10.705 54685.57700908 21.68 117.215365  30.622872 25.141
 71    10.658 54685.57700973 21.48 117.214475  30.626152 25.141
 71    10.442 54685.57701037 24.22 117.213575  30.629442 25.141
 71    10.656 54685.57701102 22.28 117.212675  30.632732 25.141
 71    10.361 54685.57701166 22.27 117.211775  30.636019 19.944
 71    11.161 54685.57701231 21.56 117.210875  30.639299 19.944
 71    11.355 54685.57701295 23.93 117.209985  30.642589 19.944
 72    12.152 54720.57695750 21.92 117.215470  30.608346 31.047
 72    12.234 54720.57695815 22.95 117.214570  30.611626 31.047
 72    12.134 54720.57695879 22.35 117.213680  30.614916 31.047
 72    12.244 54720.57695944 22.51 117.212780  30.618206 31.047
 72    12.225 54720.57696008 21.47 117.211880  30.621493 23.789
 72    12.094 54720.57696073 23.52 117.210980  30.624773 23.789
 72    12.045 54720.57696137 22.13 117.210080  30.628063 23.789
 72    11.950 54720.57696202 23.00 117.209180  30.631343 23.789
 72    12.072 54720.57696266 24.63 117.208280  30.634633 23.789
 72    12.134 54720.57696331 27.38 117.207380  30.637913 23.789
 72    12.229 54720.57696395 31.74 117.206490  30.641203 23.789
 72    12.166 54720.57696459 32.87 117.205590  30.644493 23.789
 73     8.442 54755.57698009 28.74 117.218048  30.606377 25.997
 73     8.367 54755.57698073 30.24 117.217158  30.609667 25.997
 73     8.400 54755.57698138 29.75 117.216258  30.612957 25.997
 73     8.343 54755.57698202 29.79 117.215358  30.616237 25.997
 73     8.351 54755.57698267 28.97 117.214458  30.619527 25.997
 73     8.365 54755.57698331 30.04 117.213568  30.622807 25.997
 73     8.411 54755.57698396 28.88 117.212668  30.626097 25.997
 73     8.334 54755.57698460 31.85 117.211768  30.629387 25.997
 73     8.531 54755.57698525 32.95 117.210864  30.632665 25.156
 73     8.585 54755.57698589 40.81 117.209974  30.635955 25.156
 73     8.611 54755.57698653 43.95 117.209074  30.639245 25.156
 73     8.535 54755.57698718 43.06 117.208174  30.642525 25.156
 74    10.351 54790.57695101 32.71 117.212808  30.610832 24.983
 74    10.199 54790.57695165 34.63 117.211908  30.614112 24.983
 74    10.299 54790.57695230 35.85 117.211008  30.617402 24.983
 74    10.402 54790.57695294 40.22 117.210118  30.620692 24.983
 74    10.420 54790.57695359 41.78 117.209218  30.623972 24.983
 74    10.408 54790.57695423 42.02 117.208318  30.627262 24.983
 74    10.432 54790.57695487 44.17 117.207418  30.630542 24.983
 74    10.406 54790.57695552 45.54 117.206518  30.633832 24.983
 74    10.423 54790.57695616 46.47 117.205618  30.637112 24.983
 74    10.434 54790.57695681 46.92 117.204728  30.640402 24.983
 74    10.446 54790.57695745 47.07 117.203828  30.643682 24.983
 75     9.941 54825.57697659 18.68 117.217733  30.606404 26.381
 75     8.310 54825.57697724 19.05 117.216833  30.609694 26.381
 75    10.666 54825.57697788 19.37 117.215933  30.612974 26.381
 75    10.638 54825.57697853 18.13 117.215033  30.616264 26.381
 75    10.770 54825.57697917 17.92 117.214133  30.619544 26.381
 75    10.253 54825.57697982 18.70 117.213243  30.622834 26.381
 75    10.150 54825.57698046 17.33 117.212343  30.626124 26.381
 75     9.860 54825.57698111 20.03 117.211438  30.629410 23.617
 75     4.536 54825.57698175 26.61 117.210548  30.632690 23.617
 75     4.648 54825.57698239 30.50 117.209648  30.635980 23.617
 75     4.606 54825.57698304 33.18 117.208748  30.639260 23.617
 75     4.706 54825.57698368 35.87 117.207848  30.642550 23.617
 76     4.290 54860.57694402 45.17 117.216133  30.607462 34.552
 76     4.297 54860.57694467 47.27 117.215233  30.610742 34.552
 76     4.192 54860.57694531 47.87 117.214333  30.614032 34.552
 76     4.264 54860.57694596 47.31 117.213433  30.617312 34.552
 76     4.186 54860.57694660 48.15 117.212533  30.620602 34.552
 76     4.277 54860.57694725 47.46 117.211633  30.623882 34.552
 76     4.221 54860.57694789 47.29 117.210743  30.627172 34.552
 76     4.163 54860.57694854 48.52 117.209843  30.630462 34.552
 76     4.325 54860.57694918 47.19 117.208943  30.633742 34.552
 76     4.279 54860.57694983 44.29 117.208043  30.637032 34.552
 76     4.227 54860.57695047 40.50 117.207143  30.640312 34.552
 76     4.205 54860.57695112 39.32 117.206243  30.643602 34.552
 77    11.079 54895.57697714 23.51 117.218444  30.605521 24.725
 77    11.278 54895.57697779 23.16 117.217544  30.608811 24.725
 77    11.500 54895.57697843 20.47 117.216644  30.612101 24.725
 77    11.580 54895.57697907 20.94 117.215744  30.615381 24.725
 77    11.052 54895.57697972 20.66 117.214854  30.618671 24.725
 77    10.437 54895.57698036 21.40 117.213954  30.621951 24.725
 77    10.375 54895.57698101 19.43 117.213054  30.625241 24.725
 77    10.000 54895.57698165 19.40 117.212154  30.628521 24.725
 77    10.580 54895.57698230 19.51 117.211254  30.631817 25.312
 77    10.395 54895.57698294 19.85 117.210364  30.635097 25.312
 77     6.941 54895.57698359 26.33 117.209464  30.638387 25.312
 77     6.996 54895.57698423 29.58 117.208564  30.641667 25.312
 77     6.840 54895.57698488 31.78 117.207664  30.644957 25.312
 78    12.004 54930.57694252 22.82 117.213597  30.609865 11.098
 78    11.379 54930.57694316 25.69 117.212697  30.613145 11.098
 78    12.201 54930.57694381 23.23 117.211797  30.616435 11.098
 78    10.961 54930.57694445 23.98 117.210897  30.619715 11.098
 78    10.425 54930.57694510 25.29 117.209997  30.623005 11.098
 78    10.356 54930.57694574 25.91 117.209107  30.626295 11.098
 78    10.285 54930.57694639 26.25 117.208207  30.629575 11.098
 78    10.486 54930.57694703 25.48 117.207307  30.632865 11.098
 78    10.329 54930.57694768 25.68 117.206407  30.636145 11.098
 78    10.672 54930.57694832 25.05 117.205507  30.639435 11.098
 78    10.522 54930.57694897 26.80 117.204607  30.642715 11.098
 79     8.917 54965.57697841 25.46 117.217639  30.606695 23.348
 79     9.002 54965.57697906 24.72 117.216739  30.609985 23.348
 79    10.583 54965.57697970 24.27 117.215839  30.613265 23.348
 79    10.476 54965.57698034 23.92 117.214939  30.616555 23.348
 79    10.656 54965.57698099 22.91 117.214049  30.619835 23.348
 79     9.925 54965.57698163 23.59 117.213149  30.623125 23.348
 79     9.172 54965.57698228 24.39 117.212249  30.626415 23.348
 79     8.840 54965.57698292 25.20 117.211347  30.629693 26.886
 79     9.217 54965.57698357 26.27 117.210457  30.632983 26.886
 79     8.592 54965.57698421 29.80 117.209557  30.636273 26.886
 79     8.560 54965.57698486 31.86 117.208657  30.639553 26.886
 79     8.783 54965.57698550 33.23 117.207757  30.642843 26.886
 80    10.795 55000.57699907 26.59 117.214461  30.610386 20.801
 80    10.684 55000.57699972 27.03 117.213561  30.613666 20.801
 80    10.622 55000.57700036 27.46 117.212661  30.616956 20.801
 80    10.069 55000.57700101 28.26 117.211771  30.620246 20.801
 80     9.492 55000.57700165 29.16 117.210871  30.623526 20.801
 80     9.703 55000.57700230 30.19 117.209971  30.626816 20.801
 80     9.931 55000.57700294 31.14 117.209068  30.630094 37.359
 80     9.960 55000.57700359 32.94 117.208178  30.633384 37.359
 80     9.979 55000.57700423 35.86 117.207278  30.636674 37.359
 80    10.010 55000.57700488 39.06 117.206378  30.639954 37.359
 80    10.005 55000.57700552 42.64 117.205478  30.643244 37.359
 81    11.399 55035.57698296 32.19 117.219995  30.602963 30.850
 81    10.669 55035.57698361 23.16 117.219095  30.606243 30.850
 81    12.658 55035.57698425 20.37 117.218195  30.609533 30.850
 81    12.500 55035.57698490 20.77 117.217305  30.612813 30.850
 81    12.241 55035.57698554 19.68 117.216405  30.616103 30.850
 81    11.563 55035.57698619 19.32 117.215505  30.619383 30.850
 81    10.900 55035.57698683 20.71 117.214604  30.622679 15.368
 81    11.118 55035.57698748 19.28 117.213714  30.625959 15.368
 81    10.652 55035.57698812 20.04 117.212814  30.629249 15.368
 81    10.344 55035.57698877 21.83 117.211914  30.632529 15.368
 81    10.372 55035.57698941 24.93 117.211014  30.635819 15.368
 81    10.518 55035.57699005 29.86 117.210114  30.639099 15.368
 81    10.866 55035.57699070 29.60 117.209214  30.642389 15.368
 82    11.544 55070.57697275 30.67 117.221255  30.603561 22.448
 82    11.405 55070.57697339 19.44 117.220355  30.606851 22.448
 82    12.148 55070.57697403 19.29 117.219465  30.610131 22.448
 82    11.233 55070.57697468 21.45 117.218565  30.613421 22.448
 82    11.380 55070.57697532 20.27 117.217665  30.616711 22.448
 82    11.246 55070.57697597 19.65 117.216765  30.619991 22.448
 82    11.162 55070.57697661 19.21 117.215865  30.623281 22.448
 82    11.255 55070.57697726 19.64 117.214975  30.626561 22.448
 82    11.171 55070.57697790 20.54 117.214075  30.629851 22.448
 82    11.117 55070.57697855 21.77 117.213175  30.633141 22.448
 82    10.976 55070.57697919 24.24 117.212276  30.636420 15.219
 82    11.319 55070.57697984 25.31 117.211376  30.639710 15.219
 82    11.468 55070.57698048 26.54 117.210486  30.643000 15.219
 83    11.164 55105.57691697 23.55 117.212498  30.612678 26.927
 83    11.008 55105.57691762 24.90 117.211598  30.615968 26.927
 83    10.719 55105.57691826 26.01 117.210698  30.619248 26.927
 83    10.529 55105.57691891 28.09 117.209808  30.622538 26.927
 83     7.432 55105.57691955 29.45 117.208908  30.625828 26.927
 83     7.448 55105.57692020 32.55 117.208008  30.629108 26.927
 83     7.503 55105.57692084 36.67 117.207108  30.632398 26.927
 83     7.740 55105.57692149 40.20 117.206208  30.635678 26.927
 83     7.806 55105.57692213 44.97 117.205308  30.638968 26.927
 83     7.963 55105.57692278 43.77 117.204408  30.642248 26.927
 84    10.233 55140.57692112 23.78 117.219378  30.603459 23.709
 84     8.313 55140.57692176 22.98 117.218478  30.606749 23.709
 84     5.079 55140.57692241 23.65 117.217578  30.610029 23.709
 84     5.027 55140.57692305 25.82 117.216678  30.613319 23.709
 84     4.974 55140.57692370 27.05 117.215788  30.616599 23.709
 84     4.963 55140.57692434 29.67 117.214888  30.619889 23.709
 84     5.006 55140.57692498 30.86 117.213988  30.623169 23.709
 84     5.109 55140.57692563 33.25 117.213088  30.626465 32.491
 84     5.175 55140.57692627 35.86 117.212198  30.629745 32.491
 84     5.200 55140.57692692 37.89 117.211298  30.633035 32.491
 84     5.122 55140.57692756 36.60 117.210398  30.636315 32.491
 84     5.238 55140.57692821 36.01 117.209498  30.639605 32.491
 84     5.396 55140.57692885 42.77 117.208598  30.642885 32.491
 85    10.776 55175.57688354 25.48 117.215855  30.607180 19.373
 85    10.669 55175.57688419 24.99 117.214955  30.610460 19.373
 85    10.697 55175.57688483 27.61 117.214065  30.613750 19.373
 85     4.423 55175.57688548 29.28 117.213165  30.617030 19.373
 85     4.497 55175.57688612 29.13 117.212267  30.620325 34.924
 85     4.400 55175.57688677 32.03 117.211367  30.623605 34.924
 85     4.302 55175.57688741 34.46 117.210467  30.626895 34.924
 85     4.269 55175.57688806 36.45 117.209567  30.630175 34.924
 85     4.415 55175.57688870 40.35 117.208667  30.633465 34.924
 85     4.350 55175.57688935 46.26 117.207767  30.636745 34.924
 85     4.436 55175.57688999 48.10 117.206867  30.640035 34.924
 85     4.529 55175.57689064 42.40 117.205977  30.643325 34.924
 86     3.660 55210.57691679 26.89 117.218090  30.605505 21.358
 86     3.791 55210.57691743 28.02 117.217190  30.608795 21.358
 86     3.853 55210.57691807 28.78 117.216290  30.612085 21.358
 86     3.902 55210.57691872 30.34 117.215390  30.615365 21.358
 86     3.979 55210.57691936 31.03 117.214490  30.618655 21.358
 86     4.001 55210.57692001 32.12 117.213600  30.621935 21.358
 86     4.052 55210.57692065 34.54 117.212700  30.625225 21.358
 86     4.116 55210.57692130 36.38 117.211800  30.628515 21.358
 86     4.165 55210.57692194 38.28 117.210906  30.631793 27.827
 86     4.145 55210.57692259 37.27 117.210006  30.635083 27.827
 86     4.177 55210.57692323 36.61 117.209106  30.638373 27.827
 86     4.192 55210.57692388 35.09 117.208206  30.641653 27.827
 86     4.338 55210.57692452 43.76 117.207306  30.644943 27.827
 87     5.160 55245.57688908 30.25 117.215587  30.607546 29.242
 87     5.383 55245.57688973 30.87 117.214697  30.610826 29.242
 87     5.497 55245.57689037 31.40 117.213797  30.614116 29.242
 87     5.662 55245.57689102 32.27 117.212897  30.617396 29.242
 87     5.736 55245.57689166 33.90 117.211997  30.620686 29.242
 87     5.558 55245.57689231 35.63 117.211097  30.623976 29.242
 87     5.480 55245.57689295 38.25 117.210197  30.627256 29.242
 87     5.662 55245.57689360 40.57 117.209307  30.630546 29.242
 87     5.632 55245.57689424 45.91 117.208407  30.633826 29.242
 87     5.625 55245.57689489 50.28 117.207507  30.637116 29.242
 87     5.648 55245.57689553 50.72 117.206607  30.640396 29.242
 87     5.722 55245.57689617 46.42 117.205707  30.643686 29.242
 88    11.337 55280.57691033 24.13 117.219146  30.605444 22.795
 88    11.410 55280.57691097 20.09 117.218246  30.608734 22.795
 88    12.410 55280.57691161 19.17 117.217346  30.612024 22.795
 88    12.370 55280.57691226 19.91 117.216446  30.615304 22.795
 88    12.044 55280.57691290 19.30 117.215556  30.618594 22.795
 88    10.626 55280.57691355 18.87 117.214656  30.621874 22.795
 88    11.428 55280.57691419 18.93 117.213756  30.625164 22.795
 88    11.200 55280.57691484 18.93 117.212856  30.628444 22.795
 88    10.980 55280.57691548 19.80 117.211957  30.631739 18.900
 88    11.441 55280.57691613 18.54 117.211067  30.635019 18.900
 88    11.235 55280.57691677 19.86 117.210167  30.638309 18.900
 88    11.682 55280.57691742 21.43 117.209267  30.641589 18.900
 88    11.458 55280.57691806 23.22 117.208367  30.644879 18.900
 89    11.197 55315.57687706 26.10 117.217281  30.605564 18.216
 89    11.192 55315.57687770 26.39 117.216391  30.608854 18.216
 89    11.009 55315.57687835 27.45 117.215491  30.612134 18.216
 89    11.976 55315.57687899 26.93 117.214591  30.615424 18.216
 89    11.074 55315.57687964 27.29 117.213691  30.618704 18.216
 89    11.127 55315.57688028 28.19 117.212791  30.621994 18.216
 89    10.893 55315.57688093 29.57 117.211901  30.625284 18.216
 89    10.756 55315.57688157 31.16 117.211001  30.628564 18.216
 89    10.935 55315.57688221 32.28 117.210101  30.631854 18.216
 89    10.983 55315.57688286 35.47 117.209201  30.635134 18.216
 89    11.065 55315.57688350 37.60 117.208301  30.638424 18.216
 89    11.122 55315.57688415 42.07 117.207401  30.641704 18.216
 89    11.192 55315.57688479 42.93 117.206511  30.644994 18.216
 90    12.387 55350.57688180 29.84 117.220423  30.603701 26.067
 90    11.507 55350.57688244 23.45 117.219523  30.606991 26.067
 90    11.345 55350.57688309 22.16 117.218623  30.610281 26.067
 90    11.862 55350.57688373 22.38 117.217723  30.613561 26.067
 90    11.799 55350.57688438 21.44 117.216823  30.616851 26.067
 90    11.406 55350.57688502 20.97 117.215933  30.620131 26.067
 90    11.297 55350.57688567 20.11 117.215033  30.623421 26.067
 90    11.274 55350.57688631 20.78 117.214133  30.626711 26.067
 90    10.883 55350.57688696 21.74 117.213233  30.629990 18.262
 90    11.250 55350.57688760 20.89 117.212333  30.633280 18.262
 90    11.599 55350.57688825 21.55 117.211443  30.636570 18.262
 90    12.019 55350.57688889 22.20 117.210543  30.639850 18.262
 90    12.121 55350.57688954 27.09 117.209643  30.643140 18.262
 92    13.480 55420.57690040 25.11 117.219506  30.604639 20.618
 92    13.532 55420.57690105 26.35 117.218606  30.607929 20.618
 92    13.299 55420.57690169 29.13 117.217706  30.611219 20.618
 92    13.329 55420.57690234 29.41 117.216806  30.614499 20.618
 92    13.393 55420.57690298 28.64 117.215906  30.617789 20.618
 92    13.483 55420.57690363 28.37 117.215016  30.621079 20.618
 92    13.485 55420.57690427 29.47 117.214116  30.624359 20.618
 92    13.395 55420.57690492 30.14 117.213216  30.627649 20.618
 92    12.889 55420.57690556 35.15 117.212313  30.630936 27.226
 92    13.245 55420.57690621 33.85 117.211423  30.634216 27.226
 92    13.489 55420.57690685 33.39 117.210523  30.637506 27.226
 92    13.652 55420.57690749 36.58 117.209623  30.640786 27.226
 92    13.696 55420.57690814 38.89 117.208723  30.644076 27.226
 93    12.130 55455.57687640 27.83 117.221987  30.603154 17.742
 93    12.682 55455.57687704 20.91 117.221087  30.606444 17.742
 93    11.803 55455.57687769 23.73 117.220187  30.609724 17.742
 93    12.290 55455.57687833 22.77 117.219287  30.613014 17.742
 93    12.052 55455.57687898 22.16 117.218397  30.616294 17.742
 93    11.943 55455.57687962 21.40 117.217497  30.619584 17.742
 93    11.727 55455.57688027 21.47 117.216597  30.622874 17.742
 93    11.485 55455.57688091 21.23 117.215697  30.626154 17.742
 93    11.323 55455.57688156 21.86 117.214797  30.629444 17.742
 93    11.220 55455.57688220 22.12 117.213907  30.632724 17.742
 93    11.536 55455.57688285 23.14 117.213007  30.636014 17.742
 93    11.901 55455.57688349 24.44 117.212107  30.639304 17.742
 93    12.041 55455.57688414 31.16 117.211207  30.642582 23.635
 93    12.145 55455.57688478 27.84 117.210307  30.645872 23.635
 94    12.130 55490.57679352 25.10 117.226221  30.600901 13.121
 94    11.518 55490.57679416 23.90 117.225321  30.604191 13.121
 94     8.349 55490.57679481 23.03 117.224431  30.607471 13.121
 94     8.472 55490.57679545 23.00 117.223531  30.610761 13.121
 94    11.489 55490.57679609 20.52 117.222631  30.614041 13.121
 94    10.958 55490.57679674 20.26 117.221731  30.617331 13.121
 94    10.908 55490.57679738 18.17 117.220841  30.620611 13.121
 94     8.729 55490.57679803 20.63 117.219941  30.623901 13.121
 94     9.279 55490.57679867 19.01 117.219041  30.627191 13.121
 94     9.283 55490.57679932 17.69 117.218141  30.630471 13.121
 94     9.022 55490.57679996 17.70 117.217251  30.633761 13.121
 94     8.969 55490.57680061 17.39 117.216351  30.637041 13.121
 94    10.041 55490.57680125 16.92 117.215451  30.640331 13.121
 94    10.770 55490.57680190 19.03 117.214551  30.643621 13.121
 94     8.871 55490.57680254 26.59 117.213656  30.646909 28.031
