-235534.128    32.756     0.00    8.83
-235157.117    36.661    10.36   10.03
-234780.089    43.285    17.56   10.17
-234404.824    45.525     5.97    8.17
-234031.023    44.060    -3.92    9.03
-233657.205    39.685   -11.70    7.82
-233283.371    35.827   -10.32    6.70
-232909.521    34.022    -4.83    6.78
-232535.655    33.836    -0.50    5.99
-232161.773    31.835    -5.35    6.06
-231787.874    31.094    -1.98    6.02
-231413.960    30.518    -1.54    7.12
-231040.029    31.113     1.59    8.59
-230666.082    32.859     4.67    8.26
-230292.119    34.952     5.60    9.10
-229918.140    36.821     5.00    9.45
-229544.145    37.290     1.25    9.24
-229170.134    42.321    13.45   14.69
-228796.106    54.560    32.71   24.91
-228422.063    54.048    -1.37   28.01
-228048.003    46.230   -20.90   35.35
-227673.927    29.209   -45.49   36.25
-227299.835    11.844   -46.41   16.64
-226925.726     5.056   -18.14    5.58
-226551.602     8.025     7.93    8.85
-226177.461    12.185    11.11   12.47
-225803.304    15.344     8.44   12.06
-225429.131    18.812     9.27   12.24
-225054.942    20.108     3.46   13.63
-224680.736    23.707     9.62   13.70
-224306.514    28.236    12.10   13.77
-223932.277    31.138     7.75   13.93
-223558.022    36.068    13.17   10.72
-223183.752    40.905    12.92   10.26
-222809.466    42.071     3.11   11.70
-222435.163    44.108     5.44   12.70
-222060.844    47.435     8.89   17.08
-221686.509    48.613     3.15   19.13
-221312.157    53.435    12.88   20.84
-220937.789    58.139    12.56   27.06
-220563.406    57.209    -2.48   27.72
-220189.005    50.730   -17.30   24.39
-219814.589    44.106   -17.69   17.38
-219440.156    46.662     6.83   18.08
-219065.707    55.975    24.87   22.32
-218691.242    76.301    54.27   33.80
-218316.761   100.780    65.36   38.80
-217942.263   112.954    32.50   37.59
-217567.749   100.730   -32.63   45.57
-217193.219    81.210   -52.11   49.62
-216818.672    55.998   -67.30   44.71
-216444.109    29.324   -71.20   22.80
-216069.530    18.375   -29.22   10.93
-215694.934    15.301    -8.21    9.67
-215320.323    14.235    -2.85    8.65
-214945.695    16.230     5.33    8.94
-214571.050    18.404     5.80    8.26
-214196.390    18.185    -0.59    7.58
-213821.713    17.557    -1.68    7.17
-213447.019    17.160    -1.06    6.84
-213072.310    17.603     1.18    6.98
-212697.584    17.470    -0.35    6.67
-212322.842    18.732     3.37    6.30
-211948.083    20.470     4.64    7.65
-211573.308    22.045     4.20    8.42
-211198.517    25.708     9.77    8.54
-210823.709    27.882     5.80    8.46
-210448.885    30.487     6.95    7.73
-210074.045    31.697     3.23    7.52
-209699.188    35.068     8.99    7.72
-209324.315    38.207     8.37    8.14
-208949.425    45.732    20.07   16.43
-208574.520    53.557    20.87   19.30
-208199.597    60.231    17.80   20.22
-207824.659    66.138    15.75   20.05
-207449.704    67.089     2.54   19.58
-207074.733    67.208     0.32   19.31
-206699.745    63.812    -9.05   20.76
-206324.741    58.975   -12.90   20.14
-205949.720    53.650   -14.20   22.24
-205574.683    42.347   -30.13   20.37
-205199.630    31.548   -28.79   12.70
-204824.560    28.929    -6.98    9.28
-204449.474    32.254     8.86   10.92
-204074.372    39.775    20.05   10.90
-203699.253    44.639    12.96   10.12
-203324.117    48.138     9.33   11.20
-202948.965    50.637     6.66   11.74
-202573.797    53.423     7.42   12.85
-202198.612    55.451     5.41   11.86
-201823.411    58.440     7.97   13.13
-201448.194    58.866     1.14   14.16
-201072.960    56.278    -6.90   14.79
-200697.709    48.975   -19.46   14.06
-200322.442    44.613   -11.62    9.78
-199947.159    42.208    -6.41    8.78
-199571.859    38.230   -10.60    8.56
-199196.542    34.185   -10.78    8.22
-198821.209    30.753    -9.14    7.66
-198445.860    28.045    -7.21    7.25
-198070.494    26.518    -4.07    7.24
-197695.112    23.533    -7.95    5.56
-197319.713    20.580    -7.87    6.16
-196944.298    18.045    -6.75    6.04
-196568.866    15.650    -6.38    6.59
-196193.418    13.952    -4.52    6.60
-195817.953    12.882    -2.85    6.97
-195442.472    10.494    -6.36    6.58
-195066.974     9.882    -1.63    8.09
-194691.460     8.048    -4.88    8.60
-194315.929     5.025    -8.05    8.44
-193940.381     2.464    -6.82    8.00
-193564.817    -0.815    -8.73    4.15
-193189.237    -2.134    -3.51    1.85
-192813.640    -2.179    -0.12    2.05
-192438.026    -1.536     1.71    2.58
-192062.396    -1.202     0.89    2.71
-191686.750    -0.722     1.28    2.76
-191311.086    -0.815    -0.25    2.66
-190935.407    -1.791    -2.60    1.82
-190559.710    -2.088    -0.79    1.69
-190183.997    -2.583    -1.32    1.57
-189808.268    -2.725    -0.38    1.65
-189432.522    -2.397     0.87    1.95
-189056.759    -2.002     1.05    2.16
-188680.980    -1.611     1.04    2.01
-188305.184    -1.722    -0.30    1.85
-187929.372    -2.095    -0.99    1.78
-187553.543    -2.452    -0.95    1.48
-187177.697    -1.908     1.45    1.87
-186801.835    -1.904     0.01    1.86
-186425.956    -1.815     0.24    2.05
-186050.061    -1.862    -0.12    2.26
-185674.149    -1.955    -0.25    1.90
-185298.220    -2.020    -0.17    1.91
-184922.275    -1.815     0.54    2.05
-184546.313    -1.338     1.27    1.98
-184170.334    -0.906     1.15    2.11
-183794.339    -0.071     2.22    1.76
-183418.327    -0.769    -1.86    2.55
-183042.299    -1.475    -1.88    3.56
-182666.254    -2.234    -2.02    3.35
-182290.192    -2.475    -0.64    3.06
-181914.114    -1.629     2.25    1.98
-181538.019    -1.482     0.39    1.86
-181161.907    -1.653    -0.45    2.06
-180785.778    -2.420    -2.04    2.95
-180409.633    -3.443    -2.72    3.84
-180033.471    -4.815    -3.65    4.40
-179657.293    -6.565    -4.65    4.20
-179281.098    -7.653    -2.89    3.64
-178904.886    -8.164    -1.36    3.11
-178528.657    -7.315     2.26    3.65
-178152.412    -6.452     2.30    3.92
-177776.150    -6.560    -0.29    3.62
-177399.872    -6.506     0.14    3.63
-177023.576    -6.327     0.48    3.41
-176647.264    -6.513    -0.49    3.27
-176270.935    -6.281     0.62    3.74
-175894.590    -5.653     1.67    4.63
-175518.227    -4.134     4.04    6.11
-175141.848    -1.746     6.34    6.79
-174765.453     1.487     8.59    5.67
-174389.040     3.278     4.76    3.90
-174012.611     3.798     1.38    2.39
-173636.165     3.139    -1.75    2.45
-173259.702     2.394    -1.98    2.61
-172883.223     0.875    -4.03    2.98
-172506.727    -0.234    -2.95    2.99
-172130.214    -1.490    -3.33    2.89
-171753.684    -2.606    -2.96    2.43
-171377.137    -2.908    -0.80    1.80
-171000.574    -2.862     0.12    1.60
-170623.994    -3.048    -0.49    2.22
-170247.397    -3.606    -1.48    2.09
-169870.783    -3.975    -0.98    1.92
-169494.153    -4.156    -0.48    1.70
-169117.506    -3.815     0.90    1.38
-168740.841    -3.768     0.13    1.70
-168364.161    -3.350     1.11    1.76
-167987.463    -3.460    -0.29    1.86
-167610.748    -3.583    -0.33    1.86
-167234.017    -3.361     0.59    1.85
-166857.269    -3.164     0.52    1.74
-166480.504    -2.863     0.80    1.61
-166103.722    -2.649     0.57    1.40
-165726.923    -2.420     0.61    1.40
-165350.108    -2.179     0.64    1.62
-164973.276    -1.634     1.45    1.56
-164596.426    -2.095    -1.22    2.49
-164219.560    -3.268    -3.11    3.80
-163842.677    -4.211    -2.50    4.08
-163465.778    -4.588    -1.00    3.82
-163088.861    -4.048     1.43    3.70
-162711.928    -2.475     4.17    2.75
-162334.977    -1.746     1.93    2.71
-161958.010    -1.490     0.68    2.25
-161581.026    -1.220     0.72    2.38
-161204.025    -1.606    -1.02    2.56
-160827.007    -2.292    -1.82    2.73
-160449.972    -3.141    -2.25    3.51
-160072.920    -4.015    -2.32    4.34
-159695.852    -3.911     0.28    4.73
-159321.005    -3.885     0.07    4.63
-158947.261    -4.215    -0.88    3.85
-158573.500    -3.958     0.69    3.20
-158199.723    -4.111    -0.41    2.47
-157825.928    -4.839    -1.95    2.60
-157452.118    -5.088    -0.67    2.32
-157078.291    -5.411    -0.86    2.27
-156704.447    -4.885     1.41    1.92
-156330.586    -4.656     0.61    1.79
-155956.709    -4.374     0.76    1.65
-155582.815    -3.565     2.16    1.79
-155208.905    -3.443     0.33    1.98
-154834.978    -3.281     0.44    2.00
-154461.034    -3.101     0.48    2.40
-154087.074    -3.676    -1.54    2.39
-153713.097    -3.565     0.30    2.41
-153339.103    -3.406     0.43    2.39
-152965.093    -3.475    -0.18    2.32
-152591.066    -3.025     1.20    2.24
-152217.023    -2.932     0.25    2.08
-151842.962    -2.656     0.74    1.94
-151468.885    -2.884    -0.61    2.04
-151094.792    -2.908    -0.07    2.09
-150720.681    -2.793     0.31    2.07
-150346.554    -2.565     0.61    1.98
-149972.411    -2.634    -0.18    1.90
-149598.250    -2.560     0.20    2.24
-149224.073    -2.560     0.00    2.27
-148849.880    -2.350     0.56    2.18
-148475.669    -2.141     0.56    1.85
-148101.442    -2.111     0.08    1.49
-147727.198    -1.676     1.16    1.95
-147352.937    -1.838    -0.43    2.02
-146978.660    -2.149    -0.83    1.93
-146604.366    -2.458    -0.83    1.81
-146230.055    -2.815    -0.95    0.00
-145855.728    -2.536     0.75    0.85
-145481.383    -2.202     0.89    1.50
-145107.022    -2.211    -0.02    1.64
-144732.645    -2.327    -0.31    1.92
-144358.250    -2.656    -0.88    1.93
-143983.839    -2.935    -0.74    2.07
-143609.411    -2.885     0.13    1.99
-143234.966    -3.384    -1.33    2.16
-142860.504    -4.065    -1.82    1.79
-142486.026    -4.908    -2.25    1.41
-142111.531    -5.601    -1.85    0.78
-141737.019    -5.815    -0.57    0.00
-141362.490    -5.815     0.00    0.00
-140987.945    -5.247     1.52    1.72
-140613.382    -4.560     1.84    2.12
-140238.803    -3.588     2.59    2.29
-139864.208    -2.884     1.88    2.02
-139489.595    -2.435     1.20    1.53
-139114.965    -1.861     1.53    1.14
-138740.319    -2.002    -0.38    1.26
-138365.656    -1.792     0.56    1.37
-137990.976    -1.885    -0.25    1.32
-137616.279    -2.015    -0.35    1.18
-137241.566    -1.908     0.29    1.54
-136866.835    -1.889     0.05    1.69
-136492.088    -1.771     0.31    1.74
-136117.324    -1.862    -0.24    1.73
-135742.543    -1.720     0.38    1.36
-135367.745    -1.304     1.11    1.33
-134992.930    -0.949     0.95    1.63
-134618.099    -0.793     0.42    1.87
-134243.250    -0.839    -0.12    1.91
-133868.385    -0.792     0.13    2.12
-133493.503    -0.257     1.43    2.16
-133118.604    -0.482    -0.60    2.26
-132743.688    -0.884    -1.07    2.28
-132368.755    -1.498    -1.64    1.49
-131993.806    -1.702    -0.54    1.22
-131618.839    -1.911    -0.56    1.25
-131243.856    -2.350    -1.17    1.44
-130868.855    -2.911    -1.49    1.38
-130493.838    -3.020    -0.29    1.25
-130118.804    -2.699     0.86    1.43
-129743.753    -2.157     1.45    1.42
-129368.685    -1.747     1.09    1.53
-128993.600    -1.583     0.44    1.44
-128618.498    -1.768    -0.49    1.55
-128243.379    -2.025    -0.68    1.60
-127868.244    -2.338    -0.84    1.39
-127493.091    -2.629    -0.78    1.05
-127117.921    -2.565     0.17    1.13
-126742.735    -2.611    -0.12    1.09
-126367.531    -2.257     0.94    1.03
-125992.311    -1.792     1.24    1.24
-125617.074    -1.384     1.09    1.86
-125241.819    -1.220     0.44    2.13
-124866.548    -0.520     1.87    2.56
-124491.260    -0.506     0.04    2.53
-124115.954    -0.746    -0.64    2.18
-123740.632    -0.863    -0.31    2.08
-123365.293    -1.361    -1.33    1.28
-122989.937    -1.006     0.95    1.31
-122614.563    -1.035    -0.08    1.37
-122239.173    -0.952     0.22    1.27
-121863.766    -1.164    -0.57    1.31
-121488.342    -1.292    -0.34    1.40
-121112.900    -1.513    -0.59    1.44
-120737.442    -1.929    -1.11    1.37
-120361.967    -2.327    -1.06    1.52
-119986.475    -2.523    -0.52    1.52
-119610.965    -2.338     0.49    1.61
-119235.439    -2.420    -0.22    1.50
-118859.895    -2.363     0.15    1.47
-118484.335    -2.293     0.19    1.27
-118108.758    -2.554    -0.69    1.19
-117733.163    -2.815    -0.70    1.20
-117357.551    -3.054    -0.63    1.12
-116981.923    -3.164    -0.29    1.04
-116606.277    -3.125     0.10    0.95
-116230.614    -2.997     0.34    1.04
-115854.935    -2.815     0.48    1.33
-115479.238    -2.435     1.01    1.41
-115103.524    -2.247     0.50    1.55
-114727.793    -2.397    -0.40    1.55
-114352.045    -2.768    -0.99    1.34
-113976.279    -3.002    -0.62    1.12
-113600.497    -3.043    -0.11    1.03
-113224.698    -2.884     0.42    0.87
-112848.881    -2.911    -0.07    0.82
-112473.047    -2.862     0.13    0.82
-112097.197    -2.653     0.56    1.02
-111721.329    -2.720    -0.18    1.05
-111345.444    -2.815    -0.25    1.08
-110969.542    -3.077    -0.70    0.86
-110593.623    -2.860     0.58    0.98
-110217.686    -2.955    -0.25    1.06
-109841.733    -2.978    -0.06    1.11
-109465.762    -3.141    -0.43    1.17
-109089.774    -3.371    -0.61    1.08
-108713.769    -3.475    -0.28    1.01
-108337.747    -3.889    -1.10    1.06
-107961.708    -3.838     0.13    1.02
-107585.652    -3.588     0.66    1.03
-107209.578    -3.443     0.39    1.07
-106833.487    -3.188     0.68    1.00
-106457.380    -3.030     0.42    1.12
-106081.255    -2.702     0.87    1.32
-105705.112    -2.653     0.13    1.33
-105328.953    -2.656    -0.01    1.41
-104952.776    -2.955    -0.79    1.49
-104576.582    -3.384    -1.14    1.28
-104200.371    -3.583    -0.53    1.43
-103824.143    -3.982    -1.06    1.45
-103447.898    -3.955     0.07    1.71
-103071.635    -3.793     0.43    1.52
-102695.355    -3.543     0.66    1.35
-102319.058    -3.397     0.39    1.03
-101942.744    -3.475    -0.21    1.08
-101566.412    -3.560    -0.23    1.07
-101190.063    -3.722    -0.43    1.09
-100813.697    -3.361     0.96    1.23
-100437.314    -2.952     1.09    1.27
-100060.913    -2.549     1.07    1.30
 -99684.496    -2.374     0.47    1.22
 -99308.061    -2.560    -0.49    1.42
 -98931.608    -3.234    -1.79    1.80
 -98555.139    -3.932    -1.85    2.33
 -98178.652    -4.257    -0.86    2.58
 -97802.148    -4.315    -0.15    2.47
 -97425.627    -4.043     0.72    2.48
 -97049.088    -3.679     0.97    1.91
 -96672.532    -2.884     2.11    1.37
 -96295.959    -2.815     0.18    1.36
 -95919.368    -2.656     0.42    1.31
 -95542.760    -2.885    -0.61    1.45
 -95166.135    -3.048    -0.43    1.57
 -94789.493    -2.929     0.32    2.16
 -94412.833    -2.406     1.39    2.09
 -94036.156    -1.952     1.21    1.68
 -93659.462    -2.211    -0.69    1.84
 -93282.750    -2.887    -1.79    1.79
 -92906.021    -3.435    -1.45    1.51
 -92529.275    -3.746    -0.83    1.26
 -92152.511    -3.725     0.06    1.22
 -91775.730    -3.565     0.42    1.24
 -91398.932    -3.438     0.34    1.40
 -91022.116    -3.125     0.83    1.55
 -90645.283    -3.202    -0.20    1.38
 -90268.432    -2.927     0.73    1.63
 -89891.565    -2.513     1.10    1.63
 -89514.679    -1.634     2.33    1.63
 -89137.777    -0.885     1.99    1.65
 -88760.857    -0.171     1.89    1.69
 -88383.920     0.923     2.90    3.31
 -88006.965     1.435     1.36    3.97
 -87629.993     1.859     1.13    4.20
 -87253.004     1.371    -1.30    4.49
 -86875.997    -0.629    -5.30    2.91
 -86498.972    -1.458    -2.20    1.81
 -86121.931    -2.193    -1.95    1.03
 -85744.872    -2.793    -1.59    1.17
 -85367.795    -3.315    -1.39    1.19
 -84990.701    -3.792    -1.26    1.72
 -84613.590    -4.133    -0.90    2.23
 -84239.163    -4.429    -0.79    2.04
 -83865.475    -4.645    -0.58    1.88
 -83491.771    -4.506     0.37    1.42
 -83118.050    -4.588    -0.22    1.03
 -82744.311    -4.746    -0.42    0.80
 -82370.555    -4.676     0.19    0.83
 -81996.782    -4.530     0.39    1.02
 -81622.992    -4.179     0.94    0.97
 -81249.185    -4.054     0.34    1.03
 -80875.361    -3.725     0.88    1.05
 -80501.520    -3.634     0.24    1.04
 -80127.661    -3.577     0.15    1.03
 -79753.786    -3.374     0.54    1.01
 -79379.893    -3.315     0.16    1.02
 -79005.983    -2.971     0.92    1.04
 -78632.056    -3.006    -0.09    1.15
 -78258.112    -3.338    -0.89    1.30
 -77884.151    -3.884    -1.46    1.37
 -77510.172    -4.560    -1.81    1.20
 -77136.176    -5.043    -1.29    1.20
 -76762.164    -5.196    -0.41    1.15
 -76388.134    -4.949     0.66    1.44
 -76014.086    -4.435     1.37    1.75
 -75640.022    -4.065     0.99    1.73
 -75265.940    -3.513     1.48    1.64
 -74891.841    -3.164     0.93    1.54
 -74517.725    -2.497     1.78    1.79
 -74143.592    -2.173     0.87    1.75
 -73769.442    -1.702     1.26    1.66
 -73395.274    -0.955     2.00    1.55
 -73021.089    -0.141     2.18    1.84
 -72646.887     0.571     1.90    1.67
 -72272.668     0.435    -0.36    1.50
 -71898.432    -0.270    -1.88    1.58
 -71524.178    -0.458    -0.50    1.46
 -71149.907    -0.634    -0.47    1.48
 -70775.619    -0.952    -0.85    1.76
 -70401.313    -0.746     0.55    1.84
 -70026.990    -0.975    -0.61    1.61
 -69652.651    -0.884     0.24    1.45
 -69278.293    -0.520     0.97    1.44
 -68903.919    -0.054     1.25    1.46
 -68529.527     0.253     0.82    1.35
 -68155.118     0.140    -0.30    1.41
 -67780.692    -0.179    -0.85    1.50
 -67406.248    -0.747    -1.52    1.45
 -67031.787    -1.211    -1.24    1.31
 -66657.309    -1.257    -0.12    1.39
 -66282.814    -1.173     0.23    1.25
 -65908.301    -1.025     0.39    1.26
 -65533.771    -0.772     0.67    1.38
 -65159.224    -0.722     0.13    1.19
 -64784.659    -0.549     0.46    1.14
 -64410.077    -0.350     0.53    1.12
 -64035.478    -0.257     0.25    1.05
 -63660.861    -0.292    -0.09    1.13
 -63286.227    -0.884    -1.58    1.25
 -62911.576    -1.393    -1.36    1.32
 -62536.907    -1.908    -1.38    1.46
 -62162.221    -2.815    -2.42    1.73
 -61787.518    -3.769    -2.54    1.34
 -61412.797    -4.111    -0.91    1.11
 -61038.059    -3.653     1.22    1.89
 -60663.304    -2.815     2.23    2.23
 -60288.531    -1.088     4.61    2.76
 -59913.741    -0.202     2.36    2.41
 -59538.934    -0.393    -0.51    2.66
 -59164.109    -0.601    -0.55    2.77
 -58789.267    -1.565    -2.57    2.57
 -58414.407    -2.118    -1.47    2.55
 -58039.530    -2.490    -0.99    1.86
 -57664.636    -2.702    -0.57    1.53
 -57289.724    -3.656    -2.55    2.78
 -56914.795    -5.679    -5.39    3.43
 -56539.849    -6.935    -3.35    3.31
 -56164.885    -7.793    -2.29    2.82
 -55789.903    -7.663     0.35    2.91
 -55414.904    -7.725    -0.16    2.58
 -55039.888    -7.838    -0.30    2.10
 -54664.855    -7.862    -0.06    1.76
 -54289.804    -7.792     0.19    1.28
 -53914.735    -6.792     2.67    1.84
 -53539.649    -5.747     2.78    2.37
 -53164.546    -3.771     5.27    3.48
 -52789.425    -1.211     6.82    4.00
 -52414.287     0.435     4.39    3.24
 -52039.131     0.533     0.26    3.44
 -51663.958     0.185    -0.93    3.61
 -51288.767     0.065    -0.32    3.54
 -50913.559     0.912     2.26    3.34
 -50538.333     2.275     3.63    3.20
 -50163.090     3.208     2.48    3.14
 -49787.830     3.866     1.75    2.57
 -49412.552     2.613    -3.34    3.68
 -49037.256     0.025    -6.89    4.62
 -48661.943    -1.543    -4.18    4.03
 -48286.613    -1.908    -0.97    2.86
 -47911.265    -1.554     0.95    2.64
 -47535.899     0.068     4.32    2.59
 -47160.516     2.029     5.22    2.75
 -46785.115     3.477     3.86    2.73
 -46409.697     3.457    -0.05    2.86
 -46034.262     2.985    -1.26    3.58
 -45658.809     3.254     0.72    3.81
 -45283.338     2.836    -1.11    3.66
 -44907.850     3.208     0.99    3.59
 -44532.344     3.051    -0.42    3.23
 -44156.821     1.994    -2.82    2.62
 -43781.280     1.889    -0.28    2.32
 -43405.721     2.298     1.09    1.98
 -43030.145     2.756     1.22    1.80
 -42654.552     3.139     1.02    1.99
 -42278.941     3.042    -0.26    2.23
 -41903.312     2.518    -1.39    2.65
 -41527.666     1.804    -1.90    2.59
 -41152.002     1.503    -0.80    2.58
 -40776.321     1.208    -0.78    2.30
 -40400.622     1.231     0.06    2.15
 -40024.905     1.344     0.30    2.18
 -39649.171     2.060     1.91    3.78
 -39273.419     3.407     3.59    6.17
 -38897.650     3.185    -0.59    6.27
 -38521.863     2.533    -1.73    5.27
 -38146.058     2.616     0.22    2.90
 -37770.236     3.585     2.58    2.92
 -37394.396     4.616     2.75    2.76
 -37018.538     3.721    -2.38    4.62
 -36642.663     1.071    -7.05    5.97
 -36266.770    -1.361    -6.47    5.63
 -35890.860    -2.978    -4.30    4.59
 -35514.932    -3.179    -0.53    4.01
 -35138.986    -2.065     2.96    4.30
 -34763.023     0.253     6.17    4.45
 -34387.042     2.278     5.39    3.45
 -34011.043     3.844     4.16    2.52
 -33635.027     4.639     2.12    1.52
 -33258.993     4.877     0.63    1.15
 -32882.941     5.116     0.64    1.07
 -32506.871     4.685    -1.15    1.22
 -32130.784     4.873     0.50    1.22
 -31754.680     4.952     0.21    1.15
 -31378.557     5.025     0.20    1.20
 -31002.417     4.912    -0.30    1.21
 -30626.259     4.672    -0.64    1.21
 -30250.083     4.185    -1.30    1.54
 -29873.890     3.970    -0.57    1.57
 -29497.679     3.473    -1.32    1.31
 -29121.450     3.518     0.12    1.22
 -28745.204     3.347    -0.45    1.43
 -28368.940     3.116    -0.61    1.61
 -27992.658     3.079    -0.10    1.43
 -27616.358     2.753    -0.87    2.05
 -27240.041     3.068     0.84    2.05
 -26863.705     2.730    -0.90    2.45
 -26487.353     2.730     0.00    2.79
 -26110.982     2.453    -0.74    3.19
 -25734.593     1.980    -1.26    3.42
 -25358.187     1.364    -1.64    3.80
 -24981.763     0.533    -2.21    3.97
 -24605.322    -0.497    -2.74    4.04
 -24228.862    -1.676    -3.13    3.54
 -23852.385    -2.338    -1.76    3.22
 -23475.890    -3.690    -3.59    0.79
 -23099.377    -3.815    -0.33    0.00
 -22722.846    -3.339     1.26    2.20
 -22346.297    -1.770     4.17    3.95
 -21969.731    -0.543     3.26    4.12
 -21593.147     0.732     3.39    3.85
 -21216.545     1.366     1.68    3.21
 -20839.925     2.063     1.85    2.05
 -20463.288     2.457     1.05    1.73
 -20086.632     2.603     0.39    1.69
 -19709.959     2.525    -0.21    1.67
 -19333.268     2.685     0.42    1.61
 -18956.559     2.485    -0.53    1.79
 -18579.832     2.503     0.05    2.01
 -18203.088     2.417    -0.23    2.08
 -17826.325     2.280    -0.36    1.97
 -17449.545     2.548     0.71    1.66
 -17072.747     3.232     1.82    1.48
 -16695.931     3.663     1.14    1.60
 -16319.097     3.905     0.64    1.62
 -15942.245     3.980     0.20    1.66
 -15565.376     4.048     0.18    1.75
 -15188.488     4.054     0.02    1.75
 -14811.582     4.045    -0.02    1.85
 -14434.659     3.708    -0.89    1.84
 -14057.718     3.412    -0.79    1.64
 -13680.759     3.116    -0.78    1.68
 -13303.782     2.866    -0.66    1.55
 -12926.787     2.503    -0.96    1.70
 -12549.774     2.321    -0.48    1.41
 -12172.743     2.324     0.01    1.49
 -11795.694     2.301    -0.06    1.48
 -11418.628     2.639     0.90    1.45
 -11041.543     3.003     0.96    1.35
 -10664.440     2.873    -0.34    1.38
 -10287.320     2.975     0.27    1.50
  -9910.182     3.051     0.20    1.49
  -9533.025     3.162     0.29    1.52
  -9159.015     3.571     1.09    1.43
  -8785.385     3.696     0.34    1.55
  -8411.737     3.639    -0.15    1.53
  -8038.072     3.603    -0.10    1.48
  -7664.389     3.580    -0.06    1.28
  -7290.689     4.007     1.14    1.89
  -6916.971     4.394     1.04    2.05
  -6543.235     4.844     1.20    2.29
  -6169.482     5.371     1.41    2.45
  -5795.711     5.912     1.45    2.31
  -5421.922     6.487     1.54    2.18
  -5048.116     6.278    -0.56    2.04
  -4674.292     5.607    -1.79    1.70
  -4300.450     5.003    -1.62    1.39
  -3926.591     4.775    -0.61    1.37
  -3552.714     5.045     0.72    1.60
  -3178.820     5.230     0.49    1.71
  -2804.908     5.301     0.19    1.64
  -2430.978     6.092     2.11    1.99
  -2057.030     6.429     0.90    1.65
  -1683.065     6.844     1.11    2.63
  -1309.082     5.118    -4.61    4.95
   -935.081     2.417    -7.22    5.58
   -561.063     0.807    -4.31    5.18
   -187.027    -0.629    -3.84    3.64
    187.027     0.533     3.11    3.77
    561.098     1.585     2.81    3.42
    935.188     1.525    -0.16    2.73
   1309.294     0.318    -3.23    1.67
   1683.419    -0.141    -1.23    1.06
   2057.561    -0.315    -0.47    1.02
   2431.722    -0.406    -0.24    1.23
   2805.899    -0.906    -1.34    1.49
   3180.095    -1.371    -1.24    1.44
   3554.308    -1.815    -1.19    1.22
   3928.539    -2.149    -0.89    1.41
   4302.788    -2.443    -0.79    1.38
   4677.055    -2.543    -0.27    1.52
   5051.339    -2.679    -0.36    1.44
   5425.641    -2.225     1.21    1.54
   5799.961    -1.682     1.45    1.59
   6174.299    -1.611     0.19    1.53
   6548.654    -1.482     0.34    1.28
   6923.027    -1.699    -0.58    1.22
   7297.419    -1.384     0.84    1.52
   7671.827    -1.475    -0.24    1.58
   8046.254    -1.338     0.36    1.69
   8420.698    -0.475     2.31    1.88
   8795.161    -0.452     0.06    1.91
   9169.641     0.096     1.46    2.08
   9544.139     0.487     1.04    1.77
   9918.654     0.464    -0.06    1.47
  10293.188     0.685     0.59    1.52
  10667.739     1.048     0.97    1.66
  11042.308     0.844    -0.55    1.88
  11416.895     0.753    -0.24    2.00
  11791.500     0.340    -1.10    1.94
  12166.123    -0.257    -1.59    1.55
  12540.764    -0.565    -0.82    1.54
  12915.422    -0.565     0.00    1.45
  13290.098    -0.429     0.36    1.45
  13664.792     0.162     1.58    1.59
  14039.504     0.389     0.61    1.80
  14414.234     0.651     0.70    2.05
  14788.982     0.613    -0.10    2.13
  15163.748     0.389    -0.60    1.87
  15538.531    -0.082    -1.26    1.81
  15913.333    -0.293    -0.56    1.69
  16288.152    -0.202     0.24    1.60
  16662.989    -0.043     0.42    1.55
  17037.845    -0.270    -0.61    1.72
  17412.718    -0.149     0.32    1.68
  17787.609     0.139     0.77    2.20
  18162.518     0.962     2.20    3.28
  18537.444     1.571     1.62    3.88
  18912.389     1.639     0.18    3.49
  19287.352     1.743     0.28    3.55
  19662.333     2.073     0.88    4.05
  20037.331     1.661    -1.10    3.54
  20412.348     2.115     1.21    3.78
  20787.382     2.429     0.84    3.87
  21162.435     2.162    -0.71    3.43
  21537.505     2.139    -0.06    3.63
  21912.593     2.092    -0.13    3.60
  22287.700     1.962    -0.34    3.46
  22662.824     2.589     1.67    3.98
  23037.966     2.866     0.74    3.83
  23413.126     3.457     1.58    4.86
  23788.305     4.412     2.54    5.32
  24163.501     5.139     1.94    5.25
  24538.715     5.923     2.09    4.88
  24913.947     5.873    -0.13    4.58
  25289.198     4.899    -2.60    3.31
  25664.466     4.003    -2.39    2.90
  26039.752     3.094    -2.42    2.93
  26415.056     2.440    -1.74    2.62
  26790.379     2.162    -0.74    2.39
  27165.719     1.835    -0.87    2.06
  27541.077     1.718    -0.31    2.01
  27916.454     1.185    -1.42    2.14
  28291.848     0.685    -1.33    2.12
  28667.261     0.565    -0.32    2.11
  29042.691     0.260    -0.81    2.13
  29418.140    -0.679    -2.50    2.67
  29793.606    -1.615    -2.49    2.85
  30169.091    -2.260    -1.72    2.31
  30544.594    -2.653    -1.05    2.22
  30920.115    -2.361     0.78    2.23
  31295.654    -1.884     1.27    2.06
  31671.211    -1.867     0.05    2.05
  32046.786    -1.884    -0.04    2.03
  32422.379    -1.962    -0.21    1.93
  32797.990    -2.225    -0.70    1.85
  33173.619    -2.702    -1.27    1.60
  33549.267    -2.384     0.85    1.73
  33924.932    -1.179     3.21    2.19
  34300.616    -0.079     2.93    2.05
  34676.318     0.866     2.52    1.51
  35052.038     1.042     0.47    1.57
  35427.776     0.962    -0.21    1.98
  35803.532     1.051     0.24    2.10
  36179.306     1.417     0.97    2.18
  36555.099     2.412     2.65    2.27
  36930.910     2.869     1.22    1.90
  37306.738     2.775    -0.25    1.65
  37682.585     2.301    -1.26    1.55
  38058.450     1.673    -1.67    1.39
  38434.334     1.389    -0.76    1.68
  38810.235     1.137    -0.67    1.96
  39186.155     0.798    -0.90    2.37
  39562.092     0.518    -0.75    2.80
  39938.048    -0.315    -2.22    3.13
  40314.022    -1.884    -4.17    2.88
  40690.015    -2.653    -2.05    2.47
  41066.025    -1.260     3.70    4.39
  41442.054     1.385     7.03    6.89
  41818.101     5.662    11.37    7.83
  42194.166    10.060    11.69    6.82
  42570.249    11.637     4.19    6.90
  42946.351     8.912    -7.25    7.17
  43322.470     6.580    -6.20    7.16
  43698.608     3.051    -9.38    5.05
  44074.765     1.624    -3.80    1.94
  44450.939     2.548     2.46    2.49
  44827.132     3.975     3.79    2.84
  45203.343     5.139     3.09    2.48
  45579.572     5.821     1.81    2.14
  45955.819     6.065     0.65    2.11
  46332.085     6.229     0.43    2.16
  46708.369     7.371     3.03    2.08
  47084.671     7.957     1.56    2.31
  47460.992     8.025     0.18    2.49
  47837.330     8.228     0.54    2.30
  48213.687     8.935     1.88    2.22
  48590.063     9.542     1.61    2.14
  48966.456    10.616     2.86    1.93
  49342.868    11.321     1.87    1.90
  49719.299    12.366     2.78    2.24
  50095.747    14.048     4.47    2.97
  50472.214    15.594     4.11    3.11
  50848.699    17.068     3.92    3.02
  51225.203    18.139     2.84    3.38
  51601.724    18.889     1.99    3.47
  51978.264    19.685     2.11    3.43
  52354.823    20.707     2.72    3.43
  52731.400    21.616     2.41    3.68
  53107.995    22.844     3.26    3.90
  53484.608    23.525     1.81    3.84
  53861.240    23.344    -0.48    5.28
  54237.890    21.859    -3.94    6.19
  54614.559    20.762    -2.91    7.30
  54991.246    18.042    -7.22    8.00
  55367.951    15.412    -6.98    7.47
  55744.675    13.185    -5.91    7.27
  56121.417    10.275    -7.72    6.86
  56498.177     7.866    -6.39    5.34
  56874.956     6.092    -4.71    3.62
  57251.753     6.315     0.59    3.08
  57628.569     7.661     3.57    3.93
  58005.402     9.185     4.04    3.53
  58382.255    11.115     5.12    3.02
  58759.126    11.812     1.85    2.97
  59136.015    14.025     5.87    3.94
  59512.922    15.460     3.81    4.26
  59889.848    16.918     3.87    5.14
  60266.793    17.389     1.25    6.43
  60643.756    18.412     2.71    6.79
  61020.737    18.344    -0.18    7.20
  61397.737    18.160    -0.49    7.18
  61774.755    18.821     1.75    6.40
  62151.792    18.161    -1.75    5.39
  62528.847    17.229    -2.47    5.66
  62905.921    16.140    -2.89    5.20
  63283.013    16.068    -0.19    4.76
  63660.123    14.957    -2.95    3.23
  64037.252    15.658     1.86    3.20
  64414.400    15.548    -0.29    3.64
  64791.566    14.394    -3.06    3.76
  65168.750    14.140    -0.67    3.65
  65545.953    13.298    -2.23    3.24
  65919.544    13.542     0.65    2.96
  66293.116    13.753     0.56    2.18
  66666.707    14.313     1.50    2.34
  67040.315    14.730     1.12    2.40
  67413.942    15.594     2.31    2.45
  67787.587    16.496     2.41    3.06
  68161.250    18.029     4.10    3.48
  68534.932    19.875     4.94    3.40
  68908.631    22.139     6.06    3.67
  69282.349    24.635     6.68    4.06
  69656.084    26.571     5.18    4.18
  70029.838    28.412     4.93    3.64
  70403.610    28.896     1.29    4.34
  70777.401    29.251     0.95    4.76
  71151.209    29.280     0.08    4.74
  71525.036    29.889     1.63    3.51
  71898.880    30.989     2.94    3.10
  72272.743    32.298     3.50    3.24
  72646.625    33.935     4.38    3.53
  73020.524    34.412     1.28    4.18
  73394.442    34.740     0.88    4.58
  73768.377    34.399    -0.91    5.55
  74142.331    34.821     1.13    5.55
  74516.304    34.306    -1.38    6.06
  74890.294    33.594    -1.91    5.74
  75264.303    32.957    -1.70    6.26
  75638.330    30.775    -5.83    7.19
  76012.375    29.185    -4.25    6.62
  76386.439    28.232    -2.55    5.54
  76760.520    27.980    -0.67    4.13
  77134.620    26.989    -2.65    2.87
  77508.738    27.025     0.10    2.92
  77882.875    27.301     0.74    2.76
  78257.030    27.775     1.27    3.24
  78631.203    28.844     2.85    3.84
  79005.394    30.446     4.28    5.00
  79379.603    31.889     3.86    4.44
  79753.831    31.892     0.01    4.52
  80128.077    31.798    -0.25    4.86
  80502.342    31.022    -2.07    4.89
  80876.624    30.753    -0.72    4.77
  81250.925    31.616     2.31    4.85
  81625.245    31.470    -0.39    4.09
  81999.582    31.957     1.30    4.11
  82373.938    32.892     2.50    4.00
  82748.313    33.616     1.94    4.42
  83122.705    35.585     5.26    6.56
  83497.116    38.071     6.64    8.33
  83871.545    40.829     7.37    8.85
  84245.993    44.324     9.33    8.92
  84620.459    47.229     7.76    9.50
  84994.943    51.946    12.60   11.48
  85369.446    53.385     3.84    9.88
  85743.967    55.162     4.75    8.35
  86118.506    56.366     3.22    7.28
  86493.064    60.503    11.04    9.73
  86867.640    64.637    11.04   11.32
  87242.235    65.511     2.33   10.88
  87616.847    66.827     3.52    9.49
  87991.479    67.025     0.53    7.62
  88366.128    65.344    -4.49    5.89
  88740.796    64.489    -2.28    6.27
  89115.483    64.048    -1.18    6.34
  89490.188    63.470    -1.54    5.52
  89864.911    64.402     2.49    5.41
  90239.653    64.696     0.79    6.54
  90614.413    66.118     3.79    5.29
  90989.191    68.473     6.29    5.26
  91363.988    70.032     4.16    5.21
  91738.803    70.275     0.65    6.21
  92113.637    70.207    -0.18    6.74
  92488.489    70.896     1.84    7.13
  92863.360    72.882     5.30    6.98
  93238.249    75.162     6.08    6.25
  93613.157    76.007     2.25    6.18
  93988.083    77.967     5.23    6.50
  94363.027    77.918    -0.13    7.44
  94737.990    78.866     2.53    8.58
  95112.972    80.629     4.70    9.13
  95487.972    80.344    -0.76   10.09
  95862.990    81.762     3.78   10.23
  96238.027    81.340    -1.13    9.22
  96613.082    82.251     2.43    9.98
  96988.156    81.940    -0.83    8.42
  97363.249    82.696     2.01    8.63
  97738.359    83.851     3.08    8.28
  98113.489    83.548    -0.81    6.81
  98488.637    84.905     3.62    6.26
  98863.803    86.273     3.65    6.01
  99238.988    88.185     5.09    6.08
  99614.192    88.185     0.00    6.73
  99989.414    88.728     1.45    7.67
 100364.654    87.118    -4.29    8.74
 100739.913    87.185     0.18    8.30
 101115.191    88.231     2.79    6.86
 101490.487    87.598    -1.69    7.37
 101865.802    87.113    -1.29    7.28
 102241.135    88.798     4.49    6.73
 102616.487    90.424     4.33    7.49
 102991.857    93.321     7.72    6.47
 103367.246    95.525     5.87    5.71
 103742.654    96.827     3.47    4.20
 104118.080    96.837     0.02    5.06
 104493.525    98.018     3.15    6.06
 104868.988   100.340     6.19    5.49
 105244.470   101.185     2.25    5.37
 105619.971    99.866    -3.51    6.08
 105995.490    96.753    -8.29    7.54
 106371.028    93.613    -8.36    7.29
 106746.584    90.162    -9.19    6.32
 107122.159    88.875    -3.43    6.42
 107497.753    88.662    -0.57    7.48
 107873.365    87.366    -3.45    7.12
 108248.996    86.650    -1.91    5.90
 108624.646    86.616    -0.09    4.67
 109000.314    88.860     5.97    8.24
 109376.001    94.229    14.29   11.43
 109751.706    98.812    12.20   12.93
 110127.430   102.730    10.43   13.77
 110503.173   108.435    15.18   12.36
 110878.935   111.721     8.75   11.28
 111254.715   112.116     1.05   10.22
 111630.514   114.710     6.90   12.19
 112006.331   116.251     4.10   14.32
 112382.167   122.440    16.47   18.24
 112758.022   129.912    19.88   20.39
 113133.896   140.785    28.93   23.87
 113509.788   140.745    -0.10   23.60
 113885.699   129.344   -30.33   29.53
 114261.629   123.599   -15.28   29.68
 114637.577   134.730    29.61   39.11
 115013.545   149.048    38.09   42.38
 115389.530   169.975    55.66   33.49
 115765.535   190.896    55.64   32.67
 116141.558   200.710    26.10   30.90
 116517.600   195.957   -12.64   30.81
 116893.661   200.022    10.81   29.08
 117269.741   193.162   -18.24   29.14
 117645.839   193.296     0.36   26.27
 118021.956   198.661    14.27   28.75
 118398.092   208.706    26.71   30.46
 118774.247   217.923    24.50   31.42
 119150.420   223.162    13.93   31.10
 119526.612   230.071    18.37   30.83
 119902.823   239.051    23.87   34.84
 120279.053   254.253    40.41   39.56
 120655.301   265.423    29.69   36.45
 121031.569   267.598     5.78   37.08
 121407.855   274.673    18.81   33.93
 121784.160   279.629    13.17   30.46
 122160.484   287.707    21.47   27.35
 122536.826   289.511     4.79   25.69
 122913.187   292.162     7.05   26.14
 123289.568   283.882   -22.00   38.90
 123665.967   275.385   -22.58   39.17
 124042.384   265.594   -26.01   37.27
 124418.821   265.207    -1.03   32.77
 124795.277   275.607    27.63   37.92
 125171.751   264.616   -29.20   61.54
 125548.244   236.318   -75.17   68.55
 125924.756   218.962   -46.10   61.77
 126301.287   202.025   -44.99   45.68
 126677.837   208.718    17.78   50.34
 127054.406   234.347    68.07   52.01
 127430.993   249.576    40.44   53.30
 127807.600   250.025     1.19   57.81
 128184.225   254.318    11.40   61.76
 128560.869   250.889    -9.10   63.95
 128937.532   236.230   -38.92   62.10
 129314.214   222.696   -35.93   46.55
 129690.915   214.526   -21.69   30.81
 130067.635   221.598    18.77   34.72
 130444.374   237.366    41.86   41.89
 130821.132   252.162    39.28   45.32
 131197.908   269.025    44.76   40.54
 131574.704   283.502    38.42   42.89
 131951.518   294.616    29.50   41.78
 132328.352   301.256    17.62   44.67
 132705.204   296.673   -12.16   39.29
 133082.075   299.662     7.93   42.82
 133458.965   301.071     3.74   44.15
 133835.875   307.344    16.64   41.12
 134212.803   310.310     7.87   37.21
 134589.750   315.753    14.44   37.94
 134966.716   320.812    13.42   37.40
 135343.701   318.740    -5.50   44.68
 135720.705   302.518   -43.03   47.27
 136097.728   286.446   -42.63   41.62
 136474.770   288.389     5.15   37.93
 136851.831   285.965    -6.43   33.25
 137228.911   289.025     8.12   29.07
 137606.010   299.935    28.93   28.39
 137983.128   292.662   -19.29   26.73
 138360.265   301.873    24.43   32.74
 138737.421   309.624    20.55   43.90
 139114.596   322.251    33.48   49.23
 139491.790   327.650    14.31   44.30
 139869.003   333.859    16.46   41.74
 140246.236   340.798    18.40   38.12
 140623.162   339.866    -2.47   34.57
 140996.657   345.489    15.06   33.44
 141370.171   340.899   -12.29   35.21
 141743.703   339.873    -2.75   36.52
 142117.254   343.525     9.78   35.06
 142490.823   349.003    14.66   36.85
 142864.412   349.696     1.86   42.28
 143238.019   339.467   -27.38   39.81
 143611.644   333.762   -15.27   36.64
 143985.289   331.375    -6.39   31.74
 144358.952   352.935    57.71   38.55
 144732.633   371.068    48.53   40.52
 145106.334   382.707    31.15   47.07
 145480.053   399.753    45.62   49.74
 145853.791   411.358    31.06   48.84
 146227.547   418.385    18.80   49.62
 146601.322   432.859    38.73   44.66
 146975.116   433.663     2.15   46.74
 147348.929   429.859   -10.18   48.14
 147722.760   422.362   -20.06   42.59
 148096.610   402.518   -53.09   47.17
 148470.479   391.293   -30.03   49.54
 148844.367   378.518   -34.17   51.26
 149218.273   365.366   -35.18   52.08
 149592.198   362.007    -8.99   52.86
 149966.142   360.957    -2.81   57.24
 150340.105   363.518     6.85   57.62
 150714.086   348.116   -41.19   56.20
 151088.086   334.896   -35.35   57.67
 151462.105   322.229   -33.87   53.96
 151836.143   314.412   -20.90   45.41
 152210.199   313.873    -1.44   41.79
 152584.275   307.912   -15.94   40.70
 152958.369   302.753   -13.79   57.51
 153332.482   294.118   -23.08   61.95
 153706.613   285.718   -22.46   64.70
 154080.764   293.003    19.47   62.37
 154454.933   300.866    21.02   61.95
 154829.121   342.985   112.57   66.62
 155203.328   370.616    73.85   50.86
 155577.554   377.230    17.68   49.89
 155951.799   372.585   -12.41   48.28
 156326.062   364.138   -22.57   44.94
 156700.344   351.771   -33.05   49.42
 157074.646   328.616   -61.87   53.39
 157448.966   290.651  -101.44   70.77
 157823.304   244.207  -124.09   57.62
 158197.662   212.980   -83.43   44.86
 158572.039   206.525   -17.24   47.48
 158946.434   203.780    -7.33   48.30
 159320.848   218.358    38.94   54.47
 159695.282   225.115    18.05   50.44
 160069.734   226.230     2.98   45.84
 160444.205   222.924    -8.83   42.14
 160818.695   216.594   -16.91   38.85
 161193.203   204.407   -32.55   36.55
 161567.731   196.494   -21.13   33.29
 161942.278   193.054    -9.19   37.59
 162316.843   186.812   -16.67   36.62
 162691.428   179.540   -19.42   35.75
 163066.031   162.525   -45.43   36.33
 163440.653   147.496   -40.13   28.32
 163815.294   140.275   -19.28   17.13
 164189.954   145.770    14.67   20.18
 164564.633   160.253    38.66   21.81
 164939.332   172.780    33.44   20.01
 165314.048   180.362    20.24   20.10
 165688.784   180.389     0.07   23.00
 166063.539   173.366   -18.74   27.79
 166438.313   163.139   -27.29   25.74
 166813.106   155.760   -19.69   25.00
 167187.918   156.525     2.04   23.84
 167562.749   160.208     9.83   20.67
 167937.598   159.562    -1.72   20.65
 168312.467   157.673    -5.04   23.28
 168687.355   154.952    -7.26   26.00
 169062.262   141.389   -36.18   27.83
 169437.187   129.304   -32.24   23.49
 169812.132   124.344   -13.23   22.61
 170187.096   112.487   -31.63   23.08
 170562.079   102.696   -26.12   23.75
 170937.080    92.851   -26.26   17.88
 171312.101    91.278    -4.20   16.84
 171687.141    97.253    15.93   19.32
 172062.200   110.160    34.42   21.09
 172437.278   114.571    11.76   21.29
 172812.375   115.616     2.79   21.69
 173187.491   119.696    10.88   23.65
 173562.626   120.207     1.36   22.67
 173937.780   123.042     7.56   20.46
 174312.953   119.696    -8.92   17.53
 174688.146   115.111   -12.22   21.13
 175063.357   108.344   -18.04   21.75
 175438.588    98.762   -25.54   15.48
 175813.837    96.594    -5.78   11.13
 176189.106    99.251     7.08    9.94
 176564.394   102.798     9.45    9.26
 176939.700   105.141     6.24   12.72
 177315.026   107.446     6.14   11.99
 177690.371   111.571    10.99   14.99
 178065.735   113.340     4.71   19.54
 178441.119   109.337   -10.67   20.90
 178816.521   101.616   -20.57   24.74
 179191.943    87.798   -36.81   24.82
 179567.383    79.098   -23.18   19.57
 179942.843    76.882    -5.90   13.03
 180318.322    83.918    18.74   16.12
 180693.820    93.798    26.32   12.91
 181069.337   100.728    18.46   12.68
 181444.874   104.118     9.03   14.34
 181820.429   107.548     9.14   14.21
 182196.004   107.607     0.16   14.45
 182571.598    99.753   -20.91   21.89
 182947.211    88.473   -30.03   23.37
 183322.843    77.162   -30.12   16.91
 183698.495    72.362   -12.78   10.29
 184074.165    71.798    -1.50    7.97
 184449.855    72.866     2.84    9.89
 184825.564    72.540    -0.87   11.27
 185201.293    71.775    -2.04   10.28
 185577.040    69.775    -5.32   11.61
 185952.807    66.229    -9.44   14.02
 186328.593    61.280   -13.17   13.92
 186704.398    57.315   -10.55    9.74
 187080.222    57.206    -0.29    5.86
 187456.066    59.518     6.15    6.41
 187831.928    63.116     9.58    8.38
 188207.810    64.022     2.41    8.84
 188583.712    65.873     4.93    9.85
 188959.632    68.613     7.29   11.51
 189335.572    67.641    -2.59   11.16
 189711.531    68.207     1.51   11.42
 190087.510    65.594    -6.95    8.77
 190463.507    63.957    -4.35    4.72
 190839.524    64.624     1.77    4.30
 191215.560    67.639     8.02    8.28
 191591.616    72.470    12.85   11.00
 191967.691    75.940     9.23   12.32
 192343.785    80.540    12.23   12.27
 192719.898    82.440     5.05   12.66
 193096.031    87.275    12.86   13.20
 193472.183    87.260    -0.04   12.18
 193848.354    88.662     3.73   12.34
 194224.545    89.045     1.02   11.19
 194600.755    88.207    -2.23    8.78
 194976.984    90.162     5.20    7.73
 195353.233    90.208     0.12    7.20
 195729.501    93.385     8.44   10.14
 196105.788    96.306     7.77   12.12
 196482.095   103.071    17.98   16.78
 196858.421   107.251    11.11   17.60
 197234.766   109.094     4.90   17.86
 197611.131   112.140     8.10   17.59
 197987.515   110.946    -3.17   17.74
 198363.919   108.793    -5.72   17.72
 198740.342   110.068     3.39   19.11
 199116.784   110.251     0.49   18.07
 199493.246   114.496    11.28   19.81
 199869.727   121.119    17.60   20.61
 200246.227   128.162    18.71   22.40
 200622.747   133.821    15.03   21.28
 200999.286   139.119    14.07   21.53
 201375.845   144.435    14.12   21.60
 201752.423   151.957    19.98   24.48
 202129.021   161.718    25.92   26.17
 202505.638   166.162    11.80   22.78
 202882.274   165.207    -2.54   25.28
 203258.930   159.098   -16.22   28.11
 203635.605   145.007   -37.42   34.42
 204012.300   125.696   -51.27   37.14
 204389.014   109.836   -42.11   31.96
 204765.748    96.793   -34.63   14.77
 205142.501    95.719    -2.85   11.64
 205519.274   102.229    17.28   14.91
 205896.066   108.445    16.50   15.26
 206272.878   110.837     6.35   14.56
 206649.709   111.851     2.69   14.03
 207026.559   112.494     1.71   13.35
 207403.429   114.119     4.31   13.54
 207780.319   116.929     7.46   14.20
 208157.228   121.980    13.40   16.26
 208534.156   126.096    10.92   15.63
 208911.104   129.494     9.02   16.19
 209288.072   129.935     1.17   15.64
 209665.059   130.910     2.59   14.39
 210042.066   135.562    12.34   15.33
 210419.092   141.139    14.79   17.37
 210796.138   147.918    17.98   17.13
 211173.203   156.451    22.64   16.60
 211550.288   162.477    15.98   16.77
 211927.392   169.957    19.84   18.52
 212304.516   180.827    28.83   22.30
 212681.660   194.980    37.53   30.68
 213058.823   218.385    62.07   42.26
 213436.005   245.162    71.01   62.28
 213813.208   279.141    90.10   63.32
 214190.430   288.404    24.56   53.17
 214567.671   286.229    -5.77   49.84
 214944.932   273.912   -32.66   49.84
 215322.213   255.554   -48.67   54.60
 215698.828   230.362   -66.90   60.35
 216072.257   203.548   -71.82   53.15
 216445.706   181.445   -59.20   38.00
 216819.174   167.440   -37.51   29.67
 217192.661   159.896   -20.20   22.07
 217566.168   151.844   -21.56   22.89
 217939.693   144.025   -20.93   23.03
 218313.238   141.762    -6.06   25.47
 218686.802   131.025   -28.75   22.73
 219060.385   126.718   -11.53   22.29
 219433.988   131.912    13.91   21.77
 219807.609   138.032    16.38   25.47
 220181.250   142.629    12.30   23.48
