# NaN NaN NaN ;Mean Elev.(m), Avg Gradient(m/km), RMS Gradient(m/km) - SRTM1     
#    2.378   0.727   2.426 ;Mean Elev.(m), Avg Gradient(m/km), RMS Gradient(m/km) - ASTER GDEM
#   10.177   0.676   1.907 ;Mean Elev.(m), Avg Gradient(m/km), RMS Gradient(m/km) - GMTED2010 
  6    14.190 52442.10710830 38.05 116.388422  29.873587 21.859
  6    14.207 52442.10710895 40.12 116.387542  29.870297 21.859
  6    13.916 52442.10710959 33.03 116.386652  29.867017 21.859
  6    13.636 52442.10711024 31.18 116.385762  29.863727 21.859
  6    13.387 52442.10711088 29.36 116.384872  29.860437 21.859
  6    13.441 52442.10711153 25.97 116.383984  29.857152 19.533
  6    16.000 52442.10711217 23.56 116.383104  29.853862 19.533
  6    16.460 52442.10711281 23.02 116.382214  29.850572 19.533
  7    15.985 52477.10710379 28.37 116.393476  29.874476 28.604
  7    16.125 52477.10710443 25.73 116.392586  29.871186 28.604
  7    16.287 52477.10710508 38.39 116.391706  29.867896 28.604
  7    16.191 52477.10710572 24.06 116.390816  29.864616 28.604
  7    16.463 52477.10710637 19.26 116.389926  29.861326 28.604
  7    21.384 52477.10710701 18.91 116.389036  29.858036 28.604
  7    21.464 52477.10710766 23.24 116.388148  29.854750 13.705
  7    17.091 52477.10710830 33.92 116.387258  29.851460 13.705
  8    18.354 52512.10704966 32.19 116.403737  29.872831 26.154
  8    18.070 52512.10705031 28.43 116.402847  29.869541 26.154
  8    17.940 52512.10705095 25.99 116.401967  29.866251 26.154
  8    18.173 52512.10705160 25.70 116.401074  29.862964 17.233
  8    18.636 52512.10705224 25.70 116.400184  29.859674 17.233
  9    13.829 52547.10708270 24.11 116.401075  29.873454 12.424
  9    12.211 52547.10708334 24.62 116.400185  29.870164 12.424
  9    11.948 52547.10708399 24.97 116.399295  29.866884 12.424
  9    11.611 52547.10708463 25.10 116.398405  29.863594 12.424
  9    13.622 52547.10708528 25.36 116.397515  29.860304 12.424
  9    14.241 52547.10708592 25.52 116.396635  29.857024 12.424
 10    14.371 52582.10709489 17.74 116.399963  29.873010 10.705
 10    13.923 52582.10709554 16.68 116.399073  29.869720 10.705
 10    13.172 52582.10709618 17.30 116.398183  29.866430 10.705
 10    14.074 52582.10709683 16.91 116.397293  29.863150 10.705
 10    14.589 52582.10709747 19.79 116.396403  29.859860 10.705
 10    13.949 52582.10709812 23.81 116.395523  29.856570 10.705
 11    14.812 52617.10706671 26.31 116.391937  29.874792 11.347
 11    14.389 52617.10706735 22.66 116.391057  29.871502 11.347
 11    14.872 52617.10706800 19.76 116.390167  29.868222 11.347
 11    14.949 52617.10706864 20.86 116.389277  29.864932 11.347
 11    12.395 52617.10706929 21.30 116.388387  29.861642 11.347
 11    14.831 52617.10706993 19.20 116.387507  29.858352 11.347
 11    19.896 52617.10707058 19.03 116.386617  29.855072 11.347
 11    16.186 52617.10707122 26.71 116.385727  29.851782 11.347
 12    13.413 52652.10704144 22.61 116.407896  29.875177 12.993
 12     8.635 52652.10704209 21.43 116.407006  29.871887 12.993
 12    12.628 52652.10704273 21.15 116.406122  29.868603 13.248
 12    13.153 52652.10704338 20.67 116.405232  29.865313 13.248
 12    13.681 52652.10704402 21.33 116.404342  29.862023 13.248
 13     7.858 52687.10703734 34.12 116.398491  29.873438 11.126
 13     7.917 52687.10703799 28.66 116.397611  29.870148 11.126
 13     7.783 52687.10703863 26.18 116.396721  29.866868 11.126
 13    12.035 52687.10703928 23.35 116.395831  29.863578 11.126
 13    15.042 52687.10703992 23.52 116.394941  29.860288 11.126
 13    15.986 52687.10704057 22.48 116.394061  29.857008 11.126
 14    14.119 52722.10708555 25.32 116.398198  29.873110  7.229
 14    11.096 52722.10708620 23.30 116.397308  29.869820  7.229
 14    10.860 52722.10708684 23.37 116.396428  29.866530  7.229
 14    12.671 52722.10708749 22.80 116.395538  29.863240  7.229
 14    13.405 52722.10708813 22.38 116.394648  29.859960  7.229
 14    15.786 52722.10708878 22.04 116.393758  29.856670  7.229
 15    16.001 52757.10710761 29.28 116.384981  29.876643 15.523
 15    11.943 52757.10710826 23.03 116.384091  29.873363 15.523
 15    14.331 52757.10710890 21.57 116.383201  29.870073 15.523
 15    16.041 52757.10710955 23.67 116.382311  29.866783 15.523
 15    16.385 52757.10711019 27.99 116.381431  29.863493 15.523
 15    16.304 52757.10711084 29.71 116.380541  29.860213 15.523
 15    12.052 52757.10711148 24.91 116.379651  29.856923 15.523
 15    16.243 52757.10711213 18.25 116.378761  29.853633 15.523
 15    16.937 52757.10711277 19.41 116.377881  29.850353 15.523
 15    16.508 52757.10711342 24.84 116.376991  29.847063 15.523
 17    15.641 52827.10712684 25.00 116.405412  29.874143 16.856
 17    15.651 52827.10712748 26.43 116.404522  29.870863 16.856
 17    15.648 52827.10712813 25.18 116.403632  29.867573 16.856
 17    16.085 52827.10712877 24.01 116.402752  29.864283 16.856
 17    16.038 52827.10712942 23.99 116.401862  29.860993 16.856
 17    16.533 52827.10713006 25.99 116.400972  29.857713 16.856
 18    14.926 52862.10717246 19.56 116.406121  29.872715 14.309
 18    14.512 52862.10717310 18.95 116.405231  29.869435 14.309
 18    15.200 52862.10717375 17.38 116.404351  29.866145 14.309
 18    15.144 52862.10717439 20.50 116.403461  29.862855 14.309
 18    14.722 52862.10717504 24.96 116.402571  29.859565 14.309
 19    15.411 52897.10720215 30.34 116.395946  29.875463 22.418
 19    15.444 52897.10720280 34.74 116.395056  29.872183 22.418
 19    15.181 52897.10720344 27.04 116.394166  29.868893 22.418
 19    15.256 52897.10720408 19.53 116.393286  29.865603 22.418
 19    14.907 52897.10720473 19.57 116.392396  29.862313 22.418
 19    13.866 52897.10720537 22.39 116.391506  29.859033 22.418
 19    15.127 52897.10720602 19.22 116.390616  29.855743 22.418
 19    15.316 52897.10720666 20.81 116.389726  29.852453 22.418
 20    14.679 52932.10714915 24.57 116.392358  29.875860 15.620
 20    14.305 52932.10714979 18.71 116.391478  29.872570 15.620
 20    14.544 52932.10715044 17.01 116.390588  29.869290 15.620
 20    15.029 52932.10715108 19.91 116.389698  29.866000 15.620
 20    12.718 52932.10715172 21.40 116.388808  29.862710 15.620
 20    13.368 52932.10715237 18.19 116.387928  29.859430 15.620
 20    14.423 52932.10715301 15.87 116.387038  29.856140 15.620
 20    15.883 52932.10715366 16.60 116.386148  29.852850 15.620
 21     7.658 52967.10715162 25.68 116.403150  29.873601 10.668
 21     7.616 52967.10715226 24.56 116.402262  29.870318 19.444
 21     8.108 52967.10715290 23.08 116.401372  29.867028 19.444
 21    12.470 52967.10715355 21.65 116.400482  29.863738 19.444
 21    15.302 52967.10715419 19.89 116.399592  29.860458 19.444
 21    14.661 52967.10715484 22.43 116.398702  29.857168 19.444
 22     6.815 53002.10717884 25.74 116.390917  29.873212 14.354
 22     9.059 53002.10717949 23.91 116.390027  29.869922 14.354
 22     6.492 53002.10718013 24.36 116.389147  29.866632 14.354
 22     6.594 53002.10718077 24.26 116.388257  29.863352 14.354
 22     6.475 53002.10718142 24.01 116.387367  29.860062 14.354
 22     6.367 53002.10718206 23.03 116.386477  29.856772 14.354
 22    13.251 53002.10718271 22.35 116.385587  29.853482 14.354
 22    13.772 53002.10718335 23.58 116.384707  29.850202 14.354
 23    13.947 53037.10712779 20.10 116.391831  29.873467  8.433
 23    13.222 53037.10712844 17.74 116.390941  29.870177  8.433
 23    11.607 53037.10712908 17.74 116.390051  29.866887  8.433
 23    12.476 53037.10712973 17.00 116.389171  29.863607  8.433
 23    12.961 53037.10713037 17.42 116.388281  29.860317  8.433
 23    20.145 53037.10713101 15.05 116.387391  29.857027  8.433
 23    16.457 53037.10713166 16.39 116.386501  29.853737  8.433
 23    18.595 53037.10713230 16.63 116.385621  29.850457  8.433
 24     7.494 53072.10715193 21.64 116.397169  29.873860 18.866
 24     7.616 53072.10715258 23.52 116.396279  29.870570 18.866
 24    11.691 53072.10715322 17.77 116.395389  29.867290 18.866
 24    12.129 53072.10715387 17.84 116.394499  29.864000 18.866
 24    13.012 53072.10715451 16.97 116.393609  29.860710 18.866
 24    14.903 53072.10715516 17.03 116.392729  29.857430 18.866
 24    15.545 53072.10715580 18.18 116.391839  29.854140 18.866
 25     8.207 53107.10712856 25.73 116.390717  29.873547 10.668
 25     8.704 53107.10712920 23.46 116.389827  29.870257 10.668
 25    11.745 53107.10712985 20.45 116.388937  29.866967 10.668
 25    14.249 53107.10713049 17.64 116.388057  29.863687 10.668
 25    21.666 53107.10713114 17.10 116.387167  29.860397 10.668
 25    16.779 53107.10713178 19.30 116.386277  29.857107 10.668
 25    21.999 53107.10713243 19.32 116.385387  29.853817 10.668
 25    22.217 53107.10713307 19.88 116.384507  29.850537 10.668
 26    15.696 53142.10716004 17.36 116.399975  29.872695 14.248
 26    12.860 53142.10716069 21.31 116.399085  29.869415 14.248
 26    13.009 53142.10716133 19.77 116.398195  29.866125 14.248
 26    14.173 53142.10716198 18.13 116.397305  29.862835 14.248
 26    14.870 53142.10716262 19.72 116.396415  29.859545 14.248
 26    14.991 53142.10716327 22.56 116.395535  29.856265 14.248
 27    15.499 53177.10718571 20.41 116.399801  29.872783 10.770
 27    14.109 53177.10718635 18.51 116.398911  29.869503 10.770
 27    13.918 53177.10718700 19.46 116.398021  29.866213 10.770
 27    13.826 53177.10718764 20.10 116.397131  29.862923 10.770
 27    14.433 53177.10718829 19.59 116.396251  29.859643 10.770
 27    13.894 53177.10718893 24.75 116.395361  29.856353 10.770
 28    15.641 53212.10720526 24.01 116.396490  29.875207 21.240
 28    15.668 53212.10720590 28.51 116.395600  29.871927 21.240
 28    15.922 53212.10720654 31.64 116.394710  29.868637 21.240
 28    15.545 53212.10720719 20.63 116.393830  29.865347 21.240
 28    15.336 53212.10720783 18.66 116.392940  29.862057 21.240
 28    15.202 53212.10720848 21.17 116.392050  29.858777 21.240
 28    15.559 53212.10720912 19.69 116.391160  29.855487 21.240
 29    16.034 53247.10717398 17.60 116.397586  29.873965 21.120
 29    14.417 53247.10717462 16.04 116.396696  29.870675 21.120
 29    14.642 53247.10717527 16.21 116.395816  29.867385 21.120
 29    13.671 53247.10717591 17.03 116.394926  29.864105 21.120
 29    13.702 53247.10717656 18.89 116.394036  29.860815 21.120
 29    13.888 53247.10717720 21.65 116.393146  29.857525 21.120
 29    15.423 53247.10717785 18.88 116.392256  29.854235 21.120
 30    14.972 53282.10716202 16.98 116.398860  29.874549 24.472
 30    13.689 53282.10716266 19.93 116.397970  29.871259 24.472
 30    13.228 53282.10716331 20.52 116.397080  29.867979 24.472
 30    12.980 53282.10716395 23.88 116.396190  29.864689 24.472
 30    13.608 53282.10716460 18.23 116.395300  29.861399 24.472
 30    13.790 53282.10716524 20.95 116.394420  29.858119 24.472
 30    14.811 53282.10716589 19.56 116.393530  29.854829 24.472
 31     8.301 53317.10716795 33.98 116.401856  29.874271 13.460
 31     8.570 53317.10716859 30.16 116.400966  29.870981 13.460
 31     8.596 53317.10716924 27.29 116.400076  29.867701 13.460
 31     8.279 53317.10716988 24.83 116.399186  29.864411 13.460
 31    13.583 53317.10717053 20.66 116.398306  29.861121 13.460
 31    14.210 53317.10717117 20.07 116.397416  29.857831 13.460
 32    14.671 53352.10713379 15.87 116.401114  29.873164 10.703
 32    13.833 53352.10713444 14.74 116.400234  29.869874 10.703
 32    12.673 53352.10713508 15.75 116.399344  29.866594 10.703
 32    13.354 53352.10713573 17.29 116.398454  29.863304 10.703
 32    14.802 53352.10713637 17.32 116.397564  29.860014 10.703
 32    15.096 53352.10713702 19.21 116.396684  29.856734 10.703
 33     6.404 53387.10712393 33.32 116.400862  29.872976 13.057
 33     6.332 53387.10712458 29.30 116.399972  29.869696 13.057
 33     6.221 53387.10712522 25.60 116.399082  29.866406 13.057
 33    11.145 53387.10712587 23.67 116.398192  29.863116 13.057
 33    12.021 53387.10712651 22.45 116.397302  29.859826 13.057
 33    13.639 53387.10712716 21.43 116.396422  29.856546 13.057
 34    10.745 53422.10712543 26.70 116.405721  29.874990 10.751
 34    10.860 53422.10712608 27.70 116.404831  29.871700 10.751
 34    10.937 53422.10712672 24.84 116.403941  29.868410 10.751
 34    11.684 53422.10712737 22.96 116.403061  29.865130 10.751
 34    13.816 53422.10712801 22.22 116.402171  29.861840 10.751
 34    15.574 53422.10712866 21.88 116.401281  29.858550 10.751
 35    14.304 53457.10713077 19.61 116.406538  29.874560 11.183
 35    14.570 53457.10713142 18.55 116.405658  29.871270 11.183
 35    13.767 53457.10713206 17.61 116.404768  29.867980 11.183
 35    13.843 53457.10713271 17.64 116.403878  29.864690 11.183
 35    13.856 53457.10713335 22.27 116.402988  29.861410 11.183
 36     8.930 53492.10721604 29.05 116.392345  29.875353 13.585
 36    14.080 53492.10721668 22.36 116.391455  29.872063 13.585
 36    14.342 53492.10721733 17.65 116.390575  29.868773 13.585
 36    14.094 53492.10721797 16.77 116.389685  29.865483 13.585
 36    14.936 53492.10721862 16.26 116.388795  29.862203 13.585
 36    16.518 53492.10721926 16.80 116.387905  29.858913 13.585
 36    21.864 53492.10721991 16.66 116.387015  29.855623 13.585
 36    16.283 53492.10722055 21.57 116.386135  29.852343 13.585
 37    15.295 53527.10719656 19.36 116.403280  29.873929 14.952
 37    15.017 53527.10719721 19.62 116.402390  29.870639 14.952
 37    15.243 53527.10719785 16.74 116.401500  29.867359 14.952
 37    15.351 53527.10719850 18.55 116.400610  29.864069 14.952
 37    15.310 53527.10719914 18.96 116.399730  29.860779 14.952
 37    13.124 53527.10719978 25.97 116.398840  29.857489 14.952
 38    15.073 53562.10722569 23.72 116.391373  29.876377 15.261
 38    14.444 53562.10722633 25.45 116.390483  29.873097 15.261
 38    14.591 53562.10722697 25.41 116.389593  29.869807 15.261
 38    13.869 53562.10722762 32.57 116.388713  29.866517 15.261
 38    13.784 53562.10722826 28.32 116.387823  29.863227 15.261
 38    14.189 53562.10722891 19.42 116.386933  29.859947 15.261
 38    13.519 53562.10722955 18.56 116.386043  29.856657 15.261
 38    16.550 53562.10723020 21.14 116.385153  29.853367 15.261
 38    16.688 53562.10723084 18.65 116.384273  29.850087 15.261
 39    14.983 53597.10716542 15.27 116.400722  29.873337 14.152
 39    14.226 53597.10716606 15.05 116.399832  29.870047 14.152
 39    13.942 53597.10716670 17.01 116.398942  29.866757 14.152
 39    13.825 53597.10716735 18.51 116.398062  29.863477 14.152
 39    13.903 53597.10716799 20.87 116.397172  29.860187 14.152
 39    13.899 53597.10716864 24.68 116.396282  29.856897 14.152
 40    15.843 53632.10716050 21.25 116.397635  29.872927 22.164
 40    15.621 53632.10716114 21.74 116.396745  29.869637 22.164
 40    15.358 53632.10716179 21.12 116.395855  29.866347 22.164
 40    15.298 53632.10716243 21.31 116.394965  29.863067 22.164
 40    15.031 53632.10716308 21.86 116.394075  29.859777 22.164
 40    16.521 53632.10716372 24.19 116.393185  29.856487 22.164
 41    12.045 53667.10718323 39.15 116.394293  29.873245 18.411
 41    12.017 53667.10718387 35.54 116.393413  29.869955 18.411
 41    12.272 53667.10718452 30.93 116.392523  29.866665 18.411
 41    11.473 53667.10718516 29.33 116.391633  29.863385 18.411
 41    10.307 53667.10718581 30.64 116.390743  29.860095 18.411
 41     9.725 53667.10718645 30.68 116.389853  29.856805 18.411
 41     9.685 53667.10718709 28.78 116.388973  29.853525 18.411
 42    10.846 53702.10713039 23.97 116.401161  29.873435 10.954
 42    11.313 53702.10713104 24.58 116.400281  29.870145 10.954
 42    11.571 53702.10713168 26.12 116.399391  29.866865 10.954
 42    11.816 53702.10713233 22.32 116.398501  29.863575 10.954
 42    13.852 53702.10713297 20.76 116.397611  29.860285 10.954
 42    14.744 53702.10713362 21.01 116.396731  29.856995 10.954
 43     6.353 53737.10704011 23.92 116.399362  29.874751 11.981
 43     6.258 53737.10704075 21.32 116.398472  29.871461 11.981
 43    12.987 53737.10704140 16.45 116.397592  29.868181 11.981
 43    12.934 53737.10704204 17.07 116.396702  29.864891 11.981
 43    14.346 53737.10704269 17.13 116.395812  29.861601 11.981
 43    15.139 53737.10704333 18.63 116.394932  29.858321 11.981
 43    17.403 53737.10704398 18.09 116.394042  29.855031 11.981
 44    15.173 53772.10704870 17.28 116.405568  29.872742 17.244
 44    16.068 53772.10704935 16.91 116.404684  29.869457 13.526
 44    14.800 53772.10704999 18.88 116.403794  29.866167 13.526
 44    16.629 53772.10705064 18.84 116.402904  29.862877 13.526
 44    14.219 53772.10705128 25.45 116.402014  29.859597 13.526
 45    15.067 53807.10703779 22.80 116.399742  29.874528 13.557
 45    10.984 53807.10703843 22.38 116.398852  29.871238 13.557
 45    11.453 53807.10703907 27.83 116.397962  29.867948 13.557
 45    11.507 53807.10703972 24.68 116.397072  29.864658 13.557
 45    14.269 53807.10704036 19.47 116.396192  29.861378 13.557
 45    14.840 53807.10704101 20.07 116.395302  29.858088 13.557
 45    15.906 53807.10704165 20.60 116.394412  29.854798 13.557
 47    16.343 53877.10710595 19.79 116.403075  29.874890 15.191
 47    13.835 53877.10710659 18.53 116.402185  29.871610 15.191
 47    13.323 53877.10710724 19.69 116.401295  29.868320 15.191
 47    13.358 53877.10710788 19.65 116.400415  29.865030 15.191
 47    14.238 53877.10710853 19.45 116.399525  29.861740 15.191
 47    14.714 53877.10710917 21.81 116.398635  29.858460 15.191
 48    14.764 53912.10715701 17.20 116.393353  29.873878 13.118
 48    14.618 53912.10715765 18.30 116.392473  29.870588 13.118
 48    14.516 53912.10715830 27.42 116.391583  29.867298 13.118
 48    14.668 53912.10715894 34.55 116.390693  29.864018 13.118
 48    14.615 53912.10715959 22.62 116.389803  29.860728 13.118
 48    14.551 53912.10716023 16.79 116.388913  29.857438 13.118
 48    15.481 53912.10716088 16.18 116.388033  29.854158 13.118
 48    16.020 53912.10716152 22.34 116.387143  29.850868 13.118
 49    14.135 53947.10717342 28.41 116.388960  29.873649 21.186
 49    14.197 53947.10717406 33.55 116.388070  29.870359 21.186
 49    13.985 53947.10717471 29.20 116.387181  29.867073 12.796
 49    13.770 53947.10717535 22.90 116.386301  29.863783 12.796
 49    13.633 53947.10717599 17.97 116.385411  29.860503 12.796
 49    14.671 53947.10717664 16.38 116.384521  29.857213 12.796
 49    15.967 53947.10717728 16.71 116.383631  29.853923 12.796
 49    16.746 53947.10717793 19.14 116.382751  29.850633 12.796
 50    11.757 53982.10711695 17.91 116.394752  29.872925 18.765
 50    11.882 53982.10711759 28.35 116.393862  29.869635 18.765
 50    12.105 53982.10711824 26.23 116.392972  29.866345 18.765
 50    12.101 53982.10711888 19.99 116.392089  29.863059 17.561
 50    13.030 53982.10711953 18.29 116.391199  29.859769 17.561
 50    14.488 53982.10712017 15.26 116.390309  29.856479 17.561
 50    15.176 53982.10712082 15.39 116.389429  29.853199 17.561
 51     7.299 54017.10714216 22.70 116.403467  29.872236  7.060
 51     7.242 54017.10714280 19.36 116.402578  29.868952 20.852
 51     9.879 54017.10714345 18.01 116.401688  29.865662 20.852
 51    13.255 54017.10714409 19.36 116.400798  29.862372 20.852
 51    13.862 54017.10714474 21.21 116.399908  29.859092 20.852
 52     7.569 54052.10713877 31.43 116.407580  29.874241  8.348
 52     6.613 54052.10713941 32.36 116.406690  29.870951  8.348
 52     6.832 54052.10714006 26.35 116.405800  29.867661  8.348
 52     6.941 54052.10714070 22.88 116.404909  29.864378 19.769
 52    13.176 54052.10714135 24.06 116.404029  29.861088 19.769
 53     6.935 54087.10713118 30.98 116.398197  29.872501 11.434
 53     9.014 54087.10713183 21.43 116.397307  29.869211 11.434
 53    11.693 54087.10713247 18.76 116.396421  29.865926 13.988
 53    11.784 54087.10713312 19.93 116.395531  29.862636 13.988
 53    13.736 54087.10713376 18.69 116.394651  29.859346 13.988
 53    14.688 54087.10713440 19.22 116.393761  29.856066 13.988
 54    13.559 54122.10705512 18.77 116.393454  29.873950 13.825
 54    13.579 54122.10705576 16.84 116.392564  29.870670 13.825
 54    12.745 54122.10705640 17.03 116.391684  29.867380 13.825
 54    20.465 54122.10705705 17.01 116.390794  29.864090 13.825
 54    21.276 54122.10705769 17.07 116.389910  29.860801  8.397
 54    21.663 54122.10705834 16.53 116.389020  29.857511  8.397
 54    22.352 54122.10705898 17.34 116.388130  29.854231  8.397
 54    15.721 54122.10705963 22.10 116.387240  29.850941  8.397
 55    13.158 54157.10709176 25.49 116.398609  29.875027 18.101
 55     7.092 54157.10709240 24.61 116.397719  29.871737 18.101
 55     7.367 54157.10709305 19.14 116.396828  29.868453 12.720
 55    12.168 54157.10709369 18.12 116.395948  29.865163 12.720
 55    13.266 54157.10709434 18.67 116.395058  29.861873 12.720
 55    13.487 54157.10709498 21.83 116.394168  29.858593 12.720
 55    13.940 54157.10709563 21.82 116.393278  29.855303 12.720
 56    13.817 54192.10705421 16.66 116.395085  29.873869 24.130
 56    13.145 54192.10705486 15.38 116.394195  29.870589 24.130
 56    12.666 54192.10705550 13.63 116.393315  29.867299 24.130
 56    13.099 54192.10705615 14.47 116.392425  29.864012  8.560
 56    13.699 54192.10705679 15.85 116.391535  29.860722  8.560
 56    18.133 54192.10705744 15.61 116.390645  29.857432  8.560
 56    20.529 54192.10705808 15.37 116.389765  29.854152  8.560
 57    10.614 54227.10710315 30.07 116.399156  29.873823 12.511
 57    10.397 54227.10710379 26.92 116.398266  29.870533 12.511
 57    10.131 54227.10710444 23.69 116.397373  29.867246 11.156
 57    10.385 54227.10710508 22.91 116.396493  29.863956 11.156
 57     9.960 54227.10710573 23.55 116.395603  29.860676 11.156
 57    12.629 54227.10710637 23.04 116.394713  29.857386 11.156
 58    10.799 54262.10712278 29.79 116.399668  29.872541 15.427
 58    10.746 54262.10712343 20.14 116.398778  29.869251 15.427
 58    11.098 54262.10712407 16.92 116.397897  29.865966 13.186
 58    13.117 54262.10712471 16.09 116.397007  29.862676 13.186
 58    13.353 54262.10712536 18.92 116.396117  29.859386 13.186
 58    13.107 54262.10712600 24.21 116.395227  29.856106 13.186
 59    14.813 54297.10712755 21.70 116.399362  29.874147 14.504
 59    15.040 54297.10712819 24.00 116.398472  29.870864 12.965
 59    14.908 54297.10712884 21.67 116.397592  29.867574 12.965
 59    14.918 54297.10712948 21.58 116.396702  29.864284 12.965
 59    14.747 54297.10713013 21.21 116.395812  29.861004 12.965
 59    14.424 54297.10713077 24.00 116.394922  29.857714 12.965
 60    15.434 54332.10711847 26.18 116.398535  29.871966 17.482
 60    15.293 54332.10711912 22.68 116.397645  29.868676 17.482
 60    15.278 54332.10711976 17.05 116.396760  29.865390 12.597
 60    15.069 54332.10712041 18.26 116.395870  29.862100 12.597
 60    14.464 54332.10712105 21.14 116.394990  29.858820 12.597
 60    13.730 54332.10712169 24.10 116.394100  29.855530 12.597
 61    14.632 54367.10706005 21.00 116.395383  29.872967 15.380
 61    14.931 54367.10706070 20.33 116.394493  29.869687 15.380
 61    14.827 54367.10706134 18.36 116.393613  29.866397 15.380
 61    14.874 54367.10706199 18.85 116.392723  29.863110 14.324
 61    14.520 54367.10706263 19.49 116.391833  29.859820 14.324
 61    14.382 54367.10706328 19.10 116.390943  29.856530 14.324
 61    15.910 54367.10706392 19.27 116.390063  29.853250 14.324
 62    14.287 54402.10706110 18.38 116.399276  29.873106 18.909
 62    12.800 54402.10706174 26.02 116.398386  29.869826 18.909
 62    12.740 54402.10706239 22.14 116.397496  29.866536 18.909
 62    12.637 54402.10706303 22.01 116.396606  29.863246 18.909
 62    13.071 54402.10706367 18.90 116.395719  29.859960 12.176
 62    13.568 54402.10706432 19.49 116.394829  29.856670 12.176
 63     6.797 54437.10701830 29.32 116.395824  29.873420 20.764
 63    12.548 54437.10701895 34.76 116.394934  29.870130 20.764
 63    12.250 54437.10701959 37.60 116.394044  29.866850 20.764
 63    12.192 54437.10702024 25.76 116.393164  29.863560 20.764
 63    12.499 54437.10702088 19.53 116.392272  29.860273 13.623
 63    13.258 54437.10702152 17.09 116.391382  29.856983 13.623
 63    13.748 54437.10702217 18.96 116.390492  29.853693 13.623
 64     5.519 54472.10704586 31.59 116.402872  29.873379 12.093
 64     5.749 54472.10704651 25.19 116.401982  29.870099 12.093
 64     5.935 54472.10704715 23.87 116.401092  29.866809 12.093
 64    11.983 54472.10704780 20.64 116.400202  29.863519 12.093
 64    13.196 54472.10704844 20.34 116.399319  29.860235 17.174
 64    13.412 54472.10704909 23.90 116.398429  29.856945 17.174
 65     6.995 54507.10703020 32.07 116.395922  29.873002 19.194
 65     6.934 54507.10703085 21.40 116.395032  29.869712 19.194
 65    11.525 54507.10703149 24.72 116.394142  29.866422 19.194
 65    11.873 54507.10703214 19.72 116.393262  29.863142 19.194
 65    13.297 54507.10703278 18.00 116.392372  29.859852 19.194
 65    14.046 54507.10703343 18.35 116.391482  29.856562 19.194
 65    14.331 54507.10703407 22.30 116.390592  29.853272 19.194
 66     5.951 54542.10706063 26.58 116.399940  29.872456 15.195
 66     6.191 54542.10706128 23.78 116.399050  29.869171 11.068
 66    11.232 54542.10706192 20.59 116.398170  29.865881 11.068
 66    13.003 54542.10706256 17.64 116.397280  29.862601 11.068
 66    14.475 54542.10706321 19.07 116.396390  29.859311 11.068
 66    12.973 54542.10706385 25.29 116.395500  29.856021 11.068
 67    13.970 54577.10703173 18.22 116.395833  29.873706 15.317
 67    13.635 54577.10703237 15.12 116.394943  29.870416 15.317
 67    12.802 54577.10703302 16.43 116.394063  29.867136 15.317
 67    13.316 54577.10703366 16.65 116.393173  29.863846 15.317
 67    13.877 54577.10703431 18.58 116.392283  29.860556 15.317
 67    20.991 54577.10703495 18.47 116.391393  29.857266 15.317
 67    21.343 54577.10703560 18.38 116.390513  29.853986 15.317
 68     9.507 54612.10705181 27.84 116.399250  29.872235 11.626
 68     9.316 54612.10705245 24.99 116.398360  29.868945 11.626
 68     9.174 54612.10705310 21.76 116.397470  29.865665 11.626
 68    11.707 54612.10705374 20.47 116.396580  29.862375 11.626
 68    12.415 54612.10705439 22.73 116.395690  29.859085 11.626
 68    12.647 54612.10705503 25.24 116.394810  29.855805 11.626
 69    14.326 54647.10705894 28.67 116.398311  29.873180 21.304
 69    14.353 54647.10705959 35.37 116.397421  29.869900 21.304
 69    14.287 54647.10706023 25.70 116.396531  29.866610 21.304
 69    14.209 54647.10706088 19.27 116.395641  29.863320 21.304
 69    14.060 54647.10706152 18.83 116.394751  29.860030 21.304
 69    14.223 54647.10706217 19.11 116.393871  29.856750 21.304
 70    14.413 54682.10705911 39.82 116.398278  29.875106 20.568
 70    14.522 54682.10705975 40.77 116.397398  29.871816 20.568
 70    14.504 54682.10706040 33.55 116.396508  29.868536 20.568
 70    14.356 54682.10706104 28.32 116.395618  29.865246 20.568
 70    14.303 54682.10706169 24.19 116.394728  29.861956 20.568
 70    13.965 54682.10706233 25.49 116.393838  29.858666 20.568
 70    14.365 54682.10706298 24.04 116.392958  29.855386 20.568
 71    16.060 54717.10700801 23.36 116.396367  29.873161 26.445
 71    16.073 54717.10700866 42.31 116.395477  29.869871 26.445
 71    15.949 54717.10700930 24.23 116.394587  29.866581 26.445
 71    15.604 54717.10700994 19.11 116.393707  29.863301 26.445
 71    15.474 54717.10701059 18.01 116.392817  29.860011 26.445
 71    14.942 54717.10701123 19.92 116.391927  29.856721 26.445
 71    15.207 54717.10701188 20.63 116.391037  29.853431 26.445
 72    12.529 54752.10703194 28.62 116.399479  29.872714 13.874
 72    13.139 54752.10703259 35.89 116.398589  29.869434 13.874
 72    13.137 54752.10703323 25.45 116.397699  29.866144 13.874
 72    10.571 54752.10703388 25.52 116.396809  29.862854 13.874
 72    13.149 54752.10703452 25.80 116.395929  29.859574 13.874
 72    13.510 54752.10703516 25.64 116.395039  29.856284 13.874
 73    14.199 54787.10699806 25.36 116.396787  29.874676 31.461
 73    13.897 54787.10699871 36.67 116.395897  29.871386 31.461
 73    13.844 54787.10699935 38.90 116.395017  29.868106 31.461
 73    13.747 54787.10700000 33.19 116.394127  29.864816 31.461
 73    13.638 54787.10700064 22.96 116.393237  29.861526 31.461
 73    13.554 54787.10700129 19.70 116.392347  29.858236 31.461
 73    16.148 54787.10700193 16.95 116.391467  29.854956 31.461
 74    14.322 54822.10702520 21.76 116.401481  29.874674 13.627
 74    13.996 54822.10702584 18.51 116.400591  29.871394 13.627
 74    12.771 54822.10702649 22.85 116.399701  29.868104 13.627
 74    12.820 54822.10702713 20.72 116.398811  29.864814 13.627
 74    13.667 54822.10702778 17.19 116.397921  29.861524 13.627
 74    14.296 54822.10702842 18.62 116.397041  29.858244 13.627
 75     6.095 54857.10699396 32.23 116.398008  29.874891 26.525
 75     6.096 54857.10699460 27.43 116.397128  29.871601 26.525
 75    12.307 54857.10699525 35.44 116.396238  29.868321 26.525
 75    12.267 54857.10699589 26.42 116.395348  29.865031 26.525
 75    12.392 54857.10699654 18.47 116.394458  29.861741 26.525
 75    13.940 54857.10699718 18.29 116.393568  29.858451 26.525
 75    14.701 54857.10699783 17.65 116.392688  29.855171 26.525
 76    15.593 54892.10702888 25.76 116.396766  29.874096 18.666
 76    13.419 54892.10702953 28.16 116.395876  29.870816 18.666
 76    12.390 54892.10703017 39.74 116.394986  29.867526 18.666
 76    12.363 54892.10703082 29.43 116.394096  29.864236 18.666
 76    18.575 54892.10703146 18.72 116.393216  29.860956 18.666
 76    21.893 54892.10703211 19.26 116.392326  29.857666 18.666
 76    17.394 54892.10703275 24.03 116.391436  29.854376 18.666
 77     8.906 54927.10699201 43.32 116.394016  29.874660 16.103
 77     8.671 54927.10699265 29.79 116.393126  29.871370 16.103
 77    12.154 54927.10699330 28.03 116.392246  29.868090 16.103
 77    12.006 54927.10699394 27.06 116.391356  29.864800 16.103
 77     8.670 54927.10699459 25.90 116.390466  29.861510 16.103
 77     8.716 54927.10699523 24.47 116.389576  29.858220 16.103
 77     8.618 54927.10699587 24.03 116.388696  29.854940 16.103
 77    15.923 54927.10699652 22.59 116.387806  29.851650 16.103
 78    14.999 54962.10702695 24.17 116.399284  29.875046 17.613
 78    12.442 54962.10702760 26.31 116.398404  29.871756 17.613
 78    12.258 54962.10702824 23.51 116.397514  29.868466 17.613
 78    12.250 54962.10702889 22.81 116.396624  29.865186 17.613
 78    13.842 54962.10702953 17.52 116.395734  29.861896 17.613
 78    14.378 54962.10703018 17.02 116.394844  29.858606 17.613
 78    14.584 54962.10703082 21.30 116.393964  29.855326 17.613
 79    13.766 54997.10704856 27.51 116.396516  29.874621 26.406
 79    13.476 54997.10704920 33.40 116.395626  29.871331 26.406
 79    13.638 54997.10704985 41.32 116.394736  29.868051 26.406
 79    13.497 54997.10705049 27.18 116.393846  29.864761 26.406
 79    13.402 54997.10705113 18.19 116.392956  29.861471 26.406
 79    13.813 54997.10705178 18.69 116.392076  29.858191 26.406
 79    15.371 54997.10705242 17.98 116.391186  29.854901 26.406
 80    14.320 55032.10703813 23.18 116.397882  29.874098 21.519
 80    14.406 55032.10703878 39.09 116.396992  29.870808 21.519
 80    14.258 55032.10703942 23.80 116.396102  29.867528 21.519
 80    14.248 55032.10704007 24.11 116.395212  29.864238 21.519
 80    14.129 55032.10704071 20.79 116.394322  29.860948 21.519
 80    14.030 55032.10704136 20.10 116.393442  29.857668 21.519
 80    14.890 55032.10704200 19.16 116.392552  29.854378 21.519
 81    15.073 55067.10702710 19.43 116.398118  29.873241 20.568
 81    14.922 55067.10702774 20.55 116.397238  29.869951 20.568
 81    14.964 55067.10702839 22.40 116.396348  29.866661 20.568
 81    14.794 55067.10702903 18.02 116.395458  29.863381 20.568
 81    14.610 55067.10702968 20.16 116.394568  29.860091 20.568
 81    14.333 55067.10703032 20.89 116.393678  29.856801 20.568
 82    14.525 55102.10696716 19.53 116.393989  29.875834 16.030
 82    13.923 55102.10696781 19.35 116.393099  29.872544 16.030
 82    13.151 55102.10696845 28.13 116.392209  29.869254 16.030
 82    13.143 55102.10696910 31.41 116.391329  29.865964 16.030
 82    13.150 55102.10696974 16.47 116.390439  29.862684 16.030
 82    13.640 55102.10697039 14.76 116.389549  29.859394 16.030
 82    14.684 55102.10697103 13.74 116.388659  29.856104 16.030
 82    14.753 55102.10697168 19.79 116.387779  29.852824 16.030
 83    13.934 55137.10697397 17.40 116.399485  29.872413 16.369
 83    12.518 55137.10697461 26.95 116.398595  29.869133 16.369
 83    12.501 55137.10697526 22.88 116.397705  29.865843 16.369
 83    13.060 55137.10697590 17.54 116.396815  29.862553 16.369
 83    14.868 55137.10697655 14.73 116.395935  29.859273 16.369
 83    14.365 55137.10697719 17.98 116.395045  29.855983 16.369
 84     6.762 55172.10693561 24.59 116.396194  29.872208 21.217
 84     6.498 55172.10693625 22.16 116.395314  29.868928 21.217
 84    11.511 55172.10693690 21.20 116.394424  29.865638 21.217
 84    12.433 55172.10693754 17.47 116.393534  29.862348 21.217
 84    13.730 55172.10693819 17.95 116.392644  29.859058 21.217
 84    14.553 55172.10693883 16.41 116.391764  29.855778 21.217
 85    12.879 55207.10696738 24.83 116.400417  29.874545 14.508
 85     8.345 55207.10696802 22.64 116.399527  29.871255 14.508
 85    11.545 55207.10696867 18.63 116.398637  29.867975 14.508
 85    11.659 55207.10696931 18.48 116.397747  29.864685 14.508
 85    13.424 55207.10696996 18.69 116.396857  29.861395 14.508
 85    13.549 55207.10697060 22.72 116.395977  29.858115 14.508
 86    13.456 55242.10694089 21.12 116.394513  29.873089 16.455
 86    11.905 55242.10694154 27.06 116.393633  29.869799 16.455
 86    12.209 55242.10694218 23.18 116.392743  29.866519 16.455
 86    17.751 55242.10694283 16.68 116.391853  29.863229 16.455
 86    20.019 55242.10694347 16.61 116.390963  29.859939 16.455
 86    23.254 55242.10694412 16.96 116.390083  29.856659 16.455
 86    23.395 55242.10694476 18.83 116.389193  29.853369 16.455
 87    15.930 55277.10696109 31.23 116.397733  29.875014 23.916
 87     9.438 55277.10696173 29.82 116.396843  29.871734 23.916
 87    12.481 55277.10696238 37.92 116.395953  29.868444 23.916
 87    12.311 55277.10696302 29.99 116.395063  29.865154 23.916
 87    13.023 55277.10696367 22.91 116.394173  29.861864 23.916
 87    13.381 55277.10696431 23.68 116.393293  29.858584 23.916
 87    14.079 55277.10696496 22.68 116.392403  29.855294 23.916
 88    14.638 55312.10692494 30.51 116.396515  29.874650 22.250
 88    14.708 55312.10692558 40.87 116.395625  29.871360 22.250
 88    14.509 55312.10692623 32.11 116.394735  29.868070 22.250
 88    14.570 55312.10692687 28.01 116.393855  29.864790 22.250
 88    14.459 55312.10692752 23.59 116.392965  29.861500 22.250
 88    14.984 55312.10692816 22.44 116.392075  29.858210 22.250
 88    16.690 55312.10692881 21.20 116.391185  29.854920 22.250
 89    15.887 55347.10693099 29.38 116.399470  29.874754 20.244
 89    15.774 55347.10693164 25.44 116.398580  29.871464 20.244
 89    15.789 55347.10693228 24.51 116.397690  29.868184 20.244
 89    15.190 55347.10693293 28.12 116.396800  29.864894 20.244
 89    15.096 55347.10693357 26.46 116.395910  29.861604 20.244
 89    15.032 55347.10693422 25.83 116.395030  29.858324 20.244
 89    15.544 55347.10693486 25.12 116.394140  29.855034 20.244
 90    17.529 55382.10692272 37.29 116.397498  29.874112 25.054
 90    17.469 55382.10692336 37.99 116.396608  29.870822 25.054
 90    17.453 55382.10692401 33.99 116.395718  29.867542 25.054
 90    17.283 55382.10692465 33.06 116.394828  29.864252 25.054
 90    17.157 55382.10692530 29.66 116.393938  29.860962 25.054
 90    16.892 55382.10692594 26.96 116.393058  29.857682 25.054
 90    17.420 55382.10692659 26.90 116.392168  29.854392 25.054
 91    17.416 55417.10695031 32.11 116.400681  29.872577 19.561
 91    17.402 55417.10695095 31.07 116.399791  29.869297 19.561
 91    17.135 55417.10695160 31.73 116.398901  29.866007 19.561
 91    17.083 55417.10695224 30.02 116.398011  29.862717 19.561
 91    16.882 55417.10695289 28.80 116.397121  29.859427 19.561
 91    17.726 55417.10695353 27.06 116.396241  29.856147 19.561
 92    16.469 55452.10693292 26.45 116.397607  29.873019 18.948
 92    16.010 55452.10693356 25.90 116.396717  29.869729 18.948
 92    16.111 55452.10693421 23.39 116.395837  29.866439 18.948
 92    15.962 55452.10693485 22.45 116.394947  29.863159 18.948
 92    15.540 55452.10693550 23.82 116.394057  29.859869 18.948
 92    15.074 55452.10693614 24.16 116.393167  29.856579 18.948
 93    14.334 55487.10685593 29.13 116.395795  29.872825 19.652
 93    14.207 55487.10685657 32.21 116.394905  29.869535 19.652
 93    16.242 55487.10685722 25.44 116.394025  29.866245 19.652
 93    15.787 55487.10685786 25.14 116.393135  29.862965 19.652
 93    15.799 55487.10685851 19.31 116.392245  29.859675 19.652
 93    16.434 55487.10685915 18.39 116.391355  29.856385 19.652
 93    16.829 55487.10685979 20.53 116.390475  29.853105 19.652
