-299931.746    51.274     0.00   10.19
-299554.756    54.311     8.06   11.30
-299177.750    58.544    11.22   11.87
-298802.521    64.044    14.65   14.77
-298428.742    68.589    12.16   18.37
-298054.946    68.959     0.99   21.09
-297681.135    59.476   -25.36   24.95
-297307.308    47.324   -32.50   25.18
-296933.464    35.218   -32.37   10.14
-296559.605    32.782    -6.52    2.77
-296185.729    35.067     6.11    4.13
-295811.837    38.615     9.49    5.17
-295437.929    42.469    10.30    5.29
-295064.005    45.885     9.13    7.97
-294690.065    47.185     3.48    8.18
-294316.109    46.614    -1.53    8.39
-293942.136    42.358   -11.38    7.76
-293568.148    38.846    -9.39    5.60
-293194.143    37.135    -4.57    4.43
-292820.122    36.469    -1.78    3.03
-292446.085    37.794     3.54    2.89
-292072.031    39.467     4.47    2.79
-291697.962    41.195     4.62    3.39
-291323.876    43.839     7.07    4.28
-290949.775    46.707     7.66    4.81
-290575.657    48.339     4.36    5.24
-290201.522    49.860     4.06    5.43
-289827.372    50.248     1.04    4.93
-289453.205    50.949     1.87    4.29
-289079.023    52.953     5.36    4.65
-288704.824    58.381    14.50    9.42
-288330.609    67.794    25.15   14.92
-287956.377    89.680    58.47   35.65
-287582.130   107.807    48.42   38.06
-287207.866   112.953    13.75   36.08
-286833.586   110.218    -7.30   34.79
-286459.290   100.589   -25.72   28.96
-286084.977    91.660   -23.85   21.71
-285710.649    87.570   -10.93   21.32
-285336.304    77.658   -26.47   24.80
-284961.942    63.056   -38.99   17.65
-284587.565    54.637   -22.48   13.67
-284213.171    47.567   -18.88    8.68
-283838.761    44.497    -8.20    6.69
-283464.335    42.976    -4.06    5.36
-283089.893    44.031     2.82    7.42
-282715.434    43.908    -0.33    8.25
-282340.959    43.925     0.05    7.65
-281966.468    44.930     2.68    8.09
-281591.960    47.877     7.87    8.37
-281217.437    51.080     8.55    7.55
-280842.897    52.635     4.15    6.38
-280468.340    56.519    10.37   15.17
-280093.767    63.067    17.48   19.42
-279719.179    64.614     4.13   21.49
-279344.573    64.404    -0.56   19.52
-278969.952    63.853    -1.47   17.77
-278595.314    60.493    -8.97   11.85
-278220.660    63.271     7.41   17.16
-277845.989    65.394     5.66   21.67
-277471.302    60.068   -14.21   23.92
-277096.599    53.521   -17.47   22.00
-276721.880    44.568   -23.89   11.17
-276347.144    40.451   -10.98    7.60
-275972.392    40.837     1.03    6.41
-275597.623    44.385     9.47    7.06
-275222.839    45.544     3.09    7.36
-274848.037    45.451    -0.25    7.40
-274473.220    44.853    -1.59    8.86
-274098.386    44.211    -1.71   10.84
-273723.536    42.135    -5.54   12.46
-273348.669    38.496    -9.70   11.66
-272973.786    33.381   -13.64    6.92
-272598.887    31.265    -5.64    3.98
-272223.971    31.428     0.43    4.31
-271849.039    32.068     1.71    5.03
-271474.091    33.472     3.75    6.01
-271099.126    34.428     2.55    6.21
-270724.144    35.092     1.77    5.61
-270349.147    36.102     2.69    6.37
-269974.133    38.998     7.72    8.45
-269599.102    42.282     8.75   11.85
-269224.055    43.381     2.93   12.82
-268848.992    43.846     1.24   11.87
-268473.912    43.311    -1.43    9.19
-268098.816    44.496     3.16    7.08
-267723.704    47.288     7.44    6.16
-267348.575    48.869     4.21    5.39
-266973.429    49.962     2.91    4.64
-266598.268    51.428     3.90    4.74
-266223.089    53.211     4.75    4.75
-265847.895    56.135     7.79    4.55
-265472.683    59.988    10.27    5.82
-265097.456    62.949     7.89    6.29
-264722.212    64.180     3.28    6.80
-264346.951    65.637     3.88    6.38
-263971.674    66.092     1.21    6.17
-263596.381    66.687     1.59    5.25
-263221.071    66.311    -1.00    4.80
-262845.744    65.203    -2.95    4.94
-262470.401    65.381     0.47    5.28
-262095.042    66.362     2.61    5.91
-261719.666    67.009     1.72    5.79
-261344.274    65.311    -4.52    7.80
-260968.865    62.428    -7.68    8.38
-260593.439    59.939    -6.63    6.38
-260217.998    59.498    -1.17    5.77
-259842.539    61.203     4.54    5.41
-259467.064    62.962     4.69    5.60
-259091.573    65.044     5.54    5.83
-258716.065    65.925     2.35    5.21
-258340.540    66.877     2.54    4.96
-257964.999    67.451     1.53    6.16
-257589.442    68.021     1.52    6.01
-257213.868    69.869     4.92    7.03
-256838.277    72.939     8.17    6.44
-256462.670    75.776     7.55    6.66
-256087.046    77.172     3.71    5.21
-255711.406    76.590    -1.55    6.00
-255335.749    74.067    -6.72    6.22
-254960.076    69.203   -12.94    8.10
-254584.386    65.115   -10.88    8.44
-254208.679    63.782    -3.55    7.17
-253832.956    64.655     2.32    8.53
-253457.217    66.497     4.90    8.73
-253081.460    68.771     6.05    8.20
-252705.688    69.288     1.38    7.44
-252329.898    69.590     0.80    6.79
-251954.092    71.986     6.37    6.69
-251578.270    76.846    12.93   10.37
-251202.430    83.288    17.14   14.00
-250826.575    91.521    21.90   16.54
-250450.702   102.476    29.14   19.71
-250074.813   110.846    22.26   21.71
-249698.907   114.782    10.47   17.46
-249322.985   116.683     5.06   18.26
-248947.046   116.102    -1.55   20.30
-248571.091   120.939    12.86   28.15
-248195.118   126.335    14.35   33.87
-247819.130   128.800     6.55   34.99
-247443.124   130.258     3.88   36.01
-247067.102   128.149    -5.61   32.92
-246691.063   131.112     7.88   33.28
-246315.008   132.362     3.32   29.48
-245938.936   141.635    24.65   23.94
-245562.847   149.800    21.71   25.28
-245186.741   158.211    22.36   28.10
-244810.619   172.218    37.23   29.93
-244434.481   180.218    21.26   23.97
-244058.325   177.404    -7.48   22.68
-243682.153   167.451   -26.45   21.28
-243305.964   162.218   -13.91   17.56
-242929.759   164.115     5.04   19.87
-242553.536   172.986    23.57   30.49
-242177.297   183.021    26.67   34.10
-241801.042   187.885    12.92   34.64
-241424.769   180.953   -18.42   40.26
-241048.480   159.869   -56.02   46.35
-240672.175   131.195   -76.18   44.86
-240295.852   102.180   -77.08   26.47
-239919.513    89.158   -34.60   12.35
-239543.157    85.893    -8.67    9.89
-239166.784    87.986     5.56   11.26
-238790.395    92.092    10.91   13.31
-238413.989    93.306     3.23   14.42
-238037.566    96.311     7.98   15.92
-237661.126    96.748     1.16   16.06
-237284.670    95.869    -2.33   15.56
-236908.197    93.998    -4.97   14.25
-236531.707    91.730    -6.02   10.21
-236155.200    93.248     4.03    8.72
-235778.676    98.288    13.38   11.57
-235402.136   107.032    23.22   12.83
-235025.579   114.226    19.10   12.78
-234649.005   121.544    19.43   13.16
-234272.415   135.282    36.47   24.70
-233895.807   152.496    45.70   29.78
-233519.183   185.172    86.74   46.05
-233142.542   224.614   104.70   46.89
-232765.884   257.009    85.99   50.78
-232389.210   289.544    86.36   46.55
-232012.518   304.306    39.18   52.63
-231635.810   318.658    38.09   66.64
-231259.085   323.099    11.79   84.73
-230882.343   315.730   -19.56   77.19
-230505.584   317.800     5.49   76.95
-230128.809   322.986    13.76   78.36
-229752.016   326.408     9.08   75.99
-229375.207   329.496     8.20   73.65
-228998.381   314.102   -40.84   55.98
-228621.538   278.187   -95.29   52.16
-228244.678   241.730   -96.72   57.40
-227867.802   199.748  -111.37   62.12
-227490.908   160.617  -103.81   37.43
-227113.998   149.476   -29.55   24.95
-226737.071   178.680    77.47   64.94
-226360.127   223.916   119.98   91.81
-225983.166   279.079   146.31   87.25
-225606.188   303.901    65.83   73.60
-225229.193   311.953    21.35   66.63
-224852.181   328.300    43.35   58.19
-224475.153   330.589     6.07   43.76
-224098.107   334.925    11.50   38.49
-223723.295   350.020    40.27   49.08
-223349.569   379.226    78.13   71.74
-222975.827   425.105   122.73   77.98
-222602.069   467.180   112.55   67.71
-222228.293   504.683   100.32   60.54
-221854.501   525.986    56.98   63.23
-221480.693   562.544    97.78   81.89
-221106.868   601.939   105.36   92.80
-220733.026   663.135   163.66  100.76
-220359.168   693.373    80.87   81.18
-219985.293   718.908    68.28   56.01
-219611.401   720.211     3.48   49.38
-219237.493   682.521  -100.78   77.52
-218863.568   644.930  -100.51   82.40
-218489.626   641.079   -10.30   78.21
-218115.668   685.404   118.51  114.89
-217741.693   789.949   279.50  129.63
-217367.702   887.734   261.42  116.80
-216993.694   965.499   207.88   81.95
-216619.669  1019.590   144.59   75.82
-216245.627  1086.248   178.18   88.43
-215871.569  1157.358   190.07   95.67
-215497.494  1205.568   128.85   85.43
-215123.403  1205.449    -0.32  104.29
-214749.295  1132.637  -194.59  158.83
-214375.170  1017.476  -307.76  167.23
-214001.028   893.089  -332.40  160.59
-213626.870   807.248  -229.38  120.31
-213252.695   756.265  -136.23  112.66
-212878.503   738.862   -46.50  123.24
-212504.295   736.294    -6.86  139.57
-212130.070   674.680  -164.61  134.88
-211755.828   656.823   -47.71  121.90
-211381.569   671.544    39.33  126.85
-211007.294   722.612   136.42  139.75
-210633.002   752.317    79.35  114.22
-210258.693   750.218    -5.60  115.07
-209884.368   702.009  -128.77  125.52
-209510.025   609.218  -247.83  132.52
-209135.666   550.730  -156.21  125.84
-208761.291   518.226   -86.81  100.14
-208386.898   508.800   -25.17  103.75
-208012.489   547.966   104.59  134.83
-207638.063   641.211   248.99  163.95
-207263.620   704.663   169.43  177.72
-206889.161   741.248    97.68  168.50
-206514.684   754.311    34.88  161.85
-206140.191   745.294   -24.07  135.19
-205765.681   719.839   -67.96  129.33
-205391.155   683.358   -97.39  137.06
-205016.611   631.612  -138.13  113.96
-204642.051   578.949  -140.58   97.19
-204267.474   513.311  -175.20  125.54
-203892.880   430.271  -221.64  134.35
-203518.270   351.021  -211.52   88.64
-203143.642   305.079  -122.61   41.50
-202768.998   286.115   -50.61   22.78
-202394.337   289.453     8.91   24.80
-202019.659   300.428    29.29   32.48
-201644.964   317.362    45.19   37.60
-201270.252   344.125    71.41   44.36
-200895.524   367.408    62.12   48.33
-200520.779   399.680    86.10   64.85
-200146.017   461.853   165.87   68.69
-199771.238   505.476   116.37   59.80
-199396.442   510.079    12.28   72.43
-199021.629   476.067   -90.73   97.96
-198646.800   395.056  -216.09  114.17
-198271.953   322.544  -193.41   84.84
-197897.090   274.125  -129.14   38.46
-197522.210   261.617   -33.36   27.79
-197147.313   279.180    46.84   48.49
-196772.399   288.385    24.55   59.87
-196397.468   295.139    18.01   65.89
-196022.520   299.056    10.44   52.69
-195647.556   322.862    63.48   66.11
-195272.574   364.930   112.17   84.11
-194897.576   412.187   126.00   64.33
-194522.561   436.476    64.76   47.93
-194147.529   424.660   -31.50   55.46
-193772.479   413.032   -31.00   56.67
-193397.413   416.180     8.39   54.42
-193022.330   413.830    -6.27   44.61
-192647.231   415.339     4.02   38.81
-192272.114   402.265   -34.85   43.50
-191896.980   372.869   -78.35   42.91
-191521.829   354.020   -50.24   42.31
-191146.662   349.299   -12.58   54.67
-190771.477   375.102    68.76   79.05
-190396.276   408.202    88.21   92.84
-190021.057   421.144    34.48   90.93
-189645.822   419.916    -3.27   92.02
-189270.569   397.520   -59.67   73.10
-188895.300   399.893     6.32   66.74
-188520.013   404.476    12.21   87.46
-188144.710   390.839   -36.33  107.64
-187769.390   370.330   -54.64   98.41
-187394.052   388.680    48.88  108.11
-187018.698   471.544   220.73  147.37
-186643.327   547.139   201.36  129.47
-186267.938   550.453     8.83  121.39
-185892.533   490.330  -160.13  155.97
-185517.111   390.748  -265.21  142.86
-185141.671   298.009  -246.98   83.62
-184766.215   255.800  -112.40   46.68
-184390.742   267.567    31.34   64.87
-184015.251   320.966   142.19  106.62
-183639.744   432.149   296.04  151.10
-183264.220   570.154   367.44  159.93
-182888.678   657.611   232.85  141.97
-182513.120   720.149   166.49  123.30
-182137.544   694.853   -67.34  149.66
-181761.951   647.660  -125.63  144.02
-181386.342   599.248  -128.87  126.94
-181010.715   576.953   -59.35  113.39
-180635.071   539.925   -98.56  110.80
-180259.410   479.567  -160.65  123.93
-179883.732   422.102  -152.94  126.84
-179508.037   348.521  -195.82  106.23
-179132.325   291.589  -151.51   63.78
-178756.596   259.877   -84.39   54.28
-178380.850   251.885   -21.27   73.37
-178005.086   287.660    95.19   96.64
-177629.306   286.521    -3.03  108.54
-177253.508   265.707   -55.38  113.88
-176877.694   224.944  -108.45  101.11
-176501.862   164.998  -159.48   64.58
-176126.013   137.020   -74.43   33.26
-175750.147   138.703     4.48   38.04
-175374.264   143.612    13.06   41.57
-174998.364   147.294     9.79   40.98
-174622.446   141.358   -15.79   39.74
-174246.512   126.068   -40.67   28.52
-173870.560   122.726    -8.89   25.23
-173494.591   130.497    20.67   36.19
-173118.606   138.122    20.28   46.27
-172742.602   143.404    14.05   51.21
-172366.582   136.077   -19.48   52.57
-171990.545   113.614   -59.73   38.68
-171614.490    93.282   -54.06   20.94
-171238.418    86.056   -19.21   12.86
-170862.330    84.203    -4.93   12.97
-170486.224    87.294     8.22   14.96
-170110.100    88.226     2.48   14.88
-169733.960    86.567    -4.41   14.25
-169357.802    84.916    -4.39   14.71
-168981.627    82.125    -7.42   14.70
-168605.435    76.680   -14.47   13.01
-168229.226    73.748    -7.79   11.70
-167853.000    68.248   -14.62    9.10
-167476.756    66.335    -5.09    8.20
-167100.495    65.218    -2.97    7.76
-166724.217    64.218    -2.66    8.96
-166347.922    64.753     1.42    8.78
-165971.609    66.242     3.95    9.39
-165595.279    68.976     7.26    9.83
-165218.932    73.067    10.87    6.98
-164842.568    72.358    -1.88    6.30
-164466.187    70.658    -4.52    6.36
-164089.788    70.248    -1.09    7.39
-163713.372    72.953     7.18    8.69
-163336.939    77.265    11.45    8.46
-162960.488    82.381    13.59    8.99
-162584.020    92.885    27.90   18.78
-162207.535   112.998    53.42   33.49
-161831.033   141.771    76.41   46.08
-161454.514   171.451    78.82   55.38
-161077.977   200.294    76.59   55.18
-160701.422   218.711    48.90   48.58
-160324.851   210.614   -21.50   53.83
-159948.262   183.722   -71.40   53.98
-159571.656   164.683   -50.55   43.44
-159195.033   170.633    15.79   47.98
-158818.392   199.939    77.80   65.12
-158441.734   212.226    32.62   67.48
-158065.059   207.474   -12.61   79.47
-157688.366   180.986   -70.31   79.66
-157311.656   158.998   -58.36   69.13
-156934.929   168.544    25.33   86.35
-156558.184   161.522   -18.64   80.53
-156181.422   154.234   -19.34   66.21
-155804.643   138.271   -42.36   49.23
-155427.847   127.021   -29.85   25.74
-155051.033   126.916    -0.28   24.24
-154674.201   136.544    25.55   33.66
-154297.352   137.877     3.54   38.57
-153920.486   134.413    -9.19   35.60
-153543.603   128.449   -15.82   32.19
-153166.702   119.067   -24.89   21.64
-152789.784   118.615    -1.20   20.16
-152412.848   131.687    34.67   27.79
-152035.895   146.794    40.07   26.39
-151658.925   152.910    16.22   23.60
-151281.937   149.187    -9.87   21.00
-150904.932   145.067   -10.93   21.73
-150527.910   144.227    -2.23   21.22
-150150.870   156.748    33.21   43.10
-149773.812   177.227    54.30   67.05
-149396.737   214.794    99.61   90.32
-149019.645   266.986   138.39  117.30
-148645.257   306.753   106.21  133.04
-148271.588   341.353    92.58  153.31
-147897.903   335.069   -16.82  140.52
-147524.201   335.021    -0.13  116.56
-147150.481   328.294   -18.00   87.39
-146776.745   351.477    62.02   62.54
-146402.991   411.683   161.06   81.05
-146029.220   488.009   204.18  111.49
-145655.432   591.615   277.14  131.72
-145281.627   709.763   316.03  140.14
-144907.805   836.953   340.20  131.75
-144533.965   918.544   218.22   88.01
-144160.109   969.998   137.61   60.28
-143786.235   993.248    62.18   57.89
-143412.344  1018.976    68.80   60.66
-143038.436  1055.734    98.30   77.69
-142664.511  1114.425   156.94  108.52
-142290.569  1161.339   125.44   99.56
-141916.610  1199.369   101.68  100.70
-141542.633  1204.614    14.02  141.55
-141168.639  1186.067   -49.59  170.78
-140794.628  1185.939    -0.34  153.94
-140420.600  1178.056   -21.08  123.97
-140046.555  1158.172   -53.15   95.96
-139672.493  1121.366   -98.38   90.74
-139298.413  1062.306  -157.86  102.89
-138924.316   985.079  -206.41   99.48
-138550.202   884.271  -269.42  118.88
-138176.071   816.428  -181.31  147.96
-137801.922   700.451  -309.94  157.72
-137427.757   613.614  -232.05  144.83
-137053.574   499.677  -304.46  118.81
-136679.373   412.949  -231.74   99.70
-136305.156   334.589  -209.37   89.58
-135930.922   265.056  -185.78   71.70
-135556.670   225.660  -105.25   46.97
-135182.401   215.203   -27.94   41.49
-134808.114   229.544    38.31   51.30
-134433.811   251.588    58.89   48.67
-134059.490   264.020    33.21   50.10
-133685.152   242.135   -58.46   63.59
-133310.797   225.009   -45.74   57.54
-132936.424   223.009    -5.34   48.93
-132562.034   227.635    12.35   45.58
-132187.627   227.211    -1.13   46.35
-131813.203   202.680   -65.51   53.67
-131438.761   163.067  -105.78   39.13
-131064.302   135.590   -73.37   28.36
-130689.826   120.800   -39.49   20.27
-130315.332   109.203   -30.96   16.88
-129940.821   101.976   -19.30   13.34
-129566.293    99.234    -7.32   12.51
-129191.748    94.089   -13.74   12.51
-128817.185    91.011    -8.22   11.86
-128442.605    89.869    -3.05   10.22
-128068.007    84.451   -14.46   10.54
-127693.392    78.893   -14.84   13.11
-127318.760    71.166   -20.62   11.94
-126944.111    72.234     2.85   16.15
-126569.444    81.079    23.60   20.41
-126194.760   104.322    62.03   34.05
-125820.059   154.614   134.20   83.53
-125445.340   247.930   249.00  135.54
-125070.604   345.218   259.59  138.43
-124695.850   453.255   288.26  106.09
-124321.079   528.544   200.87   66.62
-123946.291   554.430    69.06   46.79
-123571.486   541.180   -35.35   62.58
-123196.663   493.381  -127.51   87.70
-122821.822   438.317  -146.89   75.41
-122446.964   414.079   -64.65   51.98
-122072.089   396.658   -46.47   56.97
-121697.197   380.306   -43.61   79.39
-121322.287   323.703  -150.96  103.44
-120947.359   244.823  -210.37   81.95
-120572.415   189.800  -146.73   63.91
-120197.453   148.498  -110.14   44.46
-119822.473   134.639   -36.96   28.82
-119447.476   183.885   131.31  100.90
-119072.462   281.089   259.17  148.69
-118697.430   361.998   215.72  132.36
-118322.381   394.734    87.28  114.31
-117947.314   345.362  -131.62  137.03
-117572.230   257.233  -234.93  128.70
-117197.128   195.178  -165.42  105.53
-116822.009   179.589   -41.55   88.76
-116446.873   163.477   -42.95   79.26
-116071.719   132.428   -82.76   67.38
-115696.547    97.893   -92.04   44.61
-115321.358    78.125   -52.68   21.59
-114946.152    68.544   -25.53   17.25
-114570.928    62.806   -15.29   18.85
-114195.687    56.976   -15.54   19.09
-113820.428    53.158   -10.17   17.98
-113445.152    66.139    34.59   36.00
-113069.858   116.265   133.55   83.41
-112694.547   156.663   107.63   87.49
-112319.218   189.744    88.13   92.67
-111943.872   203.234    35.94  102.75
-111568.508   176.362   -71.58   95.52
-111193.127   159.068   -46.07   79.41
-110817.728   143.614   -41.16   48.90
-110442.312   182.976   104.84   73.73
-110066.878   248.344   174.10   96.61
-109691.426   296.344   127.83   85.94
-109315.957   307.962    30.94   72.08
-108940.471   297.125   -28.86   67.58
-108564.967   293.520    -9.60   58.01
-108189.445   333.885   107.48   83.17
-107813.906   399.044   173.49   88.23
-107438.349   443.069   117.21   67.02
-107062.775   447.172    10.92   70.59
-106687.183   419.908   -72.58   78.42
-106311.574   404.567   -40.84   64.84
-105935.947   392.226   -32.85   61.65
-105560.303   402.276    26.75   64.83
-105184.640   424.271    58.55   61.90
-104808.961   423.782    -1.30   64.49
-104433.263   383.294  -107.76   76.39
-104057.549   328.294  -146.37   63.17
-103681.816   313.227   -40.10   53.18
-103306.066   326.771    36.04   64.00
-102930.298   368.744   111.69   80.16
-102554.513   433.408   172.06   98.53
-102178.710   504.474   189.09   98.18
-101802.889   563.726   157.65   97.87
-101427.051   614.195   134.27   85.72
-101051.195   656.211   111.78   74.64
-100675.322   690.658    91.64   81.66
-100299.431   718.419    73.85   72.19
 -99923.522   721.726     8.80   89.81
 -99547.596   668.637  -141.21  134.89
 -99171.652   581.226  -232.49  146.47
 -98795.690   498.294  -220.57  117.61
 -98419.710   418.903  -211.14  114.47
 -98043.713   351.430  -179.43  101.72
 -97667.699   296.401  -146.34   71.54
 -97291.666   283.855   -33.36   70.71
 -96915.616   301.166    46.03   73.73
 -96539.549   320.823    52.26   61.79
 -96163.463   292.294   -75.85   80.37
 -95787.360   248.965  -115.20   81.82
 -95411.239   220.089   -76.77   74.52
 -95035.101   193.335   -71.12   52.04
 -94658.944   183.067   -27.29   57.27
 -94282.770   170.089   -34.50   67.90
 -93906.579   133.276   -97.85   55.82
 -93530.369   113.567   -52.38   27.07
 -93154.142   115.194     4.32   25.51
 -92777.897   117.976     7.39   22.95
 -92401.635   109.862   -21.56   27.43
 -92025.354    95.939   -37.00   28.72
 -91649.056    76.862   -50.69   14.47
 -91272.741    71.569   -14.06    9.95
 -90896.407    74.385     7.48   10.59
 -90520.056    84.381    26.56   18.60
 -90143.687   103.567    50.97   38.84
 -89767.300   140.726    98.72   67.57
 -89390.895   172.163    83.51   65.55
 -89014.473   181.771    25.52   55.41
 -88638.033   170.619   -29.62   45.97
 -88261.575   146.885   -63.04   44.80
 -87885.099   130.823   -42.66   34.30
 -87508.606   120.521   -27.36   34.33
 -87132.094   105.188   -40.72   34.67
 -86755.565    88.094   -45.40   33.95
 -86379.018    68.408   -52.28   23.52
 -86002.453    50.567   -47.37   13.60
 -85625.871    44.734   -15.49   10.71
 -85249.271    44.658    -0.20   10.85
 -84872.652    48.711    10.76   12.47
 -84496.016    63.877    40.27   20.81
 -84119.363    68.901    13.34   19.70
 -83742.691    68.195    -1.87   19.93
 -83366.001    61.180   -18.62   19.37
 -82989.294    49.966   -29.77   11.21
 -82612.569    43.567   -16.98    8.10
 -82235.826    40.949    -6.95    6.84
 -81859.065    38.498    -6.50    7.17
 -81482.286    36.498    -5.31    7.36
 -81105.490    35.203    -3.44    7.10
 -80728.675    33.158    -5.43    7.11
 -80351.843    31.976    -3.14    6.30
 -79974.992    30.112    -4.94    6.63
 -79598.124    27.544    -6.81    7.42
 -79221.238    24.077    -9.20    7.76
 -78844.334    18.976   -13.53    5.67
 -78467.413    16.699    -6.04    4.03
 -78090.473    15.544    -3.07    2.16
 -77713.515    15.242    -0.80    1.15
 -77336.540    15.998     2.01    2.59
 -76959.546    19.451     9.16    6.97
 -76582.535    24.521    13.45    8.53
 -76205.506    28.794    11.33    7.34
 -75828.458    31.089     6.09    4.93
 -75451.393    29.265    -4.84    5.40
 -75074.310    26.976    -6.07    5.11
 -74697.209    24.544    -6.45    4.61
 -74320.090    22.077    -6.54    5.79
 -73942.953    21.139    -2.49    6.03
 -73568.994    20.089    -2.81    5.96
 -73195.387    20.976     2.37    6.22
 -72821.762    24.271     8.82    5.90
 -72448.119    25.567     3.47    5.82
 -72074.459    25.135    -1.16    6.06
 -71700.781    24.388    -2.00    7.95
 -71327.085    20.496   -10.41    8.19
 -70953.372    18.362    -5.71    6.50
 -70579.641    17.567    -2.13    5.73
 -70205.893    19.567     5.35    6.46
 -69832.127    22.589     8.09    6.10
 -69458.343    25.703     8.33    5.17
 -69084.542    27.455     4.69    5.33
 -68710.723    28.353     2.40    5.67
 -68336.886    29.067     1.91    5.51
 -67963.032    29.794     1.95    5.76
 -67589.160    31.135     3.59    4.76
 -67215.270    31.271     0.36    4.63
 -66841.363    30.408    -2.31    6.06
 -66467.438    28.011    -6.41    6.62
 -66093.495    25.234    -7.42    6.76
 -65719.535    20.908   -11.57    6.35
 -65345.557    17.930    -7.96    6.23
 -64971.561    17.180    -2.01    6.30
 -64597.548    16.908    -0.73    6.53
 -64223.517    17.567     1.76    6.94
 -63849.468    17.522    -0.12    6.71
 -63475.401    19.139     4.32    6.20
 -63101.317    19.839     1.87    6.02
 -62727.215    18.453    -3.71    6.71
 -62353.095    17.567    -2.37    6.42
 -61978.958    15.862    -4.56    6.19
 -61604.802    14.112    -4.68    6.17
 -61230.629    13.122    -2.65    5.75
 -60856.439    10.939    -5.83    5.92
 -60482.230     8.748    -5.85    5.66
 -60108.004     7.935    -2.17    5.64
 -59733.760     8.430     1.32    5.49
 -59359.498    10.112     4.49    5.62
 -58985.219    11.288     3.14    5.13
 -58610.921    10.658    -1.68    5.61
 -58236.606     8.377    -6.09    5.91
 -57862.274     6.294    -5.57    5.64
 -57487.923     3.870    -6.47    5.23
 -57113.554     2.385    -3.97    4.52
 -56739.168     2.158    -0.61    4.47
 -56364.764     1.939    -0.58    4.33
 -55990.342     1.930    -0.02    4.30
 -55615.903     2.163     0.62    4.49
 -55241.445     1.474    -1.84    3.59
 -54866.970     2.457     2.62    4.36
 -54492.477     1.817    -1.71    3.79
 -54117.966     1.299    -1.38    3.31
 -53743.438     0.404    -2.39    2.13
 -53368.891    -0.145    -1.47    1.28
 -52994.327    -0.075     0.19    1.71
 -52619.744    -0.456    -1.02    0.00
 -52245.144    -0.456     0.00    0.00
 -51870.526    -0.456     0.00    0.00
 -51495.891    -0.365     0.24    0.60
 -51121.237    -0.200     0.44    1.22
 -50746.566    -0.101     0.27    1.42
 -50371.876     0.496     1.59    2.26
 -49997.169     0.476    -0.05    2.19
 -49622.444     0.277    -0.53    1.89
 -49247.701    -0.061    -0.90    1.38
 -48872.940    -0.456    -1.05    0.00
 -48498.161    -0.456     0.00    0.00
 -48123.364    -0.456     0.00    0.00
 -47748.550    -0.456     0.00    0.00
 -47373.717    -0.456     0.00    0.00
 -46998.867    -0.313     0.38    0.78
 -46623.999    -0.317    -0.01    0.77
 -46249.113    -0.434    -0.31    0.15
 -45874.208    -0.456    -0.06    0.00
 -45499.286    -0.108     0.93    1.80
 -45124.346     0.453     1.50    2.46
 -44749.388     1.476     2.73    3.32
 -44374.413     3.472     5.32    4.91
 -43999.419     5.962     6.64    6.20
 -43624.407     7.112     3.07    5.91
 -43249.377     7.398     0.76    5.82
 -42874.330     6.500    -2.39    5.31
 -42499.264     5.862    -1.70    4.77
 -42124.180     6.158     0.79    4.49
 -41749.079     7.449     3.44    4.29
 -41373.959     9.474     5.40    4.89
 -40998.822    11.158     4.49    4.87
 -40623.666    12.844     4.49    5.09
 -40248.493    13.699     2.28    5.53
 -39873.301    14.362     1.77    5.52
 -39498.092    14.986     1.66    5.14
 -39122.864    16.067     2.88    5.16
 -38747.619    17.690     4.33    4.93
 -38372.355    18.998     3.49    4.61
 -37997.074    18.472    -1.40    5.86
 -37621.774    16.567    -5.08    6.78
 -37246.456    14.930    -4.36    6.05
 -36871.121    14.381    -1.46    4.88
 -36495.767    15.089     1.89    5.17
 -36120.395    16.349     3.36    5.78
 -35745.006    18.408     5.48    5.61
 -35369.598    19.830     3.79    4.98
 -34994.172    20.248     1.12    4.53
 -34618.728    20.211    -0.10    4.37
 -34243.266    19.776    -1.16    4.82
 -33867.786    18.998    -2.07    5.83
 -33492.288    18.169    -2.21    6.37
 -33116.772    17.112    -2.81    6.09
 -32741.238    16.149    -2.57    5.47
 -32365.686    15.794    -0.94    5.27
 -31990.115    14.953    -2.24    4.81
 -31614.527    13.641    -3.49    4.40
 -31238.920    13.658     0.04    4.22
 -30863.295    14.007     0.93    4.31
 -30487.653    13.998    -0.02    4.86
 -30111.992    13.521    -1.27    5.25
 -29736.313    12.637    -2.35    5.51
 -29360.615    11.455    -3.15    5.72
 -28984.900     9.446    -5.35    5.37
 -28609.167     8.180    -3.37    4.89
 -28233.415     6.944    -3.29    4.42
 -27857.646     6.635    -0.82    4.73
 -27481.858     6.953     0.85    5.04
 -27106.052     6.614    -0.90    5.36
 -26730.228     7.430     2.17    5.71
 -26354.385     7.644     0.57    5.74
 -25978.525     7.908     0.70    5.39
 -25602.646     6.195    -4.56    4.63
 -25226.750     5.248    -2.52    4.48
 -24850.835     3.748    -3.99    3.47
 -24474.902     3.449    -0.80    3.21
 -24098.950     3.567     0.31    3.47
 -23722.981     3.300    -0.71    3.28
 -23346.993     3.589     0.77    4.15
 -22970.987     2.730    -2.29    2.99
 -22594.963     3.226     1.32    3.42
 -22218.921     5.744     6.70    4.96
 -21842.860     8.227     6.60    5.06
 -21466.782     9.877     4.39    4.72
 -21090.685    11.916     5.42    4.15
 -20714.570    13.139     3.25    4.24
 -20338.436    15.317     5.79    4.61
 -19962.285    17.833     6.69    5.64
 -19586.115    19.122     3.43    5.61
 -19209.927    18.663    -1.22    7.00
 -18833.720    15.703    -7.87    6.87
 -18457.496    11.680   -10.69    4.81
 -18081.253     9.408    -6.04    4.71
 -17704.992     7.953    -3.87    5.07
 -17328.713     5.839    -5.62    3.91
 -16952.415     5.522    -0.84    4.26
 -16576.099     5.079    -1.18    3.59
 -16199.765     6.344     3.36    4.39
 -15823.412     9.044     7.17    4.93
 -15447.042    11.011     5.23    5.40
 -15070.653    13.944     7.79    6.08
 -14694.245    17.498     9.44    7.56
 -14317.819    22.544    13.40    8.19
 -13941.376    26.203     9.72    8.94
 -13564.913    25.703    -1.33    9.98
 -13188.433    20.922   -12.70   12.06
 -12811.934    15.158   -15.31   11.45
 -12435.417    11.233   -10.42    6.97
 -12058.881    12.499     3.36   10.02
 -11682.327    21.748    24.56   22.11
 -11305.755    26.055    11.44   22.74
 -10929.164    29.869    10.13   22.72
 -10552.555    27.099    -7.36   23.75
 -10175.928    14.986   -32.16   14.98
  -9799.282     9.862   -13.60    9.61
  -9422.618     6.680    -8.45    5.18
  -9045.936     7.862     3.14    5.29
  -8669.235    11.544     9.77    5.39
  -8292.516    13.739     5.83    5.05
  -7915.779    16.392     7.04    5.28
  -7539.023    19.362     7.88    4.43
  -7162.249    19.476     0.30    4.98
  -6785.456    18.218    -3.34    6.95
  -6408.645    15.068    -8.36    8.15
  -6031.816    10.294   -12.67    6.62
  -5654.968     8.044    -5.97    4.92
  -5278.101     7.998    -0.12    4.31
  -4901.217     9.044     2.77    3.93
  -4524.314     9.614     1.51    3.41
  -4147.392     9.748     0.36    3.02
  -3770.452    10.169     1.12    2.98
  -3393.494    10.294     0.33    3.02
  -3016.517    10.265    -0.08    2.96
  -2639.522    10.703     1.16    2.62
  -2262.508     9.180    -4.04    4.08
  -1885.476     6.446    -7.25    5.30
  -1508.425     3.498    -7.82    4.82
  -1131.356     1.276    -5.90    3.49
   -754.268    -0.342    -4.29    0.44
   -377.162    -0.456    -0.30    0.00
     -0.038    -0.247     0.55    1.47
    377.105     0.885     3.00    2.99
    754.267     3.319     6.45    4.90
   1131.447     5.339     5.36    5.51
   1504.989     7.592     6.03    4.47
   1878.540     9.122     4.10    3.79
   2252.109    10.089     2.59    3.11
   2625.696     9.939    -0.40    2.90
   2999.302     9.908    -0.08    2.48
   3372.926     9.619    -0.77    2.12
   3746.568     9.726     0.29    2.30
   4120.228    10.300     1.54    3.16
   4493.906     9.589    -1.90    3.59
   4867.602     8.908    -1.82    3.55
   5241.316     7.939    -2.59    3.16
   5615.049     8.055     0.31    2.40
   5988.800     7.619    -1.17    2.52
   6362.569     7.612    -0.02    2.35
   6736.356     7.910     0.80    2.44
   7110.161     7.748    -0.43    2.19
   7483.985     7.589    -0.43    2.08
   7857.826     7.428    -0.43    2.40
   8231.686     6.033    -3.73    2.58
   8605.564     4.419    -4.32    3.19
   8979.461     3.248    -3.13    2.90
   9353.375     1.763    -3.97    2.59
   9727.308     1.521    -0.65    2.35
  10101.259     1.726     0.55    2.56
  10475.228     1.265    -1.23    2.67
  10849.216     1.322     0.15    2.84
  11223.221     1.194    -0.34    2.85
  11597.245     2.021     2.21    3.43
  11971.287     3.959     5.18    4.52
  12345.348     5.544     4.24    4.97
  12719.426     6.748     3.22    5.21
  13093.523     8.953     5.89    5.61
  13467.638    12.033     8.23    6.09
  13841.771    14.569     6.78    5.39
  14215.923    15.339     2.06    5.41
  14590.093    14.893    -1.19    5.81
  14964.281    15.544     1.74    5.64
  15338.488    15.771     0.61    5.26
  15712.713    16.612     2.25    4.90
  16086.956    18.718     5.63    4.92
  16461.217    19.641     2.47    4.84
  16835.497    20.788     3.06    4.78
  17209.795    20.339    -1.20    5.58
  17584.111    21.258     2.45    5.47
  17958.445    23.680     6.47    5.67
  18332.798    26.499     7.53    6.39
  18707.170    29.261     7.38    5.92
  19081.559    31.202     5.18    5.67
  19455.967    32.033     2.22    5.64
  19830.393    32.862     2.21    4.91
  20204.838    33.242     1.01    4.62
  20579.301    33.726     1.29    5.15
  20953.782    34.077     0.94    6.04
  21328.282    34.348     0.72    6.65
  21702.800    33.496    -2.27    7.27
  22077.336    33.726     0.61    7.56
  22451.891    34.521     2.12    6.86
  22826.464    35.930     3.76    5.83
  23201.055    36.188     0.69    5.58
  23575.665    36.299     0.30    6.11
  23950.294    36.862     1.50    6.79
  24324.940    36.520    -0.91    7.31
  24699.605    38.277     4.69    8.42
  25074.289    40.703     6.47    8.47
  25448.991    42.430     4.61    8.15
  25823.711    43.998     4.19    6.79
  26198.449    42.339    -4.43    6.62
  26573.207    41.408    -2.49    5.71
  26947.982    39.589    -4.85    4.83
  27322.776    38.233    -3.62    4.60
  27697.588    36.498    -4.63    4.65
  28072.419    34.317    -5.82    5.53
  28447.268    32.930    -3.70    4.95
  28822.136    31.408    -4.06    4.42
  29197.022    31.044    -0.97    3.74
  29571.927    30.908    -0.36    3.63
  29946.850    30.476    -1.15    3.91
  30321.792    31.408     2.49    4.25
  30696.752    32.748     3.58    4.07
  31071.730    34.408     4.42    4.22
  31446.727    34.680     0.73    3.71
  31821.743    34.294    -1.03    3.36
  32196.777    33.476    -2.18    4.07
  32571.829    32.385    -2.91    4.41
  32946.900    32.299    -0.23    3.91
  33321.989    32.497     0.53    3.61
  33697.097    34.226     4.61    3.78
  34072.224    35.089     2.30    3.92
  34447.369    36.077     2.63    3.87
  34822.532    37.112     2.76    3.39
  35197.714    38.226     2.97    3.30
  35572.915    38.703     1.27    2.81
  35948.134    37.972    -1.95    3.06
  36323.372    36.044    -5.14    3.82
  36698.628    32.811    -8.62    4.12
  37073.903    31.011    -4.80    4.11
  37449.196    29.567    -3.85    3.67
  37824.508    28.521    -2.79    4.35
  38199.838    28.899     1.01    4.85
  38575.187    29.449     1.46    4.63
  38950.555    30.653     3.21    4.62
  39325.941    31.839     3.16    3.96
  39701.345    33.089     3.33    3.53
  40076.769    35.102     5.36    3.12
  40452.211    36.353     3.33    3.08
  40827.671    37.317     2.57    3.25
  41203.150    37.837     1.38    3.66
  41578.648    38.748     2.43    3.17
  41954.164    39.317     1.51    3.66
  42329.699    41.339     5.39    3.62
  42705.253    43.498     5.75    4.45
  43080.825    45.300     4.80    5.09
  43456.416    47.158     4.95    4.34
  43832.025    47.353     0.52    4.50
  44207.653    47.055    -0.79    4.62
  44583.300    46.699    -0.95    4.83
  44958.965    46.707     0.02    4.97
  45334.649    47.203     1.32    5.60
  45710.352    46.185    -2.71    6.39
  46086.073    44.953    -3.28    6.54
  46461.813    42.381    -6.85    5.91
  46837.572    41.388    -2.64    4.81
  47213.349    42.744     3.61    7.14
  47589.145    44.032     3.43    7.31
  47964.960    45.839     4.81    7.53
  48340.793    47.519     4.47    6.40
  48716.645    50.362     7.56    8.15
  49092.516    55.089    12.58   10.12
  49468.405    61.021    15.78   10.68
  49844.314    69.588    22.79   16.33
  50220.241    78.282    23.13   16.90
  50596.186    88.567    27.36   20.58
  50972.151    95.690    18.95   20.87
  51348.134    96.635     2.51   21.47
  51724.135    99.744     8.27   25.38
  52100.156    99.521    -0.59   33.23
  52476.195    94.261   -13.99   35.57
  52852.253    92.115    -5.71   30.78
  53228.330    97.188    13.49   27.14
  53604.426   108.358    29.70   26.76
  53980.540   120.079    31.16   29.10
  54356.673   133.899    36.75   38.48
  54732.825   148.944    40.00   46.00
  55108.995   154.131    13.79   50.50
  55485.185   158.258    10.97   46.34
  55861.393   167.180    23.72   49.70
  56237.620   183.362    43.01   57.23
  56613.866   196.180    34.07   55.25
  56990.130   209.966    36.64   50.95
  57366.414   202.112   -20.87   65.60
  57742.716   182.408   -52.37   63.92
  58119.037   166.339   -42.70   48.27
  58495.376   152.699   -36.25   36.57
  58871.735   140.589   -32.18   36.05
  59248.113   141.699     2.95   39.28
  59624.509   148.089    16.98   45.25
  60000.924   170.658    59.96   51.95
  60377.358   224.180   142.19   64.67
  60753.811   258.839    92.07   54.75
  61130.282   285.009    69.52   69.95
  61506.773   306.112    56.06   93.38
  61883.282   343.068    98.16  121.31
  62259.810   368.953    68.75  120.03
  62636.357   414.805   121.78  109.19
  63012.923   449.277    91.55   93.73
  63389.508   476.339    71.87   84.22
  63766.112   474.282    -5.46   89.05
  64142.735   439.233   -93.07  103.84
  64519.376   417.877   -56.70  107.88
  64896.037   416.699    -3.13  107.10
  65272.716   431.612    39.59  109.49
  65649.414   472.833   109.43  114.11
  66026.131   538.476   174.26  131.60
  66402.867   597.794   157.46  133.47
  66779.622   630.433    86.64  110.32
  67156.396   637.660    19.18   97.10
  67533.189   593.953  -116.01   94.67
  67910.001   522.044  -190.85  112.56
  68286.831   441.276  -214.35  101.51
  68663.681   376.817  -171.06   91.59
  69040.550   312.544  -170.55   78.92
  69417.437   258.677  -142.93   71.37
  69794.344   225.362   -88.40   55.41
  70171.269   220.381   -13.22   69.03
  70548.214   247.233    71.24   81.59
  70925.177   276.594    77.89   78.60
  71302.159   282.180    14.82   61.02
  71679.161   290.194    21.26   46.63
  72056.181   289.899    -0.78   40.88
  72433.220   267.430   -59.60   49.49
  72810.279   246.853   -54.58   56.48
  73187.356   225.892   -55.59   57.05
  73564.453   209.020   -44.74   52.50
  73941.568   205.255    -9.98   44.34
  74318.702   197.188   -21.39   35.80
  74695.856   192.033   -13.67   34.28
  75073.028   181.788   -27.16   36.03
  75450.220   168.068   -36.38   36.62
  75827.430   155.611   -33.03   38.23
  76204.305   152.381    -8.57   40.92
  76577.776   153.899     4.07   47.34
  76951.265   152.855    -2.80   56.33
  77324.773   156.044     8.54   60.44
  77698.300   153.203    -7.61   61.94
  78071.845   162.771    25.62   71.15
  78445.409   153.522   -24.76   62.02
  78818.992   144.335   -24.59   58.42
  79192.593   130.544   -36.92   41.09
  79566.213   115.226   -41.00   32.79
  79939.852   100.479   -39.47   20.30
  80313.510    96.188   -11.48   14.98
  80687.186    96.294     0.28   15.43
  81060.881   106.766    28.03   23.05
  81434.594   117.089    27.63   27.03
  81808.326   125.788    23.28   26.43
  82182.077   134.226    22.58   27.63
  82555.847   139.635    14.47   25.05
  82929.635   142.930     8.82   23.46
  83303.443   146.771    10.28   28.67
  83677.268   133.135   -36.48   34.16
  84051.113   114.839   -48.94   38.23
  84424.976    95.089   -52.83   31.48
  84798.858    82.611   -33.38   19.69
  85172.759    81.680    -2.49   16.65
  85546.679    90.589    23.83   21.51
  85920.617   109.089    49.48   23.71
  86294.574   109.411     0.86   24.30
  86668.550   101.833   -20.26   29.29
  87042.545    90.430   -30.49   30.58
  87416.558    72.055   -49.13   17.53
  87790.591    67.317   -12.67   14.30
  88164.642    66.283    -2.76   14.00
  88538.711    69.271     7.99   15.12
  88912.800    74.455    13.86   14.49
  89286.907    78.348    10.41   13.74
  89661.033    80.566     5.93   10.65
  90035.178    80.433    -0.36   12.35
  90409.342    78.893    -4.12   13.20
  90783.525    79.500     1.62   14.68
  91157.726    86.521    18.76   17.93
  91531.947    95.089    22.90   21.63
  91906.186   107.957    34.39   27.11
  92280.444   121.680    36.67   30.92
  92654.721   138.612    45.24   35.80
  93029.016   146.102    20.01   34.27
  93403.331   141.899   -11.23   37.42
  93777.664   128.020   -37.08   43.78
  94152.017   104.677   -62.36   40.05
  94526.388    86.766   -47.85   34.44
  94900.778    73.833   -34.55   22.82
  95275.186    82.839    24.06   28.03
  95649.614    96.734    37.11   34.54
  96024.061   107.699    29.29   36.71
  96398.526   110.615     7.79   37.96
  96773.011    92.033   -49.63   43.20
  97147.514    72.135   -53.14   36.08
  97522.036    59.811   -32.91   28.05
  97896.578    48.021   -31.48   12.70
  98271.138    46.934    -2.90   10.82
  98645.717    52.862    15.83   16.20
  99020.314    60.544    20.51   24.88
  99394.931    72.988    33.22   33.31
  99769.567    80.794    20.84   33.60
 100144.222    84.998    11.22   30.46
 100518.895    79.248   -15.35   24.46
 100893.588    86.617    19.67   24.10
 101268.300    96.771    27.10   25.14
 101643.030   103.861    18.92   23.02
 102017.780   114.766    29.10   18.59
 102392.548   120.794    16.09   13.49
 102767.335   118.930    -4.97   15.21
 103142.142   122.899    10.59   21.83
 103516.967   129.959    18.83   23.95
 103891.812   129.885    -0.20   26.90
 104266.675   126.837    -8.13   28.02
 104641.557   118.633   -21.89   24.78
 105016.459   110.589   -21.46   23.13
 105391.379   107.294    -8.79   23.34
 105766.318    98.922   -22.33   17.84
 106141.277    92.719   -16.54   12.76
 106516.254    89.521    -8.53   15.31
 106891.251    86.495    -8.07   16.74
 107266.266    84.135    -6.29   14.13
 107641.301    80.862    -8.73   13.16
 108016.354    83.089     5.94   14.61
 108391.427    86.055     7.91   13.32
 108766.518    89.969    10.44   12.11
 109141.629    97.885    21.10   18.39
 109516.759   116.823    50.49   41.42
 109891.908   145.353    76.06   58.93
 110267.075   197.166   138.12   78.28
 110642.262   252.833   148.39   85.79
 111017.468   292.805   106.54   74.33
 111392.694   288.568   -11.29   83.66
 111767.938   246.699  -111.59  101.76
 112143.201   170.362  -203.44   92.83
 112518.483   129.430  -109.08   62.34
 112893.785   104.522   -66.38   29.80
 113269.106   101.587    -7.82   23.18
 113644.445   114.413    34.18   29.21
 114019.804   134.748    54.18   35.09
 114395.182   163.811    77.43   40.57
 114770.579   171.771    21.21   34.89
 115145.995   165.567   -16.53   39.90
 115521.431   153.385   -32.45   42.15
 115896.885   134.339   -50.73   29.40
 116272.359   134.566     0.60   27.07
 116647.852   130.899    -9.77   28.57
 117023.363   118.726   -32.42   32.08
 117398.895   105.833   -34.34   23.17
 117774.445    96.362   -25.22   15.84
 118150.014    99.855     9.30   23.58
 118525.603   106.476    17.63   33.23
 118901.211   112.344    15.62   35.51
 119276.838   115.305     7.88   33.66
 119652.484   105.680   -25.62   24.93
 120028.149    97.255   -22.43   17.02
 120403.834    92.925   -11.53   12.19
 120779.537    90.718    -5.88   11.54
 121155.260    93.823     8.27   11.37
 121531.003    93.011    -2.16   14.84
 121906.764    95.855     7.57   16.87
 122282.545    98.899     8.10   18.91
 122658.344   101.433     6.74   23.70
 123034.164    98.568    -7.62   20.19
 123410.002   109.653    29.50   34.25
 123785.859   120.748    29.52   42.13
 124161.736   124.408     9.74   42.63
 124537.632   123.388    -2.71   44.42
 124913.548   111.362   -32.00   31.78
 125289.482   111.771     1.09   30.25
 125665.436   114.769     7.97   37.65
 126041.409   132.188    46.34   53.30
 126417.402   148.358    43.01   54.23
 126793.413   151.077     7.23   53.76
 127169.444   148.317    -7.34   49.31
 127545.494   140.425   -20.99   34.07
 127921.564   147.339    18.39   32.54
 128297.653   166.568    51.13   45.46
 128673.761   205.055   102.34   75.15
 129049.889   260.726   148.03  104.95
 129426.035   295.317    91.97  107.90
 129802.201   323.388    74.63   85.49
 130178.387   305.690   -47.05   77.82
 130554.592   270.248   -94.22   70.03
 130930.816   219.234  -135.61   55.57
 131307.059   191.707   -73.17   38.46
 131683.322   167.611   -64.05   25.01
 132059.604   155.966   -30.95   15.92
 132435.906   153.566    -6.38   14.24
 132812.226   157.398    10.18   21.54
 133188.567   161.144     9.96   24.34
 133564.926   166.158    13.32   29.77
 133941.305   171.589    14.43   37.55
 134317.704   172.833     3.30   38.18
 134694.121   168.908   -10.43   38.98
 135070.558   156.370   -33.31   36.11
 135447.015   139.726   -44.22   22.69
 135823.491   130.033   -25.75    9.45
 136199.986   127.385    -7.03    8.45
 136576.501   126.430    -2.54    7.95
 136953.035   129.158     7.24    9.74
 137329.588   134.612    14.49   13.47
 137706.161   151.522    44.91   29.51
 138082.754   180.044    75.75   41.54
 138459.366   204.544    65.06   42.36
 138835.997   219.966    40.95   34.82
 139212.648   215.567   -11.68   41.65
 139589.318   194.913   -54.84   41.28
 139966.008   191.718    -8.48   44.75
 140342.717   204.411    33.70   64.01
 140719.445   233.265    76.60   79.56
 141096.193   259.335    69.21   74.53
 141472.961   265.544    16.48   65.89
 141849.748   266.544     2.65   57.48
 142226.554   249.500   -45.24   53.68
 142603.380   222.567   -71.48   51.51
 142980.225   197.476   -66.59   51.95
 143357.090   161.089   -96.56   43.65
 143733.975   144.139   -44.98   37.43
 144110.879   134.453   -25.70   31.03
 144487.802   128.972   -14.54   15.24
 144864.745   136.522    20.03   14.37
 145241.708   136.966     1.18   12.88
 145618.690   131.660   -14.08   13.35
 145995.691   131.135    -1.39   11.46
 146372.712   130.994    -0.37   12.63
 146749.753   129.317    -4.45   13.02
 147126.813   124.521   -12.72   14.76
 147503.893   118.521   -15.91   13.36
 147880.992   112.913   -14.87   11.95
 148258.111   109.282    -9.63    9.91
 148635.249   104.744   -12.03   10.70
 149012.407   101.806    -7.79    9.19
 149389.585    99.953    -4.91    8.02
 149766.782   100.055     0.27    7.79
 150143.999   100.913     2.28    8.57
 150521.235   104.966    10.74    8.94
 150898.491   109.358    11.64   11.46
 151275.058   115.588    16.55   14.03
 151648.467   119.009     9.16   14.83
 152021.895   121.248     6.00   17.55
 152395.341   117.477   -10.10   20.15
 152768.808   111.783   -15.25   21.74
 153142.293   105.411   -17.06   20.45
 153515.797    99.158   -16.74   15.46
 153889.321    96.477    -7.18    9.50
 154262.864    95.976    -1.34   10.56
 154636.426    96.255     0.75   12.49
 155010.008   100.233    10.65   17.72
 155383.608   105.633    14.46   20.89
 155757.228   107.658     5.42   22.41
