-121043.265   268.036     0.00   53.00
-120666.927   298.802    81.76   52.51
-120290.607   335.233    96.82   81.49
-119914.306   353.323    48.08   94.15
-119538.023   383.277    79.62  101.60
-119161.760   404.206    55.63  106.99
-118785.514   473.699   184.72  111.91
-118409.288   551.928   207.95  128.61
-118033.080   620.414   182.06  145.52
-117656.891   715.936   253.95  127.14
-117280.721   771.255   147.07  116.54
-116904.569   800.323    77.28   95.22
-116528.436   810.182    26.22   71.94
-116152.321   797.322   -34.20   72.33
-115776.225   770.696   -70.80   78.85
-115400.148   736.436   -91.11   77.85
-115024.090   706.550   -79.48   77.59
-114648.050   678.095   -75.68   63.94
-114272.028   661.800   -43.34   55.11
-113896.026   648.122   -36.38   52.10
-113520.041   641.323   -18.09   48.15
-113144.076   633.655   -20.40   49.49
-112768.129   611.800   -58.14   61.38
-112392.201   555.323  -150.25   95.09
-112016.291   494.709  -161.26  108.60
-111640.400   432.033  -166.76  118.60
-111264.527   389.482  -113.22  122.06
-110888.674   367.118   -59.51  113.00
-110512.838   362.966   -11.05   96.64
-110137.021   340.182   -60.63   77.59
-109761.223   315.077   -66.81   56.04
-109385.444   280.254   -92.68   52.47
-109009.682   253.188   -72.04   79.13
-108633.940   226.845   -70.12  100.19
-108258.216   205.641   -56.44   91.11
-107882.511   183.433   -59.12   73.75
-107506.824   166.789   -44.31   62.53
-107131.155   185.560    49.97   64.67
-106755.505   223.233   100.30   87.03
-106379.874   263.254   106.56  110.78
-106004.261   315.039   137.88  111.81
-105628.667   345.510    81.13  111.43
-105253.091   368.254    60.57  114.00
-104877.534   404.033    95.28   99.06
-104501.995   435.988    85.10   82.07
-104126.475   478.414   112.99   45.26
-103750.973   498.161    52.59   29.99
-103375.490   511.368    35.18   42.63
-103000.025   519.814    22.50   44.70
-102624.579   519.232    -1.55   48.27
-102249.151   507.444   -31.40   53.48
-101873.742   490.588   -44.90   54.84
-101498.351   473.595   -45.27   43.91
-101122.978   458.277   -40.81   37.83
-100747.624   451.618   -17.74   38.52
-100372.289   445.545   -16.18   37.05
 -99996.972   452.050    17.33   44.22
 -99621.673   454.634     6.89   49.80
 -99246.393   459.299    12.43   52.03
 -98871.131   454.033   -14.04   55.60
 -98495.888   451.231    -7.47   51.96
 -98120.663   427.436   -63.42   43.98
 -97745.456   419.119   -22.17   39.85
 -97370.268   413.959   -13.76   38.66
 -96995.099   413.440    -1.38   49.49
 -96619.947   409.099   -11.57   46.70
 -96244.815   408.877    -0.59   45.86
 -95869.700   412.134     8.68   42.44
 -95494.604   404.664   -19.92   43.64
 -95119.526   394.672   -26.64   34.67
 -94744.467   400.095    14.46   33.33
 -94369.426   427.254    72.42   51.25
 -93994.404   452.344    66.91   60.92
 -93619.399   484.744    86.41   66.81
 -93244.414   505.134    54.38   68.00
 -92869.446   533.414    75.42   71.32
 -92494.497   553.911    54.67   78.62
 -92119.566   590.095    96.52   89.98
 -91744.654   646.232   149.74   85.55
 -91369.760   680.277    90.82   78.05
 -90994.884   694.899    39.01   63.53
 -90620.027   693.634    -3.38   65.98
 -90245.188   676.459   -45.82   61.32
 -89870.367   676.155    -0.81   55.91
 -89495.564   721.618   121.31   78.40
 -89120.780   801.882   214.18   84.72
 -88746.015   863.641   164.81   75.46
 -88371.267   890.868    72.66   49.69
 -87996.538   881.106   -26.05   60.90
 -87621.827   823.936  -152.58   85.93
 -87247.134   744.838  -211.12   81.52
 -86872.460   692.777  -138.96   81.64
 -86497.804   638.845  -143.96   72.83
 -86123.166   588.323  -134.87   80.83
 -85748.547   522.103  -176.78  127.14
 -85373.945   444.301  -207.71  129.71
 -84999.362   354.788  -238.98  128.45
 -84624.798   270.486  -225.08  101.90
 -84250.251   222.753  -127.45   71.43
 -83875.723   203.618   -51.10   49.63
 -83501.213   216.433    34.22   77.50
 -83126.721   238.944    60.12  100.09
 -82752.248   264.587    68.48  108.19
 -82377.793   304.633   106.95  109.05
 -82003.356   336.324    84.64   79.41
 -81628.937   354.928    49.69   57.76
 -81254.536   342.732   -32.58   64.83
 -80880.154   313.899   -77.02   63.39
 -80505.790   300.588   -35.56   64.26
 -80131.444   301.277     1.84   73.14
 -79757.116   297.944    -8.91   74.03
 -79382.807   296.742    -3.21   74.88
 -79008.515   282.141   -39.01   74.42
 -78634.242   267.144   -40.07   70.85
 -78259.987   259.588   -20.19   74.04
 -77885.750   265.323    15.32   76.69
 -77511.532   251.825   -36.07   84.27
 -77137.331   245.722   -16.31   86.64
 -76763.149   221.649   -64.34   86.97
 -76388.985   196.868   -66.24   76.31
 -76014.839   180.141   -44.71   66.82
 -75640.711   174.103   -16.14   59.24
 -75266.601   164.118   -26.69   52.56
 -74892.510   161.444    -7.15   58.51
 -74518.436   148.959   -33.38   46.44
 -74144.381   145.091   -10.34   41.38
 -73770.344   149.436    11.62   45.33
 -73396.325   159.641    27.29   50.19
 -73022.324   170.321    28.56   55.65
 -72648.341   166.754    -9.54   53.20
 -72274.376   169.730     7.96   50.26
 -71900.430   172.141     6.45   50.90
 -71526.501   199.766    73.88   81.15
 -71152.591   258.664   157.53  123.88
 -70778.699   331.095   193.74  135.95
 -70404.824   381.734   135.45  118.48
 -70030.968   424.277   113.80   99.18
 -69657.130   422.563    -4.59  110.05
 -69283.310   430.877    22.24  100.56
 -68909.508   449.789    50.60   87.55
 -68535.724   473.186    62.60   63.89
 -68161.959   477.391    11.25   40.65
 -67788.211   473.495   -10.43   37.21
 -67414.481   463.050   -27.95   40.07
 -67040.770   445.486   -47.00   43.92
 -66667.076   432.722   -34.16   42.83
 -66293.400   420.882   -31.69   40.88
 -65919.743   417.027   -10.32   39.57
 -65546.103   409.891   -19.10   43.69
 -65172.482   402.038   -21.02   49.76
 -64798.878   387.673   -38.45   66.71
 -64425.293   369.486   -48.68   77.78
 -64049.992   352.641   -44.89   88.64
 -63672.797   344.114   -22.61   97.73
 -63295.619   322.232   -58.02  105.12
 -62918.460   285.664   -96.96  107.55
 -62541.320   272.641   -34.53  108.53
 -62164.197   253.027   -52.01   99.06
 -61787.093   270.414    46.11   97.61
 -61410.008   248.368   -58.47   93.37
 -61032.941   235.011   -35.43   83.34
 -60655.892   240.835    15.45   81.68
 -60278.861   258.618    47.17   85.70
 -59901.849   306.877   128.01   92.01
 -59524.855   346.323   104.64   76.37
 -59147.880   381.004    92.01   55.50
 -58770.923   395.021    37.19   42.49
 -58393.984   404.277    24.56   21.64
 -58017.063   406.396     5.62   18.15
 -57640.161   411.573    13.73   18.21
 -57263.277   414.766     8.47   19.63
 -56886.411   421.414    17.64   16.67
 -56509.564   421.141    -0.72   18.78
 -56132.735   414.015   -18.91   30.36
 -55755.924   407.811   -16.47   36.29
 -55379.132   403.325   -11.91   37.25
 -55002.357   400.027    -8.75   38.07
 -54625.601   406.905    18.26   32.95
 -54248.864   403.325    -9.50   37.52
 -53872.144   406.777     9.16   45.18
 -53495.443   412.527    15.26   47.74
 -53118.760   414.544     5.35   44.19
 -52742.096   409.649   -13.00   49.08
 -52365.449   395.573   -37.38   57.57
 -51988.821   367.550   -74.41   73.16
 -51612.211   334.328   -88.22   69.29
 -51235.619   312.800   -57.17   59.64
 -50859.046   303.825   -23.83   51.86
 -50482.491   318.633    39.33   59.03
 -50105.954   342.811    64.21   59.62
 -49729.435   369.021    69.62   51.73
 -49352.934   358.618   -27.63   63.77
 -48976.452   334.356   -64.45   84.59
 -48599.988   283.414  -135.32   96.96
 -48223.542   234.603  -129.67   80.13
 -47847.114   221.811   -33.98   70.98
 -47470.704   210.300   -30.58   62.08
 -47094.313   202.302   -21.25   53.60
 -46717.940   199.595    -7.19   47.52
 -46341.584   192.405   -19.11   43.41
 -45965.247   196.482    10.83   41.52
 -45588.929   222.482    69.09   53.40
 -45212.628   246.324    63.36   55.71
 -44836.346   265.899    52.03   53.91
 -44460.081   275.802    26.32   50.03
 -44083.835   293.300    46.51   54.16
 -43707.607   320.692    72.81   71.92
 -43331.397   344.556    63.44   77.29
 -42955.205   334.573   -26.54   91.05
 -42579.032   307.491   -71.99   98.85
 -42202.876   284.050   -62.32   80.53
 -41826.739   281.087    -7.88   76.00
 -41450.620   304.641    62.63   81.52
 -41074.519   375.800   189.21   80.34
 -40698.435   425.595   132.41   78.84
 -40322.370   492.777   178.65   87.70
 -39946.324   558.420   174.57   83.84
 -39570.295   621.788   168.53   83.09
 -39194.284   676.975   146.77   66.81
 -38818.292   684.368    19.66   57.98
 -38442.317   669.618   -39.23   60.66
 -38066.361   654.877   -39.21   61.08
 -37690.422   672.050    45.68   74.99
 -37314.502   713.228   109.54   90.72
 -36938.600   763.073   132.60   83.87
 -36562.715   787.141    64.03   64.53
 -36186.849   786.414    -1.93   69.58
 -35811.001   755.436   -82.42   73.95
 -35435.171   713.141  -112.54   72.74
 -35059.359   698.300   -39.49   65.61
 -34683.565   694.417   -10.33   65.61
 -34307.789   717.122    60.42   78.23
 -33932.031   746.095    77.11   81.18
 -33556.291   755.777    25.77   80.88
 -33180.569   713.254  -113.18   84.17
 -32804.865   644.709  -182.45   98.08
 -32429.179   581.618  -167.94   85.13
 -32053.511   555.184   -70.37   58.80
 -31677.861   584.073    76.90   78.83
 -31302.230   640.414   149.99   86.60
 -30926.616   679.544   104.18   65.59
 -30551.020   680.882     3.56   63.59
 -30175.442   661.366   -51.96   78.95
 -29799.882   665.433    10.83   81.96
 -29424.340   683.004    46.79   79.06
 -29048.816   690.766    20.67   72.82
 -28673.309   697.966    19.18   71.81
 -28297.821   674.812   -61.67   81.18
 -27922.351   654.527   -54.03   85.16
 -27546.899   634.855   -52.40   96.64
 -27171.465   611.300   -62.74  117.12
 -26796.048   591.322   -53.22  134.24
 -26420.650   570.114   -56.49  136.97
 -26045.269   540.744   -78.24  136.23
 -25669.907   503.004  -100.54  117.97
 -25294.562   467.141   -95.55   98.30
 -24919.235   409.823  -152.72   88.19
 -24543.926   390.664   -51.05   87.48
 -24168.635   369.118   -57.41   80.67
 -23793.362   339.182   -79.77   80.67
 -23418.107   320.914   -48.68   78.51
 -23042.870   293.618   -72.74   74.14
 -22667.651   272.777   -55.54   70.47
 -22292.449   247.300   -67.90   57.88
 -21917.266   224.504   -60.76   52.00
 -21542.100   205.833   -49.77   54.37
 -21166.952   183.741   -58.89   43.29
 -20791.822   173.414   -27.53   40.05
 -20416.710   168.055   -14.29   42.66
 -20041.616   180.138    32.21   47.54
 -19666.539   186.510    16.99   57.16
 -19291.481   188.905     6.39   58.57
 -18916.440   186.344    -6.83   51.29
 -18541.417   175.658   -28.49   42.70
 -18166.412   166.928   -23.28   32.43
 -17791.425   155.709   -29.92   32.54
 -17416.456   149.184   -17.40   29.90
 -17041.504   152.068     7.69   33.23
 -16666.570   159.634    20.18   34.33
 -16291.654   172.699    34.85   32.31
 -15916.756   172.611    -0.24   40.58
 -15541.876   166.504   -16.29   37.99
 -15167.014   169.754     8.67   34.05
 -14792.169   163.091   -17.78   30.04
 -14417.342   161.709    -3.69   27.44
 -14042.533   167.372    15.11   25.90
 -13667.741   175.436    21.52   25.50
 -13292.968   178.420     7.96   20.15
 -12918.212   178.414    -0.02   16.37
 -12543.474   191.868    35.90   22.87
 -12168.754   198.849    18.63   22.81
 -11794.051   210.459    30.99   20.42
 -11419.367   214.936    11.95   18.62
 -11044.700   209.754   -13.83   21.84
 -10670.050   201.563   -21.86   36.19
 -10295.419   201.510    -0.14   37.66
  -9920.805   208.753    19.34   40.53
  -9546.209   224.594    42.29   26.78
  -9171.631   239.914    40.90   19.02
  -8797.070   249.502    25.60   17.76
  -8422.527   256.877    19.69   17.35
  -8048.002   257.696     2.19   24.58
  -7673.495   252.998   -12.54   30.19
  -7299.005   253.944     2.53   35.03
  -6924.533   248.814   -13.70   36.37
  -6550.079   253.482    12.47   40.01
  -6175.642   258.952    14.61   43.13
  -5801.223   269.744    28.82   43.95
  -5426.822   275.882    16.39   40.40
  -5052.438   261.370   -38.76   35.43
  -4678.073   254.063   -19.52   35.16
  -4303.724   254.877     2.18   29.88
  -3929.394   249.527   -14.29   36.99
  -3555.081   235.102   -38.54   49.26
  -3180.786   197.455  -100.58   57.93
  -2806.508   138.414  -157.75   63.53
  -2432.248   103.393   -93.57   66.68
  -2058.006    79.510   -63.82   56.96
  -1683.781    73.452   -16.19   57.75
  -1309.574    94.868    57.23   76.23
   -935.385    98.952    10.91   88.89
   -561.213    86.722   -32.69   99.17
   -187.059    48.368  -102.51   88.39
    187.077    19.998   -75.83   55.75
    561.196    11.504   -22.70   27.30
    935.297    32.777    56.86   42.36
   1309.381    61.982    78.07   47.65
   1683.447    91.545    79.03   29.00
   2057.495   105.975    38.58   15.27
   2431.526   112.300    16.91   18.36
   2805.540   124.370    32.27   25.89
   3179.535   133.027    23.15   38.20
   3553.513   132.155    -2.33   44.18
   3927.474   128.664    -9.34   51.30
   4301.417   130.375     4.58   51.16
   4675.342   149.812    51.98   58.43
   5049.250   174.050    64.82   52.44
   5423.140   180.975    18.52   49.66
   5797.013   167.186   -36.88   51.45
   6170.868   159.326   -21.02   41.87
   6544.706   168.868    25.52   47.75
   6918.526   187.180    48.98   54.69
   7292.328   218.550    83.92   60.85
   7666.113   253.618    93.82   43.34
   8039.881   269.812    43.33   40.98
   8413.631   273.459     9.76   43.30
   8787.363   273.106    -0.94   45.45
   9161.078   265.164   -21.25   39.79
   9534.775   272.716    20.21   40.87
   9908.455   277.777    13.54   43.80
  10282.117   259.936   -47.75   67.87
  10655.762   230.801   -77.98   77.16
  11031.551   203.618   -72.33   82.14
  11408.700   188.619   -39.77   70.58
  11785.830   149.277  -104.32   83.66
  12162.943   127.753   -57.07   73.15
  12540.039   132.459    12.48   71.27
  12917.116   174.111   110.46   95.24
  13294.176   251.739   205.88  102.80
  13671.217   348.323   256.16  122.71
  14048.241   433.977   227.18  112.11
  14425.248   509.588   200.55   86.03
  14802.236   577.952   181.34   63.73
  15179.206   619.209   109.44   56.38
  15556.159   614.732   -11.88   58.23
  15933.094   599.409   -40.65   71.20
  16310.011   566.777   -86.57   79.53
  16686.911   529.603   -98.63   74.03
  17063.792   525.027   -12.14   71.45
  17440.656   530.899    15.58   70.22
  17817.502   554.058    61.45   66.20
  18194.330   569.845    41.90   52.84
  18571.141   574.534    12.44   51.10
  18947.934   568.777   -15.28   67.48
  19324.709   546.982   -57.85   83.36
  19701.466   557.161    27.02   88.34
  20078.205   572.186    39.88   97.15
  20454.927   608.577    96.60   95.47
  20831.631   641.800    88.19   88.70
  21208.318   682.497   108.04   83.23
  21584.986   720.166   100.00  102.41
  21961.637   756.573    96.66  134.12
  22338.270   798.444   111.17  176.81
  22714.886   866.027   179.45  198.71
  23091.484   908.052   111.59  188.05
  23468.064   957.254   130.65  181.12
  23844.626  1036.556   210.59  156.84
  24221.171  1083.118   123.65  158.38
  24597.698  1159.021   201.58  150.16
  24974.207  1217.777   156.05  140.72
  25350.698  1283.027   173.31  139.25
  25727.172  1335.448   139.24  149.56
  26103.629  1377.396   111.43  154.44
  26480.067  1420.277   113.91  145.37
  26856.488  1434.254    37.13  140.80
  27232.891  1456.655    59.51  134.35
  27609.277  1447.944   -23.14  149.96
  27985.645  1446.277    -4.43  153.17
  28361.995  1427.753   -49.22  173.00
  28738.328  1424.777    -7.91  187.53
  29114.643  1414.323   -27.78  191.87
  29490.940  1438.396    63.97  197.00
  29867.220  1503.566   173.19  178.05
  30243.482  1562.347   156.22  149.56
  30619.727  1619.206   151.12  105.67
  30995.954  1652.952    89.69   75.14
  31372.163  1662.099    24.32   76.54
  31748.355  1673.368    29.95   52.78
  32124.529  1672.420    -2.52   48.39
  32500.685  1678.595    16.42   43.47
  32876.824  1680.141     4.11   37.95
  33252.946  1692.936    34.02   36.24
  33629.049  1688.579   -11.58   30.09
  34005.135  1685.372    -8.53   35.11
  34381.204  1694.186    23.44   42.93
  34757.255  1693.882    -0.81   45.86
  35133.289  1701.655    20.67   46.75
  35509.304  1707.091    14.46   39.22
  35885.303  1702.699   -11.68   36.63
  36261.283  1714.533    31.47   33.41
  36637.247  1715.182     1.73   36.58
  37013.192  1724.868    25.76   36.19
  37389.120  1725.789     2.45   35.18
  37765.031  1717.323   -22.52   38.40
  38140.924  1703.504   -36.76   46.98
  38516.800  1681.732   -57.92   50.48
  38892.658  1660.161   -57.39   45.04
  39268.498  1634.207   -69.05   51.25
  39644.321  1600.164   -90.58   66.16
  40020.127  1562.823   -99.36   84.92
  40395.915  1522.436  -107.47   81.18
  40771.685  1470.664  -137.77   87.46
  41147.438  1425.436  -120.36   76.83
  41523.173  1405.391   -53.35   61.88
  41898.891  1381.673   -63.13   53.92
  42274.592  1358.345   -62.09   71.33
  42650.275  1332.323   -69.27   81.05
  43025.940  1302.777   -78.65   72.91
  43401.589  1292.033   -28.60   78.83
  43777.219  1277.077   -39.81   73.12
  44152.832  1278.370     3.44   71.25
  44528.428  1310.709    86.10  103.51
  44904.006  1367.207   150.42  113.03
  45279.567  1430.504   168.53   85.33
  45655.110  1462.959    86.42   51.87
  46030.636  1454.114   -23.55   61.25
  46406.145  1432.254   -58.21   64.23
  46781.636  1432.050    -0.54   69.43
  47157.109  1432.709     1.76   73.72
  47532.565  1461.812    77.51   76.03
  47908.004  1491.021    77.80   45.29
  48283.425  1483.800   -19.23   51.16
  48658.829  1471.959   -31.54   52.93
  49034.216  1412.504  -158.38  110.26
  49409.585  1358.482  -143.91  138.13
  49784.937  1300.504  -154.45  125.23
  50160.271  1300.634     0.35  124.41
  50535.588  1356.368   148.49  134.55
  50910.887  1420.690   171.38  105.45
  51286.170  1434.527    36.87   87.28
  51661.434  1412.527   -58.62  106.43
  52036.682  1392.277   -53.96  131.39
  52411.912  1391.231    -2.79  135.88
  52787.125  1407.039    42.13  157.27
  53162.320  1419.914    34.31  141.98
  53537.498  1374.366  -121.40  133.99
  53912.658  1335.905  -102.51  128.74
  54287.802  1299.344   -97.45   95.72
  54662.928  1283.021   -43.51   98.38
  55038.036  1279.277    -9.98  133.03
  55413.128  1295.944    44.43  159.15
  55788.201  1262.207   -89.94  172.26
  56163.258  1232.277   -79.80  168.67
  56538.297  1208.391   -63.69  151.71
  56913.319  1202.709   -15.15  148.63
  57288.324  1220.063    46.27  145.71
  57663.311  1240.095    53.42  133.80
  58038.281  1219.812   -54.09  137.79
  58413.234  1170.440  -131.67  145.80
  58788.170  1077.573  -247.68  141.69
  59163.088  1020.186  -153.06  114.50
  59537.989   938.417  -218.10  119.43
  59912.872   825.944  -300.01  161.20
  60287.738   710.595  -307.69  175.10
  60662.588   579.966  -348.47  125.73
  61037.419   514.686  -174.15   96.35
  61412.234   446.277  -182.50  127.44
  61787.031   347.231  -264.25  169.80
  62161.811   247.207  -266.87  144.74
  62536.574   190.563  -151.14  108.34
  62911.319   215.982    67.83  121.93
  63286.047   283.744   180.82  118.38
  63660.758   323.928   107.24  118.64
  64035.452   369.722   122.21  112.88
  64410.129   388.835    51.01  111.64
  64784.788   419.368    81.49  111.99
  65159.430   441.277    58.48  107.47
  65534.055   479.277   101.43  111.60
  65908.663   529.300   133.53  119.84
  66283.253   581.232   138.63  116.67
  66657.826   615.699    92.01  101.62
  67032.382   634.905    51.27   91.62
  67406.921   634.254    -1.74   99.00
  67781.443   636.068     4.84  116.32
  68155.947   645.649    25.58  123.05
  68530.435   700.254   145.80  141.89
  68904.905   735.595    94.37  157.36
  69279.358   801.184   175.15  148.62
  69653.793   885.991   226.48  179.04
  70028.212  1002.573   311.35  185.77
  70402.613  1127.914   334.76  129.21
  70776.998  1201.436   196.37   84.88
  71151.365  1236.868    94.64   63.06
  71525.715  1249.742    34.39   78.08
  71900.047  1250.696     2.55   83.90
  72274.363  1226.706   -64.09   75.82
  72648.662  1214.161   -33.51   50.51
  73022.943  1212.211    -5.21   33.76
  73397.207  1227.254    40.19   34.63
  73771.454  1249.504    59.45   48.39
  74145.684  1272.789    62.22   66.59
  74519.897  1293.027    54.08   82.76
  74894.093  1312.777    52.78   97.16
  75268.272  1311.486    -3.45   91.41
  75642.433  1314.499     8.05   84.96
  76016.578  1337.835    62.37   73.73
  76390.705  1388.323   134.94   78.99
  76764.816  1435.905   127.18   84.88
  77138.909  1494.368   156.27   94.24
  77512.985  1556.254   165.43   75.23
  77887.044  1601.533   121.04   50.11
  78261.086  1612.845    30.24   69.64
  78635.111  1599.936   -34.51   83.22
  79009.119  1606.709    18.11   78.00
  79383.109  1613.533    18.25   66.67
  79757.083  1627.141    36.38   69.70
  80131.040  1659.004    85.20   80.64
  80504.979  1678.936    53.30   75.09
  80878.902  1696.603    47.24   62.36
  81252.807  1705.754    24.47   48.48
  81626.696  1699.141   -17.69   45.55
  82000.567  1682.754   -43.83   51.00
  82374.422  1655.323   -73.37   67.48
  82748.259  1619.073   -96.96   67.85
  83122.079  1592.719   -70.49   57.73
  83495.883  1581.370   -30.36   47.55
  83869.669  1595.027    36.53   56.97
  84243.439  1592.345    -7.17   48.35
  84617.191  1580.914   -30.58   43.56
  84990.926  1571.486   -25.22   38.75
  85364.645  1556.825   -39.23   36.13
  85738.346  1541.231   -41.73   38.34
  86114.613  1528.254   -34.49   44.26
  86491.714  1522.966   -14.02   43.44
  86868.797  1510.021   -34.33   46.63
  87245.863  1497.588   -32.97   58.06
  87622.912  1452.573  -119.38   86.21
  87999.943  1392.114  -160.34  102.29
  88376.958  1336.845  -146.59   89.15
  88753.955  1299.641   -98.68   73.42
  89130.934  1304.527    12.96   69.45
  89507.897  1310.550    15.98   77.27
  89884.842  1320.959    27.61   77.00
  90261.769  1335.573    38.77   54.78
  90638.680  1330.207   -14.23   49.94
  91015.573  1321.504   -23.09   44.36
  91392.449  1304.914   -44.02   47.90
  91769.308  1286.753   -48.18   43.70
  92146.149  1280.161   -17.49   38.22
  92522.974  1284.766    12.22   42.29
  92899.781  1286.626     4.94   36.11
  93276.571  1281.027   -14.86   40.31
  93653.343  1283.905     7.64   45.12
  94030.098  1276.164   -20.55   45.56
  94406.836  1267.766   -22.29   49.28
  94783.557  1258.673   -24.14   47.60
  95160.261  1241.482   -45.63   50.30
  95536.947  1230.975   -27.89   53.32
  95913.617  1220.045   -29.02   62.62
  96290.269  1200.039   -53.11   67.21
  96666.903  1186.859   -34.99   64.63
  97043.521  1174.050   -34.01   64.72
  97420.121  1168.393   -15.02   58.83
  97796.705  1173.527    13.63   64.37
  98173.271  1174.253     1.93   65.10
  98549.820  1180.209    15.81   65.24
  98926.351  1193.161    34.39   59.89
  99302.866  1207.603    38.35   49.39
  99679.363  1214.349    17.92   38.22
 100055.843  1200.719   -36.20   44.62
 100432.306  1177.477   -61.73   54.84
 100808.752  1145.131   -85.92   54.96
 101185.181  1112.556   -86.53   67.12
 101561.593  1094.323   -48.44   74.52
 101937.987  1093.634    -1.83   69.58
 102314.364  1111.835    48.35   70.45
 102690.725  1128.158    43.37   66.02
 103067.068  1155.050    71.45   51.12
 103443.394  1169.063    37.23   41.05
 103819.702  1175.254    16.45   36.49
 104195.994  1167.849   -19.68   39.34
 104572.269  1152.463   -40.89   42.39
 104948.526  1136.936   -41.26   40.40
 105324.766  1119.552   -46.20   45.41
 105700.990  1094.068   -67.73   75.27
 106077.196  1013.914  -213.04  170.55
 106453.385   899.206  -304.89  253.51
 106829.557   714.440  -491.13  270.82
 107205.712   596.350  -313.91  200.78
 107581.850   546.186  -133.35  114.40
 107957.971   607.087   161.90  154.77
 108334.074   734.952   339.94  165.57
 108710.161   865.230   346.37  133.58
 109086.230   959.399   250.38   99.79
 109462.283  1040.436   215.47   91.02
 109838.318  1083.927   115.65   80.12
 110214.337  1125.566   110.73   71.23
 110590.338  1132.928    19.58   67.35
 110966.323  1098.696   -91.04   98.53
 111342.290   982.835  -308.14  168.17
 111718.240   875.021  -286.75  160.83
 112094.173   822.641  -139.32  113.99
 112470.090   839.082    43.73  128.78
 112845.989   936.050   257.94  167.81
 113221.871  1038.027   271.27  167.39
 113597.736  1129.643   243.72  166.33
 113973.584  1204.504   199.16  142.05
 114349.415  1213.702    24.47  137.69
 114725.230  1136.891  -204.37  170.72
 115101.027  1044.812  -245.00  175.12
 115476.807   934.486  -293.56  126.70
 115852.570   842.158  -245.68  101.07
 116228.316   780.380  -164.40   69.11
 116604.046   752.118   -75.21   45.20
 116979.758   742.052   -26.79   45.53
 117355.453   746.161    10.94   63.31
 117731.131   737.463   -23.15   77.98
 118106.793   723.114   -38.19   79.25
 118482.437   740.982    47.56   90.06
 118858.065   788.918   127.60  113.84
 119233.675   864.891   202.24  116.69
 119609.269   950.706   228.45   78.90
 119984.845   994.186   115.76   67.86
 120360.405   996.626     6.50   80.72
 120735.948   982.594   -37.36   86.14
 121111.474   940.232  -112.80   85.76
 121486.983   927.702   -33.36   64.52
 121862.475   919.027   -23.10   69.70
 122237.950   897.603   -57.05   85.77
 122613.408   877.742   -52.89   88.47
 122988.849   870.138   -20.25   89.19
 123364.274   919.816   132.31  117.08
 123739.681  1023.323   275.69  162.91
 124115.072  1119.452   256.05  192.73
 124490.445  1206.905   232.95  205.10
 124865.802  1272.595   174.99  190.22
 125241.142  1325.968   142.18  126.96
 125616.465  1338.436    33.22   75.09
 125991.771  1334.102   -11.55   51.37
 126367.061  1307.232   -71.59   51.34
 126742.333  1283.372   -63.57   64.27
 127117.589  1251.719   -84.34   71.63
 127492.827  1212.420  -104.72   74.20
 127868.049  1168.521  -116.98   72.75
 128243.254  1096.641  -191.55   95.29
 128618.442  1028.327  -182.06  112.33
 128993.614   942.966  -227.50  146.46
 129368.768   843.324  -265.57  156.23
 129743.906   770.626  -193.77  156.90
 130119.027   676.393  -251.18   99.64
 130494.131   627.252  -130.99   73.91
 130869.218   587.504  -105.96   64.88
 131244.289   554.352   -88.38   49.77
 131619.342   543.835   -28.04   46.22
 131994.379   539.459   -11.67   42.69
 132369.399   538.063    -3.72   43.89
 132744.402   533.595   -11.91   40.41
 133119.388   521.228   -32.98   39.38
 133494.358   494.845   -70.35   45.48
 133869.311   477.587   -46.02   39.97
 134244.247   477.370    -0.58   33.61
 134619.166   478.991     4.32   29.79
 134994.069   490.375    30.36   29.99
 135368.954   507.254    45.02   28.49
 135743.823   520.752    36.00   33.46
 136118.675   548.573    74.21   48.01
 136493.511   584.045    94.62   68.35
 136868.330   629.347   120.85   94.03
 137243.132   682.206   141.01  109.23
 137617.917   706.058    63.63  115.00
 137992.685   721.232    40.48  119.69
 138367.437   734.277    34.81  120.66
 138742.172   758.587    64.86  108.73
 139116.890   772.891    38.17   90.45
 139491.592   805.134    86.04   69.29
 139866.276   816.231    29.61   53.39
 140240.945   804.545   -31.18   66.82
 140615.596   764.936  -105.71   91.86
 140990.231   687.106  -207.72  118.79
 141364.849   607.982  -211.19  136.15
 141739.450   538.063  -186.63  103.67
 142114.034   515.753   -59.55   83.36
 142488.602   503.300   -33.24   84.67
 142863.153   493.182   -27.01   76.95
 143237.688   480.391   -34.15   58.08
 143612.206   470.324   -26.88   41.46
 143986.707   463.114   -19.25   18.64
 144361.191   465.706     6.92   14.59
 144735.659   465.603    -0.27   16.82
 145110.110   457.186   -22.47   26.35
 145484.545   450.375   -18.19   30.52
 145858.963   439.414   -29.27   28.42
 146233.364   439.011    -1.08   27.84
 146607.749   444.533    14.75   29.05
 146982.116   449.253    12.61   30.48
 147356.468   458.533    24.79   30.80
 147730.802   471.928    35.78   29.35
 148105.120   476.420    12.00   28.16
 148479.422   475.440    -2.62   26.12
 148853.707   470.459   -13.31   24.23
 149227.975   462.486   -21.30   21.94
 149602.226   459.566    -7.80   16.00
 149976.461   457.417    -5.74   14.19
 150350.680   463.087    15.15   16.74
 150724.881   475.611    33.46   18.34
 151099.066   482.998    19.74   18.13
 151473.235   490.595    20.30   14.96
 151847.387   494.300     9.90   14.22
 152221.522   499.777    14.64   22.45
 152595.641   503.138     8.98   23.44
 152969.743   506.835     9.88   30.59
 153343.829   502.845   -10.66   40.40
 153717.898   500.823    -5.41   39.71
 154091.950   526.324    68.17   68.07
 154465.986   586.345   160.45  101.26
 154840.006   665.482   211.56  100.89
 155214.008   712.393   125.41   74.17
 155587.995   717.184    12.81   63.67
 155961.965   708.882   -22.20   68.69
 156335.918   667.277  -111.24   70.81
 156709.854   636.696   -81.77   78.93
 157083.774   618.277   -49.25   80.68
 157457.678   617.696    -1.55   72.28
 157831.565   641.499    63.66   88.50
 158205.436   697.872   150.76  105.43
 158579.290   750.539   140.86  116.11
 158953.127   797.928   126.75  114.13
 159326.948   838.719   109.10  106.38
 159700.753   838.664    -0.15   91.82
 160074.541   814.742   -63.99   84.63
 160448.312   780.322   -92.08   77.87
 160822.067   751.709   -76.54   68.70
 161198.802   731.325   -54.10   66.66
 161575.858   696.207   -93.12   71.81
 161952.896   663.207   -87.51   80.76
 162329.918   625.184  -100.84   75.71
 162706.923   572.207  -140.50   65.40
 163083.911   537.253   -92.71   68.56
 163460.883   532.825   -11.75   93.66
 163837.837   538.882    16.07  120.99
 164214.775   530.368   -22.58  123.80
 164591.696   531.091     1.92  103.65
 164968.600   530.719    -0.99   84.91
 165345.488   558.323    73.23   90.10
 165722.359   585.719    72.68   74.68
 166099.213   597.027    30.00   72.66
 166476.050   602.905    15.60   69.85
 166852.871   613.209    27.34   60.52
 167229.675   614.138     2.46   57.40
 167606.462   628.991    39.42   54.93
 167983.232   628.114    -2.33   50.81
 168359.986   624.719    -9.01   50.37
 168736.723   624.882     0.43   50.63
 169113.443   612.004   -34.18   41.72
 169490.147   613.618     4.28   37.56
 169866.834   623.789    27.00   36.17
 170243.504   646.649    60.68   48.44
 170620.157   677.800    82.69   69.76
 170996.794   721.603   116.28  104.90
 171373.414   790.345   182.50  149.02
 171750.017   865.325   199.06  160.27
 172126.604   932.515   178.39  157.83
 172503.174   987.952   147.19  126.63
 172879.727  1010.595    60.13  100.61
 173256.264  1013.045     6.50   83.66
 173632.784   991.504   -57.20   86.34
 174009.287   941.504  -132.78   89.32
 174385.774   866.232  -199.90  104.97
 174762.244   810.859  -147.06   98.94
 175138.697   785.141   -68.31   81.94
 175515.134   793.882    23.22   87.24
 175891.554   850.068   149.24  107.92
 176267.957   884.131    90.48  114.89
 176644.344   920.664    97.05  124.18
 177020.714   943.696    61.19  107.51
 177397.068   969.050    67.36   91.58
 177773.405   981.649    33.47   59.52
 178149.725   945.368   -96.40   85.08
 178526.029   906.050  -104.47   96.36
 178902.316   927.417    56.77  105.47
 179278.586   970.789   115.25  135.44
 179654.840  1058.527   233.15  127.07
 180031.078  1121.345   166.94  110.09
 180407.298  1157.533    96.17  124.15
 180783.502  1156.960    -1.52  124.77
 181159.690  1131.899   -66.61  109.58
 181535.861  1096.347   -94.50  109.86
 181912.015  1037.504  -156.41   89.28
 182288.153   982.277  -146.80   74.69
 182664.274   949.595   -86.88   65.99
 183040.379   926.777   -60.66   73.04
 183416.467   897.952   -76.63   76.24
 183792.539   860.184  -100.41   84.66
 184168.594   812.004  -128.10   76.24
 184544.632   762.959  -130.41   72.85
 184920.654   722.161  -108.48   68.15
 185296.660   673.667  -128.95   74.37
 185672.648   617.573  -149.17   73.40
 186048.621   592.254   -67.33   57.66
 186424.576   586.845   -14.38   56.00
 186800.516   608.254    56.94   69.53
 187176.439   666.345   154.51   81.36
 187552.345   745.835   211.43  101.12
 187928.234   833.719   233.76  110.21
 188304.108   905.812   191.77   90.68
 188679.964   950.527   118.95   56.92
 189055.805   945.391   -13.66   65.27
 189431.628   911.928   -89.02   87.70
 189807.436   859.182  -140.33   86.11
 190183.226   805.370  -143.17   66.85
 190559.001   782.719   -60.27   80.84
 190934.758   750.068   -86.88   91.09
 191310.500   717.579   -86.45   87.83
 191686.225   685.812   -84.54   79.42
 192061.933   655.905   -79.59   81.40
 192437.625   635.777   -53.57   70.38
 192813.300   626.021   -25.96   73.06
 193188.959   620.254   -15.35   79.59
 193564.602   619.891    -0.97   76.41
 193940.228   621.998     5.61   81.75
 194315.838   628.393    17.02   77.57
 194691.431   629.975     4.21   83.42
 195067.008   634.114    11.02   70.13
 195442.568   630.556    -9.47   64.22
 195818.112   613.114   -46.44   60.07
 196193.640   595.393   -47.18   56.29
 196569.151   580.696   -39.13   45.63
 196944.645   593.801    34.90   59.90
 197320.124   661.417   180.05  114.49
 197695.586   730.686   184.46  119.70
 198071.031   787.323   150.83   87.31
 198446.460   816.686    78.20   76.86
 198821.873   824.021    19.54   61.35
 199197.269   807.015   -45.29   50.87
 199572.649   798.801   -21.88   41.03
 199948.013   774.045   -65.94   38.97
 200323.360   749.641   -65.01   47.26
 200698.690   735.114   -38.70   44.15
 201074.005   730.055   -13.48   48.47
 201449.303   736.087    16.07   61.55
 201824.585   733.349    -7.29   69.04
 202199.850   742.626    24.72   74.24
 202575.099   742.959     0.89   79.61
 202950.332   733.459   -25.31   78.37
 203325.548   705.928   -73.36   84.32
 203700.748   658.417  -126.61   91.15
 204075.931   640.050   -48.95   77.83
 204451.099   647.812    20.69   77.97
 204826.250   690.161   112.87   94.82
 205201.384   768.440   208.63   94.36
 205576.503   814.952   123.97   82.97
 205951.605   840.603    68.37   61.66
 206326.690   839.872    -1.95   62.50
 206701.760   829.186   -28.49   58.46
 207076.813   808.673   -54.69   58.02
 207451.849   790.896   -47.39   60.51
 207826.870   769.998   -55.72   70.29
 208201.874   747.077   -61.11   79.13
 208576.862   721.686   -67.70   88.73
 208951.833   685.594   -96.24   95.39
 209326.789   659.579   -69.37   92.76
 209701.728   642.184   -46.39   88.06
 210076.651   638.158   -10.74   78.76
 210451.557   650.626    33.25   77.30
 210826.447   684.087    89.24   91.09
 211201.321   705.420    56.90   75.17
 211576.179   729.448    64.09   78.99
 211951.020   753.882    65.17   75.81
 212325.846   763.911    26.75   66.78
 212700.655   774.527    28.32   56.44
 213075.447   789.682    40.43   61.26
 213450.224   815.377    68.55   68.90
 213824.984   854.004   103.05   71.36
 214199.728   890.354    96.98   57.53
 214574.456   895.087    12.63   46.65
 214949.167   898.563     9.28   49.14
 215323.863   888.347   -27.26   45.76
 215698.542   891.719     9.00   47.35
 216073.205   880.752   -29.27   50.38
 216447.852   861.823   -50.52   56.19
 216822.482   847.472   -38.30   68.35
 217197.097   833.968   -36.04   74.85
 217571.695   824.812   -24.44   79.62
 217946.277   830.587    15.41   98.72
 218320.842   838.891    22.17  110.45
 218695.392   855.482    44.29  106.79
 219069.925   866.550    29.54  104.15
 219444.443   852.849   -36.58   99.40
 219818.944   834.510   -48.96  104.12
 220193.429   788.417  -123.06  104.96
 220567.897   745.326  -115.05   75.31
 220942.350   727.482   -47.65   52.91
 221316.786   731.687    11.23   50.71
 221691.207   759.835    75.16   64.28
 222065.611   778.277    49.25   63.90
 222439.999   790.370    32.29   73.49
 222814.371   799.209    23.61   76.28
 223188.726   805.330    16.35   71.29
 223563.066   807.823     6.66   65.42
 223937.389   816.052    21.98   54.97
 224311.697   835.998    53.28   60.72
 224685.988   858.459    60.00   67.35
 225060.263   891.872    89.26   62.36
 225434.522   914.550    60.58   48.61
 225808.765   923.488    23.88   47.66
 226182.992   923.004    -1.29   56.58
 226557.202   922.068    -2.50   69.65
 226931.397   924.323     6.02   74.84
 227305.575   917.370   -18.58   79.27
 227679.738   904.893   -33.34   82.13
 228053.884   878.664   -70.09   83.82
 228428.014   852.852   -68.98   79.99
 228802.129   828.835   -64.18   78.37
 229176.227   820.161   -23.18   80.02
 229550.309   816.905    -8.70   69.77
 229924.375   827.161    27.41   67.99
 230298.425   828.405     3.33   51.70
 230672.458   829.232     2.21   45.91
 231046.476   821.352   -21.06   40.20
 231420.478   806.182   -40.55   36.20
 231794.464   791.550   -39.12   40.03
 232168.433   778.204   -35.68   40.67
 232542.387   762.696   -41.46   37.10
 232916.325   754.180   -22.77   37.60
 233290.246   750.184   -10.68   38.84
 233664.152   738.692   -30.73   30.86
 234038.041   730.539   -21.80   22.49
 234411.915   727.777    -7.39   19.06
 234785.772   724.587    -8.53   18.92
 235159.614   723.998    -1.57   19.02
 235533.439   719.658   -11.61   13.78
 235907.416   716.595    -8.19   11.36
 236284.447   716.231    -0.97   11.47
 236661.461   714.928    -3.45   11.38
 237038.459   715.706     2.06   12.46
 237415.441   713.766    -5.15   12.08
 237792.407   711.641    -5.64   10.30
 238169.356   710.372    -3.36   10.15
 238546.289   708.347    -5.37   10.48
 238923.206   704.563   -10.04   10.52
 239300.106   701.626    -7.79    9.42
 239676.990   700.206    -3.77   10.36
 240053.858   697.277    -7.77    8.06
 240430.710   696.868    -1.09   10.38
 240807.545   699.050     5.79   15.17
 241184.365   698.015    -2.75   14.65
 241561.168   702.347    11.49   19.42
 241937.954   702.998     1.73   16.50
 242314.725   702.975    -0.06   13.96
 242691.479   701.801    -3.12   16.04
 243068.217   699.021    -7.38   17.85
 243444.939   693.801   -13.85   18.47
 243821.645   687.634   -16.37   17.16
 244198.334   680.896   -17.88   15.84
 244575.008   677.692    -8.51   14.87
 244951.665   673.045   -12.34   13.08
 245328.305   669.859    -8.46    9.87
 245704.930   670.253     1.05   11.17
 246081.539   668.696    -4.13   11.66
 246458.131   667.158    -4.08   13.00
 246834.707   663.345   -10.12   12.04
 247211.267   660.696    -7.03   10.52
 247587.811   660.859     0.43   10.25
 247964.338   660.825    -0.09    9.73
 248340.850   663.486     7.07   12.10
 248717.345   666.641     8.38   13.76
 249093.824   669.706     8.14   16.01
 249470.287   673.975    11.34   17.86
 249846.734   679.111    13.64   18.04
 250223.164   682.468     8.92   18.75
 250599.579   682.325    -0.38   17.68
 250975.977   680.111    -5.88   18.26
 251352.359   677.004    -8.25   17.28
 251728.726   672.011   -13.27   12.77
 252105.076   670.753    -3.34   11.36
 252481.409   669.706    -2.78   12.91
 252857.727   669.324    -1.02   10.64
 253234.029   670.045     1.92   12.90
 253610.314   669.063    -2.61   15.89
 253986.584   670.254     3.16   16.89
 254362.837   671.021     2.04   19.69
 254739.074   669.882    -3.03   18.28
 255115.295   671.905     5.38   18.56
 255491.500   673.872     5.23   20.38
 255867.689   670.975    -7.70   19.35
 256243.862   671.641     1.77   21.82
 256620.019   670.206    -3.81   21.06
 256996.160   667.556    -7.04   22.79
 257372.284   662.393   -13.72   24.53
 257748.393   658.325   -10.82   25.43
 258124.486   651.491   -18.17   21.84
 258500.562   650.696    -2.12   21.22
 258876.622   653.766     8.16   24.70
 259252.667   657.393     9.65   24.09
 259628.695   664.114    17.87   23.00
 260004.707   675.706    30.82   22.98
 260380.704   680.063    11.59   25.42
 260756.684   686.664    17.55   26.94
 261132.648   690.696    10.72   28.36
 261508.596   691.709     2.69   29.64
 261884.528   690.928    -2.08   37.56
 262260.444   680.872   -26.74   46.11
 262636.344   672.349   -22.67   50.51
 263012.228   673.882     4.08   53.60
 263388.096   679.719    15.53   49.60
 263763.948   680.959     3.30   44.09
 264139.785   680.603    -0.95   32.06
 264515.605   674.063   -17.40   38.64
 264891.409   673.619    -1.18   41.54
 265267.197   669.566   -10.78   43.00
 265642.969   657.114   -33.13   38.90
 266018.725   645.868   -29.92   26.59
 266394.465   638.510   -19.58   28.60
 266770.189   631.682   -18.17   29.41
 267145.898   634.618     7.81   36.43
 267521.590   639.300    12.46   41.15
 267897.266   662.975    63.00   49.15
 268272.926   696.027    87.96   46.55
 268648.571   717.277    56.56   43.62
 269024.199   730.232    34.48   40.94
 269399.812   740.302    26.80   37.80
 269775.408   747.230    18.44   32.98
 270150.989   749.859     7.00   29.58
 270526.553   754.891    13.40   26.86
 270902.102   748.556   -16.86   33.78
 271277.635   732.486   -42.78   45.99
 271653.152   728.134   -11.59   47.82
 272028.653   735.533    19.70   47.71
 272404.138   740.324    12.76   43.41
 272779.607   747.777    19.85   37.45
 273155.060   754.766    18.61   30.75
 273530.498   759.482    12.56   29.47
 273905.919   768.277    23.42   33.31
 274281.325   785.643    46.25   31.89
 274656.714   794.696    24.11   27.20
 275032.088   803.325    22.98   27.17
 275407.446   802.905    -1.12   32.52
 275782.788   796.859   -16.11   35.00
 276158.114   790.206   -17.72   35.86
 276533.424   786.603    -9.60   34.38
 276908.719   779.849   -17.99   34.67
 277283.997   774.463   -14.35   36.77
 277659.260   771.182    -8.74   37.61
 278034.507   768.835    -6.25   39.16
 278409.738   756.300   -33.40   29.76
 278784.953   745.552   -28.64   25.57
 279160.152   737.440   -21.62   15.71
 279535.336   732.424   -13.37   10.81
 279910.503   732.420    -0.01   10.49
 280285.655   736.634    11.23   12.56
 280660.791   738.347     4.56   12.98
 281035.911   745.349    18.66   18.80
 281411.016   753.082    20.61   19.37
 281786.104   758.641    14.82   17.39
 282161.177   763.399    12.68   15.17
 282536.234   766.825     9.13   16.36
 282911.275   786.510    52.47   40.25
 283286.300   815.977    78.56   60.98
 283661.309   860.277   118.10   77.91
 284036.303   896.354    96.18   68.13
 284411.281   933.091    97.95   53.63
 284786.243   972.539   105.18   37.85
 285161.189   995.556    61.37   43.41
 285536.120  1023.975    75.78   53.99
 285911.035  1055.488    84.03   56.71
 286285.934  1085.732    80.65   60.97
 286660.817  1100.002    38.06   43.32
 287035.684  1084.944   -40.16   64.30
 287410.536  1029.207  -148.65  102.02
 287785.372   957.015  -192.55  104.05
 288160.192   875.891  -216.38   76.30
 288534.997   825.252  -135.08   44.08
 288909.785   796.050   -77.90   31.49
 289284.558   781.045   -40.03   22.14
 289659.316   787.952    18.43   33.17
 290034.057   817.463    78.73   52.52
 290408.783   860.841   115.73   60.36
 290783.493   905.823   120.01   52.95
 291158.187   909.123     8.81   59.74
 291532.866   872.563   -97.55   83.03
 291907.529   848.186   -65.05   82.04
 292282.176   841.563   -17.67   79.77
 292656.808   875.891    91.61   82.91
 293031.423   918.646   114.10   48.66
 293406.024   917.868    -2.08   48.60
 293780.608   919.231     3.64   44.54
 294155.177   923.231    10.68   37.18
 294529.730   921.928    -3.48   31.79
 294904.267   920.098    -4.89   32.26
 295278.789   911.914   -21.85   38.22
 295653.295   899.352   -33.53   36.50
 296027.785   889.207   -27.08   38.84
 296402.260   865.370   -63.64   48.04
 296776.719   831.920   -89.31   54.55
 297151.162   782.186  -132.79   61.04
 297525.590   732.482  -132.71   84.53
 297900.002   659.141  -195.84  100.27
 298274.398   631.594   -73.56   87.67
 298648.779   658.184    71.01   93.59
 299023.144   713.063   146.55   98.66
 299397.493   766.692   143.22   67.52
 299771.827   791.114    65.23   41.51
 300146.146   798.863    20.69   38.47
 300520.448   805.515    17.77   30.09
 300894.735   811.658    16.41   32.87
 301269.006   831.510    53.03   40.74
 301643.262   847.420    42.50   46.38
 302017.502   863.658    43.38   43.03
 302391.727   863.184    -1.27   46.22
 302765.936   860.106    -8.22   39.81
 303140.129   875.515    41.17   34.09
 303514.307   879.436    10.48   37.94
 303888.469   882.730     8.80   33.15
 304262.615   877.254   -14.63   34.31
 304636.746   859.882   -46.42   37.60
 305010.862   838.253   -57.80   38.42
 305384.962   826.158   -32.32   35.91
 305759.046   827.682     4.07   37.84
 306133.115   832.161    11.97   43.02
 306507.168   819.504   -33.83   73.01
 306881.205   774.533  -120.20  110.62
 307255.227   725.928  -129.92  119.49
 307629.234   706.021   -53.21  113.18
 308003.225   693.753   -32.79  111.10
 308377.200   711.611    47.74   97.79
 308751.160   717.579    15.96   85.43
 309125.104   703.230   -38.36   68.89
 309499.033   698.968   -11.39   38.02
 309872.946   714.754    42.21   30.18
 310246.844   751.777    98.99   81.53
 310620.726   792.863   109.86   94.67
 310995.257   823.905    82.86   81.88
 311372.243   829.960    16.06   82.72
 311749.214   802.611   -72.53   80.48
 312126.168   767.896   -92.07   71.96
 312503.107   746.619   -56.43   57.53
 312880.031   761.039    38.25   56.80
 313256.938   783.002    58.26   59.39
 313633.830   799.603    44.03   44.51
 314010.706   805.911    16.73   41.46
 314387.566   809.393     9.24   43.27
 314764.410   808.998    -1.05   40.96
 315141.239   821.863    34.13   33.85
 315518.052   826.533    12.39   32.11
 315894.849   819.692   -18.15   30.03
 316271.631   824.611    13.05   30.69
 316648.396   831.015    16.99   29.11
 317025.146   826.977   -10.72   30.17
 317401.881   820.114   -18.21   29.59
 317778.599   816.827    -8.72   31.60
 318155.302   815.753    -2.85   41.87
 318531.989   812.444    -8.78   42.37
 318908.660   808.182   -11.31   38.52
 319285.316   792.896   -40.57   40.18
 319661.956   784.352   -22.68   40.44
 320038.580   778.533   -15.45   49.40
 320415.189   783.936    14.34   47.99
 320791.781   785.742     4.80   45.50
 321168.358   799.068    35.38   45.57
 321544.920   807.827    23.26   46.58
 321921.466   824.686    44.76   48.72
 322297.996   832.765    21.45   57.32
 322674.510   806.968   -68.50   82.23
 323051.009   775.533   -83.47   85.93
 323427.492   775.350    -0.48   90.52
 323803.959   794.323    50.38   94.04
 324180.411   836.482   111.96   83.02
 324556.847   845.039    22.72   96.37
 324933.268   818.968   -69.24  120.17
 325309.672   792.463   -70.40  135.47
 325686.062   731.417  -162.15  128.33
 326062.435   686.046  -120.51   90.27
 326438.793   688.936     7.68   79.22
 326815.135   716.228    72.50   94.61
 327191.462   780.486   170.70  105.06
 327567.773   815.349    92.62  100.52
 327944.068   866.752   136.57   94.75
 328320.348   909.595   113.83   89.45
 328696.612   959.175   131.73   71.58
 329072.860   999.587   107.38   64.43
 329449.093  1018.254    49.60   43.97
 329825.311  1006.896   -30.18   47.14
 330201.512   988.959   -47.67   43.95
 330577.698   990.559     4.25   26.11
 330953.869   987.141    -9.08   39.73
 331330.024  1001.111    37.13   45.11
 331706.163  1016.231    40.19   47.98
 332082.287  1020.626    11.68   38.14
 332458.395  1030.672    26.70   36.35
 332834.487  1048.232    46.68   31.62
 333210.565  1064.352    42.85   31.30
 333586.626  1081.706    46.13   27.48
 333962.672  1096.626    39.67   31.88
 334338.702  1114.527    47.59   26.66
 334714.717  1117.983     9.19   29.04
