# NaN NaN NaN ;Mean Elev.(m), Avg Gradient(m/km), RMS Gradient(m/km) - SRTM1     
#  -11.759   0.123   3.553 ;Mean Elev.(m), Avg Gradient(m/km), RMS Gradient(m/km) - ASTER GDEM
#    1.809  -0.170   1.752 ;Mean Elev.(m), Avg Gradient(m/km), RMS Gradient(m/km) - GMTED2010 
  6     7.522 52439.10283222 25.37 118.215573  31.298417 26.700
  6     6.085 52439.10283286 21.41 118.214663  31.295137 26.700
  6     5.272 52439.10283351 15.25 118.213763  31.291847 26.700
  6     6.927 52439.10283415 13.45 118.212853  31.288567 26.700
  6     7.324 52439.10283480 14.62 118.211943  31.285277 26.700
  6     7.616 52439.10283544 15.62 118.211033  31.281997 26.700
  6     7.906 52439.10283609 18.99 118.210133  31.278707 26.700
  6     8.026 52439.10283673 25.67 118.209223  31.275427 26.700
  7     9.521 52474.10283093 25.36 118.220170  31.298970 21.837
  7     9.101 52474.10283158 21.08 118.219270  31.295690 21.837
  7     9.163 52474.10283222 22.59 118.218360  31.292400 21.837
  7     9.314 52474.10283287 24.78 118.217450  31.289120 21.837
  7     9.382 52474.10283351 24.16 118.216540  31.285830 21.837
  7     9.306 52474.10283416 25.61 118.215640  31.282550 21.837
  7     9.452 52474.10283480 26.81 118.214730  31.279260 21.837
  8    10.005 52509.10279605 23.21 118.225032  31.297701 17.195
  8     9.700 52509.10279670 17.99 118.224122  31.294411 17.195
  8     9.525 52509.10279734 17.83 118.223212  31.291131 17.195
  8     9.639 52509.10279799 16.94 118.222312  31.287841 17.195
  8    10.071 52509.10279863 16.51 118.221402  31.284561 17.195
  8    10.958 52509.10279928 15.77 118.220492  31.281271 17.195
  8    11.106 52509.10279992 17.70 118.219592  31.277991 17.195
  9     8.065 52544.10279179 17.88 118.233478  31.298107 25.830
  9     6.847 52544.10279243 17.36 118.232568  31.294817 25.830
  9     6.969 52544.10279308 18.73 118.231668  31.291537 25.830
  9     7.017 52544.10279372 21.69 118.230758  31.288247 25.830
  9     7.132 52544.10279437 22.23 118.229848  31.284967 25.830
  9     8.117 52544.10279501 21.06 118.228938  31.281677 25.830
  9     8.494 52544.10279566 27.15 118.228038  31.278397 25.830
 10     6.786 52579.10283342 23.72 118.222921  31.299053 42.677
 10     6.738 52579.10283407 17.37 118.222009  31.295772 21.913
 10     5.829 52579.10283471 18.15 118.221099  31.292482 21.913
 10     5.207 52579.10283536 22.01 118.220189  31.289202 21.913
 10     5.187 52579.10283600 21.97 118.219289  31.285912 21.913
 10    10.044 52579.10283665 18.62 118.218379  31.282632 21.913
 10    10.327 52579.10283729 18.24 118.217469  31.279342 21.913
 11     7.465 52614.10279995 24.33 118.219337  31.299567 16.126
 11     6.974 52614.10280060 18.48 118.218427  31.296277 16.126
 11     7.261 52614.10280124 17.28 118.217517  31.292997 16.126
 11     4.841 52614.10280189 20.11 118.216617  31.289707 16.126
 11     4.622 52614.10280253 20.99 118.215707  31.286427 16.126
 11     6.311 52614.10280318 19.74 118.214797  31.283137 16.126
 11     7.390 52614.10280382 19.66 118.213887  31.279857 16.126
 11     8.652 52614.10280446 17.81 118.212987  31.276567 16.126
 12     8.221 52649.10278015 27.99 118.229698  31.300578 41.122
 12     8.099 52649.10278080 25.50 118.228798  31.297288 41.122
 12     5.763 52649.10278144 18.90 118.227885  31.294007 18.412
 12     4.635 52649.10278209 20.33 118.226975  31.290717 18.412
 12     4.013 52649.10278273 26.23 118.226075  31.287437 18.412
 12     4.060 52649.10278337 27.10 118.225165  31.284147 18.412
 12     4.087 52649.10278402 23.07 118.224255  31.280867 18.412
 12     3.909 52649.10278466 22.68 118.223345  31.277577 18.412
 13     7.815 52684.10276024 25.85 118.229383  31.299694 13.996
 13     6.344 52684.10276089 21.72 118.228473  31.296414 13.996
 13     6.648 52684.10276153 19.77 118.227573  31.293124 13.996
 13     6.627 52684.10276217 21.48 118.226663  31.289844 13.996
 13     4.274 52684.10276282 23.77 118.225753  31.286554 13.996
 13     3.277 52684.10276346 29.90 118.224843  31.283274 13.996
 13     3.855 52684.10276411 26.82 118.223943  31.279984 13.996
 13     9.989 52684.10276475 21.54 118.223033  31.276704 13.996
 14     6.818 52719.10281449 32.24 118.224215  31.301013 12.911
 14     6.880 52719.10281513 22.07 118.223305  31.297723 12.911
 14     7.438 52719.10281578 19.14 118.222395  31.294443 12.911
 14     6.857 52719.10281642 18.62 118.221495  31.291153 12.911
 14     5.536 52719.10281706 20.62 118.220585  31.287873 12.911
 14     5.675 52719.10281771 17.62 118.219675  31.284583 12.911
 14    10.854 52719.10281835 16.16 118.218765  31.281303 12.911
 14    11.213 52719.10281900 16.49 118.217865  31.278013 12.911
 16     8.604 52789.10278621 24.85 118.228735  31.298935 18.659
 16     7.695 52789.10278686 19.81 118.227835  31.295645 18.659
 16     7.167 52789.10278750 23.91 118.226925  31.292365 18.659
 16     7.856 52789.10278815 22.53 118.226015  31.289075 18.659
 16     8.287 52789.10278879 20.04 118.225105  31.285795 18.659
 16     8.335 52789.10278943 20.10 118.224205  31.282505 18.659
 16     8.158 52789.10279008 21.22 118.223295  31.279225 18.659
 17     9.168 52824.10285712 22.51 118.228855  31.297967 13.754
 17     8.889 52824.10285776 19.32 118.227945  31.294677 13.754
 17     9.065 52824.10285841 16.20 118.227045  31.291397 13.754
 17     9.172 52824.10285905 15.40 118.226135  31.288107 13.754
 17     9.016 52824.10285970 15.61 118.225225  31.284827 13.754
 17     8.997 52824.10286034 16.33 118.224315  31.281537 13.754
 17     9.605 52824.10286099 16.62 118.223415  31.278257 13.754
 18     8.969 52859.10290290 33.44 118.231214  31.300231 39.769
 18     8.581 52859.10290355 22.77 118.230308  31.296950 17.826
 18     8.150 52859.10290419 20.17 118.229398  31.293660 17.826
 18     8.527 52859.10290484 21.90 118.228498  31.290380 17.826
 18     8.492 52859.10290548 22.75 118.227588  31.287090 17.826
 18     8.378 52859.10290613 22.70 118.226678  31.283810 17.826
 18     8.703 52859.10290677 22.75 118.225768  31.280520 17.826
 18     9.372 52859.10290742 31.92 118.224868  31.277240 17.826
 19     8.105 52894.10293468 20.55 118.221689  31.298905 43.267
 19     7.949 52894.10293533 18.38 118.220780  31.295623 23.605
 19     7.950 52894.10293597 19.43 118.219870  31.292333 23.605
 19     8.107 52894.10293662 20.28 118.218960  31.289053 23.605
 19     8.049 52894.10293726 20.68 118.218060  31.285763 23.605
 19     8.254 52894.10293791 20.27 118.217150  31.282483 23.605
 19     8.112 52894.10293855 21.42 118.216240  31.279193 23.605
 20     7.914 52929.10288466 37.47 118.218478  31.300357 40.871
 20     7.084 52929.10288531 22.54 118.217568  31.297067 40.871
 20     6.609 52929.10288595 20.62 118.216659  31.293784 32.404
 20     6.871 52929.10288659 21.76 118.215759  31.290494 32.404
 20     6.925 52929.10288724 21.85 118.214849  31.287214 32.404
 20     6.966 52929.10288788 22.25 118.213939  31.283924 32.404
 20     7.411 52929.10288853 21.41 118.213039  31.280644 32.404
 20     7.964 52929.10288917 22.62 118.212129  31.277354 32.404
 21     8.287 52964.10286898 23.29 118.232910  31.298967 22.135
 21     5.460 52964.10286963 24.27 118.232000  31.295687 22.135
 21     5.417 52964.10287027 22.32 118.231100  31.292397 22.135
 21     5.207 52964.10287092 24.11 118.230190  31.289117 22.135
 21     4.450 52964.10287156 28.39 118.229280  31.285827 22.135
 21     3.902 52964.10287220 29.53 118.228370  31.282547 22.135
 21     3.959 52964.10287285 25.67 118.227460  31.279257 22.135
 22     6.864 52999.10290604 25.97 118.218847  31.298368 25.880
 22     6.225 52999.10290669 19.15 118.217937  31.295088 25.880
 22     2.540 52999.10290733 19.76 118.217027  31.291798 25.880
 22     2.793 52999.10290798 25.05 118.216127  31.288518 25.880
 22     2.982 52999.10290862 29.56 118.215217  31.285228 25.880
 22     2.888 52999.10290927 30.92 118.214307  31.281948 25.880
 22     2.747 52999.10290991 25.92 118.213397  31.278658 25.880
 23     6.887 53034.10285791 28.01 118.219150  31.298661 27.719
 23     6.268 53034.10285855 18.99 118.218240  31.295371 27.719
 23     2.020 53034.10285920 19.64 118.217330  31.292091 27.719
 23     2.152 53034.10285984 21.97 118.216420  31.288801 27.719
 23     2.373 53034.10286049 27.54 118.215520  31.285521 27.719
 23     2.402 53034.10286113 30.72 118.214610  31.282231 27.719
 23     2.362 53034.10286178 26.05 118.213700  31.278951 27.719
 24     6.399 53069.10287358 24.47 118.227015  31.299098 18.937
 24     6.959 53069.10287423 19.01 118.226105  31.295808 18.937
 24     6.133 53069.10287487 17.97 118.225195  31.292528 18.937
 24     4.950 53069.10287552 18.49 118.224285  31.289238 18.937
 24     2.547 53069.10287616 22.42 118.223385  31.285958 18.937
 24     2.507 53069.10287681 27.12 118.222475  31.282668 18.937
 24     2.628 53069.10287745 27.40 118.221565  31.279388 18.937
 25     6.564 53104.10285966 28.79 118.217545  31.299267 23.729
 25     6.047 53104.10286031 19.05 118.216635  31.295977 23.729
 25     3.159 53104.10286095 20.92 118.215725  31.292697 23.729
 25     3.183 53104.10286160 23.71 118.214815  31.289407 23.729
 25     3.590 53104.10286224 23.42 118.213915  31.286127 23.729
 25     3.459 53104.10286289 23.72 118.213005  31.282837 23.729
 25     3.267 53104.10286353 22.64 118.212095  31.279557 23.729
 25     2.732 53104.10286418 24.53 118.211195  31.276267 23.729
 26     6.999 53139.10287839 23.42 118.229056  31.297629 19.185
 26     6.188 53139.10287904 20.22 118.228146  31.294339 19.185
 26     5.972 53139.10287968 19.76 118.227236  31.291059 19.185
 26     5.915 53139.10288033 24.00 118.226326  31.287769 19.185
 26     5.982 53139.10288097 25.93 118.225426  31.284489 19.185
 26     6.202 53139.10288162 19.15 118.224516  31.281199 19.185
 26     9.253 53139.10288226 23.63 118.223606  31.277919 19.185
 27     6.719 53174.10291737 23.69 118.224964  31.299404 40.467
 27     6.566 53174.10291801 18.78 118.224051  31.296123 20.744
 27     6.664 53174.10291866 18.40 118.223141  31.292833 20.744
 27     6.751 53174.10291930 18.36 118.222231  31.289553 20.744
 27     6.895 53174.10291995 18.13 118.221331  31.286263 20.744
 27     6.894 53174.10292059 18.40 118.220421  31.282983 20.744
 27    11.169 53174.10292124 18.10 118.219511  31.279693 20.744
 28     6.871 53209.10293409 29.67 118.222820  31.300430 22.307
 28     7.833 53209.10293473 20.33 118.221910  31.297140 22.307
 28     7.941 53209.10293537 21.31 118.221000  31.293860 22.307
 28     8.107 53209.10293602 21.38 118.220100  31.290570 22.307
 28     8.187 53209.10293666 22.19 118.219190  31.287290 22.307
 28     8.149 53209.10293731 23.41 118.218280  31.284000 22.307
 28     8.217 53209.10293795 21.99 118.217370  31.280720 22.307
 28     7.939 53209.10293860 24.90 118.216470  31.277430 22.307
 29     7.231 53244.10290174 21.02 118.225602  31.299892 17.886
 29     7.420 53244.10290238 15.66 118.224692  31.296602 17.886
 29     7.487 53244.10290303 15.17 118.223782  31.293322 17.886
 29     7.596 53244.10290367 13.71 118.222872  31.290032 17.886
 29     7.813 53244.10290432 13.67 118.221972  31.286752 17.886
 29     7.718 53244.10290496 13.81 118.221062  31.283462 17.886
 29    10.853 53244.10290560 14.61 118.220152  31.280182 17.886
 29    11.182 53244.10290625 19.79 118.219252  31.276892 17.886
 30     7.809 53279.10288054 22.66 118.228314  31.300160 16.242
 30     7.599 53279.10288119 17.65 118.227404  31.296870 16.242
 30     7.169 53279.10288183 14.61 118.226494  31.293590 16.242
 30     9.063 53279.10288248 13.97 118.225594  31.290300 16.242
 30     7.391 53279.10288312 20.24 118.224684  31.287020 16.242
 30     8.422 53279.10288376 14.31 118.223774  31.283730 16.242
 30     8.808 53279.10288441 14.79 118.222864  31.280450 16.242
 30    10.962 53279.10288505 15.41 118.221954  31.277160 16.242
 31     6.631 53314.10290509 26.16 118.224998  31.300301 42.365
 31     5.847 53314.10290573 25.01 118.224098  31.297011 42.365
 31     3.911 53314.10290638 24.42 118.223187  31.293730 22.452
 31     4.183 53314.10290702 25.24 118.222277  31.290440 22.452
 31     4.441 53314.10290767 28.30 118.221367  31.287160 22.452
 31     4.367 53314.10290831 32.47 118.220467  31.283870 22.452
 31     4.174 53314.10290896 28.81 118.219557  31.280590 22.452
 31     4.192 53314.10290960 25.82 118.218647  31.277300 22.452
 32     6.474 53349.10287083 27.61 118.226961  31.300057 43.869
 32     6.404 53349.10287147 17.96 118.226061  31.296767 43.869
 32     5.339 53349.10287212 19.33 118.225155  31.293486 21.706
 32     4.060 53349.10287276 21.63 118.224245  31.290196 21.706
 32     3.476 53349.10287341 26.09 118.223335  31.286916 21.706
 32     3.536 53349.10287405 34.49 118.222425  31.283626 21.706
 32     3.470 53349.10287470 34.17 118.221525  31.280346 21.706
 32    11.050 53349.10287534 25.28 118.220615  31.277056 21.706
 33     6.247 53384.10284428 27.09 118.228736  31.298703 20.371
 33     0.848 53384.10284492 26.72 118.227826  31.295413 20.371
 33     1.961 53384.10284557 26.52 118.226916  31.292133 20.371
 33     2.361 53384.10284621 29.56 118.226016  31.288843 20.371
 33     2.626 53384.10284686 31.45 118.225106  31.285563 20.371
 33     2.875 53384.10284750 36.82 118.224196  31.282273 20.371
 33     2.939 53384.10284814 42.93 118.223286  31.278993 20.371
 34     8.327 53419.10285059 33.90 118.233647  31.300154 32.260
 34     6.071 53419.10285124 23.28 118.232747  31.296864 32.260
 34     5.738 53419.10285188 22.13 118.231839  31.293583 17.461
 34     6.974 53419.10285253 19.90 118.230929  31.290293 17.461
 34     7.670 53419.10285317 19.55 118.230019  31.287013 17.461
 34     3.974 53419.10285382 28.86 118.229119  31.283723 17.461
 34     9.256 53419.10285446 22.41 118.228209  31.280443 17.461
 34     8.916 53419.10285511 27.52 118.227299  31.277153 17.461
 35     7.766 53454.10285684 23.71 118.232061  31.297964 20.017
 35     5.871 53454.10285749 18.83 118.231151  31.294684 20.017
 35     5.385 53454.10285813 19.45 118.230241  31.291394 20.017
 35     4.521 53454.10285878 21.04 118.229331  31.288114 20.017
 35     3.960 53454.10285942 22.60 118.228431  31.284824 20.017
 35     3.916 53454.10286007 27.04 118.227521  31.281544 20.017
 35     9.066 53454.10286071 22.22 118.226611  31.278254 20.017
 36     7.291 53489.10294210 24.91 118.217849  31.298573 23.633
 36     3.323 53489.10294274 25.17 118.216939  31.295293 23.633
 36     3.399 53489.10294339 25.36 118.216039  31.292003 23.633
 36     3.734 53489.10294403 25.24 118.215129  31.288723 23.633
 36     3.909 53489.10294468 25.53 118.214219  31.285433 23.633
 36     3.874 53489.10294532 25.98 118.213319  31.282153 23.633
 36     3.851 53489.10294597 25.61 118.212409  31.278863 23.633
 36     3.755 53489.10294661 24.97 118.211499  31.275583 23.633
 37     7.773 53524.10292846 24.35 118.228765  31.300372 40.032
 37     7.597 53524.10292910 21.16 118.227865  31.297082 40.032
 37     7.883 53524.10292975 20.07 118.226955  31.293800 17.282
 37     8.096 53524.10293039 20.16 118.226045  31.290510 17.282
 37     8.232 53524.10293104 20.46 118.225135  31.287230 17.282
 37     8.301 53524.10293168 21.31 118.224235  31.283940 17.282
 37     8.340 53524.10293233 21.55 118.223325  31.280660 17.282
 37     8.252 53524.10293297 20.76 118.222415  31.277370 17.282
 38     7.789 53559.10295591 25.22 118.217104  31.299200 21.838
 38     6.941 53559.10295655 17.88 118.216194  31.295910 21.838
 38     7.277 53559.10295720 16.23 118.215284  31.292630 21.838
 38     7.445 53559.10295784 15.46 118.214384  31.289340 21.838
 38     7.306 53559.10295849 16.43 118.213474  31.286060 21.838
 38     7.551 53559.10295913 16.54 118.212564  31.282770 21.838
 38     8.017 53559.10295978 18.08 118.211654  31.279490 21.838
 38     7.895 53559.10296042 26.08 118.210754  31.276200 21.838
 39     8.300 53594.10289309 23.35 118.229160  31.299831 15.073
 39     7.417 53594.10289374 18.98 118.228250  31.296541 15.073
 39     7.713 53594.10289438 15.41 118.227340  31.293261 15.073
 39     8.006 53594.10289503 17.96 118.226430  31.289971 15.073
 39     8.048 53594.10289567 15.42 118.225530  31.286691 15.073
 39     8.161 53594.10289632 15.45 118.224620  31.283401 15.073
 39     8.588 53594.10289696 16.19 118.223710  31.280121 15.073
 39     9.329 53594.10289761 16.42 118.222810  31.276831 15.073
 40     9.193 53629.10288562 24.96 118.223890  31.298910 20.306
 40     8.784 53629.10288626 22.70 118.222980  31.295630 20.306
 40     8.985 53629.10288690 22.81 118.222070  31.292340 20.306
 40     9.136 53629.10288755 23.91 118.221160  31.289060 20.306
 40     9.266 53629.10288819 24.24 118.220260  31.285770 20.306
 40     9.228 53629.10288884 24.46 118.219350  31.282490 20.306
 40     9.276 53629.10288948 25.20 118.218440  31.279200 20.306
 41     6.708 53664.10291008 22.52 118.222125  31.298494 18.729
 41     6.277 53664.10291072 17.58 118.221215  31.295214 18.729
 41     6.229 53664.10291136 17.63 118.220315  31.291924 18.729
 41     6.463 53664.10291201 16.59 118.219405  31.288644 18.729
 41     6.451 53664.10291265 16.83 118.218495  31.285354 18.729
 41     6.248 53664.10291330 18.58 118.217595  31.282074 18.729
 41     7.014 53664.10291394 17.29 118.216685  31.278784 18.729
 42     6.667 53699.10286849 27.52 118.225129  31.300054 42.612
 42     4.256 53699.10286913 27.12 118.224219  31.296764 42.612
 42     4.540 53699.10286978 27.68 118.223314  31.293482 22.204
 42     4.683 53699.10287042 28.27 118.222404  31.290192 22.204
 42     4.884 53699.10287107 30.19 118.221494  31.286912 22.204
 42     5.036 53699.10287171 31.47 118.220584  31.283622 22.204
 42     4.890 53699.10287236 30.74 118.219684  31.280342 22.204
 42     4.756 53699.10287300 30.84 118.218774  31.277052 22.204
 43     6.388 53734.10279107 19.61 118.225554  31.298449 38.976
 43     6.581 53734.10279171 17.83 118.224644  31.295159 38.976
 43     5.564 53734.10279236 17.80 118.223735  31.291877 22.295
 43     3.879 53734.10279300 19.63 118.222835  31.288587 22.295
 43     2.966 53734.10279364 26.68 118.221925  31.285307 22.295
 43     2.975 53734.10279429 26.52 118.221015  31.282017 22.295
 43    10.913 53734.10279493 22.09 118.220115  31.278737 22.295
 44     7.354 53769.10277412 23.43 118.232096  31.298558 29.100
 44     6.161 53769.10277476 20.90 118.231186  31.295268 29.100
 44     6.012 53769.10277541 20.58 118.230276  31.291988 29.100
 44     5.318 53769.10277605 20.65 118.229376  31.288698 29.100
 44     3.497 53769.10277670 26.05 118.228466  31.285417 20.431
 44     4.189 53769.10277734 25.40 118.227556  31.282127 20.431
 44     8.495 53769.10277799 26.17 118.226646  31.278847 20.431
 45     6.656 53804.10276999 28.08 118.226799  31.300020 43.098
 45     6.631 53804.10277064 18.94 118.225896  31.296738 19.982
 45     5.837 53804.10277128 18.46 118.224986  31.293448 19.982
 45     4.401 53804.10277193 21.86 118.224076  31.290168 19.982
 45     4.273 53804.10277257 28.02 118.223166  31.286878 19.982
 45     4.322 53804.10277322 27.97 118.222266  31.283598 19.982
 45    10.415 53804.10277386 22.32 118.221356  31.280308 19.982
 45    10.926 53804.10277450 31.65 118.220446  31.277028 19.982
 46     6.580 53839.10278907 27.17 118.227675  31.299458 38.874
 46     6.651 53839.10278971 18.29 118.226765  31.296178 38.874
 46     6.495 53839.10279036 17.68 118.225855  31.292888 38.874
 46     4.490 53839.10279100 21.55 118.224948  31.289607 22.658
 46     4.527 53839.10279165 21.65 118.224038  31.286317 22.658
 46     4.768 53839.10279229 21.32 118.223138  31.283037 22.658
 46     4.528 53839.10279293 24.24 118.222228  31.279747 22.658
 47     6.936 53874.10283602 21.58 118.226910  31.297748 20.482
 47     6.248 53874.10283666 24.36 118.226000  31.294458 20.482
 47     6.206 53874.10283731 23.59 118.225090  31.291178 20.482
 47     6.555 53874.10283795 23.63 118.224190  31.287888 20.482
 47     6.669 53874.10283860 22.83 118.223280  31.284608 20.482
 47     6.638 53874.10283924 22.18 118.222370  31.281318 20.482
 47    10.852 53874.10283989 21.45 118.221460  31.278038 20.482
 48     8.054 53909.10287997 26.22 118.221441  31.299543 35.881
 48     7.594 53909.10288061 19.89 118.220531  31.296253 35.881
 48     7.703 53909.10288126 19.48 118.219621  31.292973 35.881
 48     8.003 53909.10288190 20.75 118.218721  31.289683 35.881
 48     7.979 53909.10288255 21.31 118.217811  31.286401 23.644
 48     7.991 53909.10288319 21.48 118.216901  31.283111 23.644
 48     7.910 53909.10288384 22.28 118.215991  31.279831 23.644
 48     7.648 53909.10288448 26.56 118.215091  31.276541 23.644
 49     7.764 53944.10290289 30.73 118.215915  31.300991 35.257
 49     6.354 53944.10290353 19.20 118.215005  31.297701 35.257
 49     7.126 53944.10290418 17.83 118.214095  31.294421 35.257
 49     7.592 53944.10290482 17.20 118.213185  31.291131 35.257
 49     7.571 53944.10290547 16.68 118.212285  31.287851 35.257
 49     7.725 53944.10290611 17.08 118.211375  31.284561 35.257
 49     7.655 53944.10290676 19.29 118.210470  31.281279 30.491
 49     7.685 53944.10290740 22.66 118.209560  31.277989 30.491
 49     7.702 53944.10290805 30.30 118.208650  31.274709 30.491
 50     2.766 53979.10285298 26.11 118.220159  31.298709 32.549
 50     3.574 53979.10285362 25.52 118.219249  31.295419 32.549
 50     3.635 53979.10285427 26.48 118.218339  31.292139 32.549
 50     3.841 53979.10285491 29.40 118.217439  31.288849 32.549
 50     4.037 53979.10285556 32.62 118.216529  31.285569 32.549
 50     3.961 53979.10285620 34.71 118.215619  31.282279 32.549
 50     3.890 53979.10285685 32.44 118.214711  31.278996 30.252
 51     1.161 54014.10286593 28.57 118.231077  31.298239 37.666
 51     1.926 54014.10286658 29.64 118.230167  31.294949 37.666
 51     3.179 54014.10286722 28.67 118.229257  31.291669 37.666
 51     3.466 54014.10286787 29.39 118.228347  31.288379 37.666
 51     3.799 54014.10286851 32.42 118.227439  31.285098 18.227
 51     3.951 54014.10286916 37.14 118.226539  31.281808 18.227
 51     3.923 54014.10286980 33.98 118.225629  31.278528 18.227
 52     7.096 54049.10287176 35.73 118.232964  31.300343 30.982
 52     1.186 54049.10287240 28.97 118.232064  31.297053 30.982
 52     1.873 54049.10287305 27.73 118.231154  31.293773 30.982
 52     2.725 54049.10287369 29.18 118.230244  31.290483 30.982
 52     3.115 54049.10287434 29.34 118.229334  31.287203 30.982
 52     3.347 54049.10287498 29.84 118.228434  31.283913 30.982
 52     3.562 54049.10287563 36.60 118.227527  31.280633 20.703
 52     3.543 54049.10287627 36.65 118.226617  31.277343 20.703
 54     7.160 54119.10279327 24.19 118.220625  31.299222 33.737
 54     6.151 54119.10279392 20.67 118.219715  31.295942 33.737
 54     5.266 54119.10279456 19.22 118.218805  31.292652 33.737
 54     3.576 54119.10279521 19.24 118.217905  31.289372 33.737
 54     2.620 54119.10279585 21.86 118.216995  31.286082 33.737
 54     2.422 54119.10279650 32.39 118.216085  31.282802 33.737
 54     2.469 54119.10279714 28.31 118.215175  31.279512 33.737
 54     2.581 54119.10279779 24.67 118.214273  31.276227 31.517
 55     6.360 54154.10281968 30.91 118.224699  31.300952 37.059
 55     6.613 54154.10282032 21.77 118.223789  31.297672 37.059
 55     5.245 54154.10282097 18.28 118.222879  31.294382 37.059
 55     6.121 54154.10282161 15.13 118.221979  31.291102 37.059
 55     4.389 54154.10282226 17.31 118.221069  31.287812 37.059
 55     3.198 54154.10282290 24.71 118.220163  31.284531 24.460
 55     3.204 54154.10282355 29.15 118.219253  31.281241 24.460
 55    10.734 54154.10282419 22.01 118.218343  31.277961 24.460
 56     6.536 54189.10278847 33.49 118.222271  31.300845 20.765
 56     7.236 54189.10278912 20.47 118.221371  31.297565 20.765
 56     6.067 54189.10278976 17.00 118.220461  31.294275 20.765
 56     5.232 54189.10279041 16.02 118.219551  31.290995 20.765
 56     4.267 54189.10279105 18.09 118.218651  31.287705 20.765
 56     4.130 54189.10279170 19.48 118.217741  31.284425 20.765
 56    10.085 54189.10279234 16.39 118.216831  31.281135 20.765
 56     6.296 54189.10279298 17.07 118.215931  31.277855 20.765
 57     6.317 54224.10283033 22.41 118.225009  31.297646 20.037
 57     6.267 54224.10283097 17.09 118.224109  31.294366 20.037
 57     5.465 54224.10283162 16.89 118.223199  31.291076 20.037
 57     4.745 54224.10283226 17.57 118.222289  31.287796 20.037
 57     4.649 54224.10283291 23.72 118.221379  31.284506 20.037
 57     4.569 54224.10283355 24.10 118.220479  31.281226 20.037
 57    10.935 54224.10283419 17.98 118.219569  31.277936 20.037
 58     6.255 54259.10285105 24.08 118.225840  31.299886 18.576
 58     6.233 54259.10285170 16.07 118.224930  31.296596 18.576
 58     5.237 54259.10285234 18.10 118.224030  31.293316 18.576
 58     4.858 54259.10285299 19.63 118.223120  31.290026 18.576
 58     4.974 54259.10285363 21.94 118.222210  31.286746 18.576
 58     4.894 54259.10285428 27.03 118.221300  31.283456 18.576
 58     4.802 54259.10285492 19.44 118.220400  31.280176 18.576
 58    10.519 54259.10285557 15.48 118.219490  31.276886 18.576
 59     7.474 54294.10285504 20.14 118.226001  31.297717 15.419
 59     7.617 54294.10285568 16.76 118.225101  31.294437 15.419
 59     7.978 54294.10285633 13.64 118.224191  31.291147 15.419
 59     8.107 54294.10285697 13.52 118.223281  31.287867 15.419
 59     8.006 54294.10285762 14.29 118.222371  31.284577 15.419
 59     7.948 54294.10285826 15.07 118.221471  31.281297 15.419
 59     9.012 54294.10285891 15.57 118.220561  31.278007 15.419
 60     8.695 54329.10284890 19.00 118.225784  31.298460 14.233
 60     8.262 54329.10284955 21.12 118.224874  31.295170 14.233
 60     8.358 54329.10285019 20.29 118.223964  31.291890 14.233
 60     8.569 54329.10285084 19.92 118.223064  31.288600 14.233
 60     8.574 54329.10285148 19.67 118.222154  31.285320 14.233
 60     8.382 54329.10285213 19.80 118.221244  31.282030 14.233
 60    10.381 54329.10285277 20.31 118.220344  31.278750 14.233
 61     8.116 54364.10279534 24.10 118.221781  31.299805 22.795
 61     7.666 54364.10279599 22.35 118.220881  31.296525 22.795
 61     7.662 54364.10279663 17.05 118.219971  31.293235 22.795
 61     7.731 54364.10279728 15.46 118.219061  31.289955 22.795
 61     7.798 54364.10279792 16.84 118.218161  31.286665 22.795
 61     7.983 54364.10279857 16.69 118.217251  31.283385 22.795
 61     8.123 54364.10279921 16.63 118.216341  31.280095 22.795
 61     8.154 54364.10279986 32.17 118.215441  31.276815 22.795
 62     6.609 54399.10278926 24.52 118.227910  31.300180 18.250
 62     7.500 54399.10278991 18.34 118.227010  31.296890 18.250
 62     5.811 54399.10279055 19.68 118.226100  31.293610 18.250
 62     4.538 54399.10279120 22.54 118.225190  31.290320 18.250
 62     4.385 54399.10279184 24.60 118.224280  31.287040 18.250
 62     4.405 54399.10279249 29.08 118.223380  31.283750 18.250
 62     4.469 54399.10279313 28.86 118.222470  31.280470 18.250
 62     4.171 54399.10279377 24.17 118.221560  31.277180 18.250
 63     6.903 54434.10274710 25.67 118.223946  31.300348 24.587
 63     5.849 54434.10274774 22.55 118.223036  31.297058 24.587
 63     5.687 54434.10274839 16.46 118.222136  31.293778 24.587
 63     3.776 54434.10274903 20.42 118.221226  31.290488 24.587
 63     3.125 54434.10274968 23.63 118.220316  31.287208 24.587
 63     3.183 54434.10275032 33.87 118.219416  31.283918 24.587
 63     3.052 54434.10275097 32.75 118.218506  31.280638 24.587
 63     3.004 54434.10275161 22.45 118.217596  31.277348 24.587
 64     6.218 54469.10277265 23.13 118.229368  31.297373 20.007
 64     5.597 54469.10277329 18.77 118.228458  31.294093 20.007
 64     5.243 54469.10277394 18.24 118.227548  31.290803 20.007
 64     1.962 54469.10277458 22.27 118.226648  31.287523 20.007
 64     1.984 54469.10277523 27.05 118.225738  31.284233 20.007
 64     2.266 54469.10277587 33.46 118.224828  31.280953 20.007
 64     2.194 54469.10277652 26.32 118.223918  31.277663 20.007
 65     2.352 54504.10276260 26.28 118.223298  31.298217 15.689
 65     2.488 54504.10276324 26.17 118.222388  31.294927 15.689
 65     2.436 54504.10276389 27.37 118.221478  31.291647 15.689
 65     2.327 54504.10276453 30.76 118.220578  31.288357 15.689
 65     2.693 54504.10276518 31.83 118.219668  31.285077 15.689
 65     2.906 54504.10276582 39.66 118.218758  31.281787 15.689
 65     2.759 54504.10276647 39.06 118.217848  31.278507 15.689
 66     6.577 54539.10278789 21.72 118.226351  31.297742 17.003
 66     6.551 54539.10278853 16.92 118.225441  31.294462 17.003
 66     5.947 54539.10278918 16.25 118.224531  31.291172 17.003
 66     5.758 54539.10278982 16.75 118.223631  31.287892 17.003
 66     2.690 54539.10279047 22.18 118.222721  31.284602 17.003
 66     2.752 54539.10279111 23.69 118.221811  31.281322 17.003
 66    10.793 54539.10279176 20.26 118.220901  31.278032 17.003
 68     6.352 54609.10277994 25.30 118.226044  31.300711 17.603
 68     6.361 54609.10278058 21.31 118.225134  31.297431 17.603
 68     3.898 54609.10278123 23.18 118.224234  31.294141 17.603
 68     4.268 54609.10278187 23.32 118.223324  31.290861 17.603
 68     4.029 54609.10278252 25.86 118.222414  31.287571 17.603
 68     4.698 54609.10278316 26.39 118.221504  31.284291 17.603
 68     4.469 54609.10278381 27.32 118.220604  31.281001 17.603
 68     4.301 54609.10278445 26.88 118.219694  31.277721 17.603
 69     7.723 54644.10278848 20.40 118.224502  31.299464 13.994
 69     7.350 54644.10278912 18.42 118.223602  31.296174 13.994
 69     7.420 54644.10278977 16.81 118.222692  31.292894 13.994
 69     7.567 54644.10279041 15.43 118.221782  31.289604 13.994
 69     7.812 54644.10279106 14.19 118.220882  31.286324 13.994
 69     8.254 54644.10279170 14.41 118.219972  31.283034 13.994
 69    10.212 54644.10279235 14.60 118.219062  31.279754 13.994
 70    10.351 54679.10278963 22.33 118.224695  31.300488 14.988
 70     9.750 54679.10279027 20.40 118.223785  31.297208 14.988
 70     9.777 54679.10279092 19.02 118.222885  31.293918 14.988
 70     8.538 54679.10279156 19.72 118.221975  31.290638 14.988
 70     7.501 54679.10279221 19.32 118.221065  31.287348 14.988
 70    14.027 54679.10279285 19.10 118.220155  31.284068 14.988
 70    14.834 54679.10279350 19.72 118.219255  31.280778 14.988
 70    10.662 54679.10279414 23.23 118.218345  31.277498 14.988
 71     8.756 54714.10274160 26.37 118.223855  31.300479 15.651
 71     8.734 54714.10274225 20.14 118.222945  31.297189 15.651
 71     8.529 54714.10274289 18.03 118.222035  31.293909 15.651
 71     8.298 54714.10274354 18.99 118.221125  31.290619 15.651
 71    13.608 54714.10274418 18.55 118.220225  31.287339 15.651
 71    14.320 54714.10274483 20.99 118.219315  31.284049 15.651
 71    14.594 54714.10274547 20.25 118.218405  31.280769 15.651
 71    10.226 54714.10274612 25.53 118.217505  31.277479 15.651
 72     6.409 54749.10276030 19.90 118.225483  31.297670 16.224
 72     5.634 54749.10276094 23.70 118.224573  31.294390 16.224
 72     6.089 54749.10276159 21.13 118.223663  31.291100 16.224
 72     6.239 54749.10276223 21.37 118.222763  31.287820 16.224
 72     6.205 54749.10276288 21.28 118.221853  31.284530 16.224
 72     6.129 54749.10276352 22.19 118.220943  31.281250 16.224
 72    10.545 54749.10276417 19.36 118.220033  31.277960 16.224
 73     6.825 54784.10272988 25.01 118.224808  31.299722 19.682
 73     6.500 54784.10273053 21.93 118.223908  31.296432 19.682
 73     6.615 54784.10273117 23.25 118.222998  31.293152 19.682
 73     6.858 54784.10273181 24.04 118.222088  31.289862 19.682
 73     6.928 54784.10273246 24.44 118.221178  31.286582 19.682
 73     7.094 54784.10273310 22.03 118.220278  31.283292 19.682
 73     7.067 54784.10273375 21.75 118.219368  31.280012 19.682
 73    10.454 54784.10273439 26.84 118.218458  31.276722 19.682
 74     6.550 54819.10275216 22.55 118.227138  31.298284 17.461
 74     6.399 54819.10275281 18.76 118.226228  31.294994 17.461
 74     5.304 54819.10275345 18.44 118.225318  31.291714 17.461
 74     3.411 54819.10275409 24.22 118.224408  31.288424 17.461
 74     3.563 54819.10275474 29.40 118.223508  31.285144 17.461
 74     3.541 54819.10275538 30.13 118.222598  31.281854 17.461
 74     3.503 54819.10275603 21.71 118.221688  31.278574 17.461
 75     6.755 54854.10272650 26.56 118.225045  31.300069 17.204
 75     6.793 54854.10272714 19.31 118.224135  31.296789 17.204
 75     6.431 54854.10272779 15.50 118.223235  31.293499 17.204
 75     5.846 54854.10272843 15.08 118.222325  31.290219 17.204
 75     2.578 54854.10272908 21.03 118.221415  31.286929 17.204
 75     2.649 54854.10272972 21.07 118.220505  31.283649 17.204
 75     2.394 54854.10273037 20.62 118.219605  31.280359 17.204
 75    10.496 54854.10273101 20.63 118.218695  31.277079 17.204
 76     6.730 54889.10275715 30.50 118.223886  31.300129 18.695
 76     6.030 54889.10275779 22.76 118.222986  31.296839 18.695
 76     5.692 54889.10275843 22.15 118.222076  31.293559 18.695
 76     5.892 54889.10275908 20.81 118.221166  31.290269 18.695
 76     5.299 54889.10275972 22.59 118.220256  31.286989 18.695
 76     3.541 54889.10276037 27.81 118.219356  31.283699 18.695
 76    14.541 54889.10276101 20.87 118.218446  31.280419 18.695
 76    10.447 54889.10276166 24.95 118.217536  31.277129 18.695
 77     7.393 54924.10272616 27.41 118.219868  31.299354 23.440
 77     3.285 54924.10272680 26.64 118.218958  31.296074 23.440
 77     3.424 54924.10272745 27.78 118.218048  31.292784 23.440
 77     3.647 54924.10272809 29.09 118.217148  31.289504 23.440
 77     3.535 54924.10272874 31.58 118.216238  31.286214 23.440
 77     3.867 54924.10272938 31.29 118.215328  31.282934 23.440
 77     3.769 54924.10273003 31.93 118.214428  31.279644 23.440
 77     3.811 54924.10273067 31.31 118.213518  31.276364 23.440
 78     6.627 54959.10275409 21.45 118.225537  31.298604 15.581
 78     6.068 54959.10275474 21.61 118.224627  31.295314 15.581
 78     6.124 54959.10275538 23.10 118.223717  31.292034 15.581
 78     6.270 54959.10275603 22.24 118.222807  31.288744 15.581
 78     6.351 54959.10275667 21.45 118.221907  31.285464 15.581
 78     6.255 54959.10275732 21.14 118.220997  31.282174 15.581
 78     6.332 54959.10275796 21.02 118.220087  31.278894 15.581
 79     6.872 54994.10277645 27.55 118.222883  31.300026 19.041
 79     6.302 54994.10277709 22.50 118.221983  31.296736 19.041
 79     6.500 54994.10277774 19.48 118.221073  31.293456 19.041
 79     6.734 54994.10277838 19.19 118.220163  31.290166 19.041
 79     6.838 54994.10277903 18.93 118.219263  31.286886 19.041
 79     7.031 54994.10277967 18.77 118.218353  31.283596 19.041
 79     7.385 54994.10278032 18.47 118.217443  31.280316 19.041
 79     9.229 54994.10278096 22.52 118.216533  31.277026 19.041
 80     6.791 55029.10276649 24.28 118.224793  31.299815 16.807
 80     7.082 55029.10276713 20.45 118.223893  31.296525 16.807
 80     7.078 55029.10276778 20.90 118.222983  31.293245 16.807
 80     7.183 55029.10276842 20.19 118.222073  31.289955 16.807
 80     7.188 55029.10276907 20.32 118.221163  31.286675 16.807
 80     7.309 55029.10276971 21.35 118.220263  31.283385 16.807
 80     7.725 55029.10277036 18.64 118.219353  31.280105 16.807
 80    10.392 55029.10277100 26.05 118.218443  31.276815 16.807
 81     6.530 55064.10275796 23.95 118.225230  31.298705 14.110
 81     6.699 55064.10275861 24.74 118.224320  31.295425 14.110
 81     6.515 55064.10275925 25.95 118.223420  31.292135 14.110
 81     7.769 55064.10275990 24.48 118.222510  31.288855 14.110
 81     7.903 55064.10276054 23.71 118.221600  31.285565 14.110
 81     8.039 55064.10276119 22.61 118.220690  31.282285 14.110
 81     8.300 55064.10276183 21.00 118.219790  31.278995 14.110
 82     7.235 55099.10270291 33.61 118.220436  31.301296 19.663
 82     7.148 55099.10270356 20.04 118.219536  31.298006 19.663
 82     5.705 55099.10270420 20.86 118.218626  31.294726 19.663
 82     5.552 55099.10270485 18.74 118.217716  31.291436 19.663
 82     5.640 55099.10270549 18.94 118.216816  31.288156 19.663
 82     5.890 55099.10270614 17.83 118.215906  31.284866 19.663
 82     6.200 55099.10270678 17.00 118.214996  31.281586 19.663
 82     8.782 55099.10270743 16.83 118.214096  31.278296 19.663
 83     6.404 55134.10270278 22.65 118.226113  31.298912 17.590
 83     7.006 55134.10270342 15.70 118.225203  31.295632 17.590
 83     6.325 55134.10270407 14.81 118.224293  31.292342 17.590
 83     3.650 55134.10270471 18.01 118.223393  31.289062 17.590
 83     3.279 55134.10270536 21.71 118.222483  31.285772 17.590
 83     3.189 55134.10270600 27.96 118.221573  31.282492 17.590
 83     3.773 55134.10270664 25.86 118.220663  31.279202 17.590
 84     6.439 55169.10266711 24.50 118.224335  31.298196 16.173
 84     5.869 55169.10266775 20.74 118.223425  31.294906 16.173
 84     4.194 55169.10266840 19.90 118.222525  31.291626 16.173
 84     3.937 55169.10266904 19.94 118.221615  31.288336 16.173
 84     2.902 55169.10266969 24.08 118.220705  31.285056 16.173
 84     2.924 55169.10267033 25.58 118.219805  31.281766 16.173
 84    10.189 55169.10267098 23.56 118.218895  31.278486 16.173
 85     6.760 55204.10269523 26.95 118.226291  31.299796 16.296
 85     6.433 55204.10269587 21.97 118.225381  31.296506 16.296
 85     6.762 55204.10269652 15.57 118.224471  31.293226 16.296
 85     5.481 55204.10269716 17.51 118.223561  31.289936 16.296
 85     2.794 55204.10269781 23.02 118.222661  31.286656 16.296
 85     2.881 55204.10269845 24.85 118.221751  31.283366 16.296
 85     2.810 55204.10269910 23.25 118.220841  31.280086 16.296
 85    10.577 55204.10269974 20.55 118.219931  31.276796 16.296
 86     7.471 55239.10267449 25.35 118.221844  31.298598 19.183
 86    -0.363 55239.10267514 24.93 118.220944  31.295308 19.183
 86     3.385 55239.10267578 20.28 118.220034  31.292028 19.183
 86     4.447 55239.10267643 18.87 118.219124  31.288738 19.183
 86     5.189 55239.10267707 17.72 118.218214  31.285458 19.183
 86     7.750 55239.10267772 17.29 118.217314  31.282168 19.183
 86    10.427 55239.10267836 18.23 118.216404  31.278888 19.183
 87     6.350 55274.10268945 25.77 118.223919  31.297888 19.801
 87     4.767 55274.10269009 23.42 118.223009  31.294608 19.801
 87     4.662 55274.10269074 23.30 118.222099  31.291318 19.801
 87     4.802 55274.10269138 24.38 118.221189  31.288038 19.801
 87     4.896 55274.10269203 24.94 118.220289  31.284748 19.801
 87     4.937 55274.10269267 27.08 118.219379  31.281468 19.801
 87    10.540 55274.10269332 26.52 118.218469  31.278178 19.801
 88     6.569 55309.10265709 24.24 118.222628  31.298057 18.604
 88     6.778 55309.10265773 21.78 118.221728  31.294767 18.604
 88     7.153 55309.10265838 18.15 118.220818  31.291487 18.604
 88     7.213 55309.10265902 17.50 118.219908  31.288197 18.604
 88     9.982 55309.10265966 17.11 118.219008  31.284917 18.604
 88    10.225 55309.10266031 17.01 118.218098  31.281627 18.604
 88    10.916 55309.10266095 17.76 118.217188  31.278347 18.604
 89     6.627 55344.10265715 27.14 118.226802  31.299248 14.142
 89     7.655 55344.10265780 21.99 118.225892  31.295968 14.142
 89     7.916 55344.10265844 21.07 118.224992  31.292678 14.142
 89     8.214 55344.10265909 21.37 118.224082  31.289398 14.142
 89     8.281 55344.10265973 20.33 118.223172  31.286108 14.142
 89     8.546 55344.10266037 18.69 118.222262  31.282828 14.142
 89     9.293 55344.10266102 18.81 118.221362  31.279538 14.142
 90    10.228 55379.10265216 22.31 118.224233  31.299471 16.267
 90    10.017 55379.10265281 20.68 118.223333  31.296181 16.267
 90     9.501 55379.10265345 20.91 118.222423  31.292901 16.267
 90     9.540 55379.10265410 20.82 118.221513  31.289611 16.267
 90     9.607 55379.10265474 20.03 118.220603  31.286331 16.267
 90     9.843 55379.10265539 19.67 118.219703  31.283041 16.267
 90    10.116 55379.10265603 20.28 118.218793  31.279761 16.267
 91    10.018 55414.10267719 23.55 118.227131  31.297998 15.475
 91     9.631 55414.10267783 22.87 118.226221  31.294708 15.475
 91     9.714 55414.10267848 19.95 118.225311  31.291428 15.475
 91     9.517 55414.10267912 22.35 118.224401  31.288138 15.475
 91     9.514 55414.10267977 22.04 118.223501  31.284858 15.475
 91     9.905 55414.10268041 20.06 118.222591  31.281568 15.475
 91    10.061 55414.10268106 21.97 118.221681  31.278288 15.475
 92     8.071 55449.10266513 20.29 118.224916  31.298588 12.844
 92     7.997 55449.10266577 17.77 118.224006  31.295308 12.844
 92     8.170 55449.10266642 17.71 118.223106  31.292018 12.844
 92     8.385 55449.10266706 17.99 118.222196  31.288738 12.844
 92     8.605 55449.10266771 18.19 118.221286  31.285448 12.844
 92     9.021 55449.10266835 18.13 118.220376  31.282168 12.844
 92    10.293 55449.10266900 19.00 118.219476  31.278878 12.844
 93     6.745 55484.10259160 32.07 118.222510  31.300485 18.550
 93     5.946 55484.10259224 25.28 118.221610  31.297195 18.550
 93     6.126 55484.10259289 23.60 118.220700  31.293915 18.550
 93     6.144 55484.10259353 23.32 118.219790  31.290625 18.550
 93     6.096 55484.10259417 24.23 118.218890  31.287345 18.550
 93     6.141 55484.10259482 24.94 118.217980  31.284055 18.550
 93     6.274 55484.10259546 25.30 118.217070  31.280775 18.550
 93     9.090 55484.10259611 24.79 118.216170  31.277485 18.550
