# NaN NaN NaN ;Mean Elev.(m), Avg Gradient(m/km), RMS Gradient(m/km) - SRTM1     
#   -3.612  -0.608   3.507 ;Mean Elev.(m), Avg Gradient(m/km), RMS Gradient(m/km) - ASTER GDEM
#    1.929  -0.337   2.969 ;Mean Elev.(m), Avg Gradient(m/km), RMS Gradient(m/km) - GMTED2010 
  8 117.797278  31.131683     9.878     9.917  3 52496.57513035 23.964
  9 117.787770  31.124601    10.455    10.420  4 52531.57511545 24.627
 10 117.796588  31.129280     9.816     9.595  3 52566.57513795 17.240
 11 117.790946  31.126133     9.534     9.620  3 52601.57514858 19.629
 12 117.789057  31.124620     8.899    10.433  3 52636.57511326 23.182
 13 117.793010  31.127496     8.365     8.716  3 52671.57511869 22.329
 14 117.792978  31.127008     8.246     7.846  4 52706.57511718 23.182
 15 117.791557  31.126803     7.921     8.421  4 52741.57514955 23.928
 16 117.800031  31.131718     8.583     8.683  4 52776.57509373 22.686
 17 117.788336  31.123872     8.521     8.547  3 52811.57517028 26.632
 18 117.790199  31.125772    10.959    10.967  4 52846.57522563 33.055
 19 117.791254  31.125449     8.684     8.648  4 52881.57526239 19.926
 20 117.797685  31.130701     8.568     8.432  3 52916.57522030 18.526
 21 117.794083  31.129050    10.352    11.424  4 52951.57518087 20.503
 22 117.799380  31.130823     7.916     8.097  3 52986.57519870 19.034
 23 117.798289  31.130972     6.608     7.389  4 53021.57518820 24.490
 24 117.797194  31.130718    10.119    10.990  3 53056.57517846 19.935
 25 117.789467  31.124970     8.138     8.992  3 53091.57521520 23.291
 26 117.793966  31.127181     9.277     8.998  3 53126.57518633 19.195
 27 117.787944  31.124068     9.186     9.177  4 53161.57524870 23.147
 28 117.795012  31.128784     8.624     8.673  4 53196.57524773 25.722
 29 117.800018  31.130991     8.809     8.751  3 53231.57522960 19.172
 30 117.796081  31.130622     9.791     9.110  3 53266.57519916 20.740
 31 117.783889  31.122009     6.897     6.203  4 53301.57524959 21.513
 32 117.793859  31.127710     8.148     8.061  3 53336.57522076 18.432
 33 117.798863  31.131441     7.535     7.781  4 53371.57515776 23.892
 34 117.793718  31.128399     9.804    10.097  4 53406.57519356 19.222
 35 117.796937  31.130733     9.226     9.173  4 53441.57517987 19.164
 36 117.787678  31.124094     8.048     8.488  4 53476.57524724 26.057
 37 117.792801  31.127687     7.271     7.022  4 53511.57526146 28.192
 38 117.790354  31.126239     8.391     8.609  4 53546.57527848 27.991
 39 117.794588  31.129387     9.446     9.093  4 53581.57525082 19.650
 40 117.794368  31.128047    10.324    10.419  3 53616.57520580 24.638
 41 117.793027  31.127252     9.452     8.782  4 53651.57522094 20.971
 42 117.790594  31.124472     7.577     7.977  4 53686.57522591 22.181
 43 117.799158  31.131565     7.917     8.160  3 53721.57515280 18.039
 44 117.797724  31.130234     9.448     9.601  3 53756.57508280 20.190
 45 117.797866  31.131289     9.047     9.495  3 53791.57510918 20.415
 46 117.794541  31.127706     7.424     5.703  3 53826.57507103 20.625
 47 117.789210  31.125270     7.267     7.231  4 53861.57516011 25.021
 48 117.793778  31.127243     8.774     7.898  4 53896.57518086 24.229
 49 117.785197  31.123297     8.797     8.709  4 53931.57523078 21.997
 50 117.789773  31.124108     7.273     7.401  4 53966.57520629 23.809
 51 117.791847  31.126458     7.976     8.165  3 54001.57516892 16.978
 52 117.795032  31.128097     4.411     4.402  3 54036.57520898 22.115
 53 117.794991  31.130073     7.495     7.895  3 54071.57520338 21.924
 54 117.796540  31.129496     5.186     4.719  3 54106.57515460 22.234
 55 117.791875  31.126410     8.887     8.621  3 54141.57513683 18.999
 56 117.795066  31.128920     5.693     4.859  4 54176.57513602 28.915
 57 117.791385  31.126103     7.787     8.594  4 54211.57514359 21.847
 58 117.792882  31.126810     6.716     5.747  4 54246.57517367 22.788
 60 117.796046  31.128810    10.247    10.169  3 54316.57518245 30.342
 61 117.795958  31.130706     8.953     9.051  3 54351.57514976 23.146
 62 117.793710  31.128880    10.049    10.307  4 54386.57512171 19.190
 63 117.795115  31.128711     9.386    10.013  4 54421.57509896 18.763
 64 117.791679  31.127510     9.268    10.077  4 54456.57509452 19.574
 65 117.795752  31.129911     6.323     6.903  4 54491.57510095 27.037
 66 117.793931  31.129123     7.885     7.608  3 54526.57510747 21.331
 67 117.795326  31.129719    11.212    11.069  4 54561.57510937 18.647
 68 117.793569  31.127330     7.403     6.132  4 54596.57510339 24.056
 69 117.792725  31.127402     9.147     9.452  3 54631.57511680 19.977
 70 117.792537  31.126490     9.170     8.534  3 54666.57512264 18.199
 71 117.796920  31.131735     9.368     9.393  3 54701.57509167 26.199
 72 117.791612  31.126869     7.513     7.467  4 54736.57508290 24.988
 73 117.795744  31.130010     5.946     5.113  3 54771.57507163 23.570
 74 117.790785  31.125763     8.943     8.600  3 54806.57507611 20.364
 75 117.794460  31.128997     3.686     3.100  3 54841.57506786 24.014
 76 117.791814  31.127339     9.172     9.167  4 54876.57507794 19.011
 77 117.794737  31.128668    10.908    10.669  3 54911.57507257 21.871
 78 117.790878  31.126136     8.773     8.770  3 54946.57507069 22.957
 79 117.792801  31.126432     7.204     7.205  4 54981.57509673 25.794
 80 117.793866  31.127986     7.959     7.934  4 55016.57509725 28.684
 81 117.794882  31.129028     9.181     8.837  4 55051.57509241 22.069
 82 117.796081  31.129650     7.863     7.957  3 55086.57505714 20.911
 83 117.793246  31.128241     7.062     5.783  3 55121.57502635 21.473
 84 117.794149  31.128970     9.018    10.244  3 55156.57501689 21.671
 85 117.791133  31.125961     8.267     9.056  4 55191.57501572 19.952
 86 117.794256  31.129197     8.426     9.312  3 55226.57501779 19.553
 87 117.794046  31.128366    10.566    10.660  4 55261.57501136 26.079
 88 117.795947  31.129400     8.607     9.016  3 55296.57500289 20.245
 89 117.792478  31.126781     6.986     6.747  3 55331.57499198 22.437
 90 117.795180  31.129381     9.268     9.497  3 55366.57498484 25.871
 91 117.791751  31.127233    11.698    11.682  4 55401.57499799 33.479
 92 117.795829  31.130165     9.591     9.502  4 55436.57500254 26.405
 93 117.797315  31.130648     9.525     9.116  3 55471.57495350 22.740
