# NaN NaN NaN ;Mean Elev.(m), Avg Gradient(m/km), RMS Gradient(m/km) - SRTM1     
#   21.378  -0.010   4.286 ;Mean Elev.(m), Avg Gradient(m/km), RMS Gradient(m/km) - ASTER GDEM
#   27.387  -0.004   2.371 ;Mean Elev.(m), Avg Gradient(m/km), RMS Gradient(m/km) - GMTED2010 
  7 112.389252  29.849639    34.311    33.980 12 52473.59087543 23.598
  8 112.391814  29.866652    35.146    35.009  8 52508.59084635 27.574
  9 112.392383  29.868044    31.278    31.310  8 52543.59083629 40.592
 10 112.389019  29.851364    32.431    31.782 13 52578.59087942 25.168
 11 112.389817  29.860816    31.514    31.322  8 52613.59084683 26.810
 12 112.391102  29.863034    29.384    29.719  8 52648.59082904 31.701
 13 112.395495  29.873956    25.642    25.641  7 52683.59080848 39.498
 16 112.388250  29.850292    31.332    31.243 12 52788.59083124 42.273
 17 112.389215  29.858616    35.022    35.061 10 52823.59090384 23.685
 18 112.390648  29.864154    33.993    33.988  7 52858.59095130 25.838
 19 112.389208  29.854935    35.849    35.836 11 52893.59098105 26.131
 20 112.390904  29.863265    31.725    31.685  8 52928.59093309 32.416
 21 112.390984  29.866725    28.773    28.750  8 52963.59091433 40.492
 22 112.388587  29.850334    28.209    27.520 13 52998.59094894 41.243
 23 112.390941  29.863543    26.417    26.420  8 53033.59090530 41.454
 24 112.390340  29.865402    31.108    32.128  8 53068.59091997 24.651
 25 112.390365  29.865467    28.701    27.708  8 53103.59090750 39.723
 26 112.390541  29.865645    31.414    30.939  8 53138.59092463 28.865
 27 112.389416  29.856627    34.493    34.441 10 53173.59096435 25.294
 28 112.389754  29.858728    34.919    34.947  9 53208.59098076 26.056
 29 112.392713  29.867520    33.234    33.259  8 53243.59094988 21.827
 30 112.389082  29.850331    33.481    33.445 12 53278.59092410 19.337
 31 112.389444  29.856963    30.370    30.355 10 53313.59095276 41.698
 32 112.392347  29.867655    29.522    28.947  8 53348.59092037 33.903
 33 112.389352  29.855584    27.257    27.237 11 53383.59088879 41.586
 34 112.395813  29.872620    33.723    34.052  7 53418.59090085 25.600
 35 112.389575  29.857627    29.069    27.947  9 53453.59090252 27.711
 36 112.385967  29.846815    29.768    29.858 12 53488.59098590 29.135
 37 112.391911  29.866633    33.789    33.701  7 53523.59097793 27.634
 38 112.387483  29.848541    34.016    33.945 12 53558.59100068 20.602
 39 112.396353  29.875474    33.982    34.089  7 53593.59094275 25.800
 40 112.384292  29.844694    34.069    34.137 11 53628.59092910 32.981
 41 112.389335  29.851257    32.263    32.206 13 53663.59095455 23.254
 42 112.391931  29.866852    30.688    29.908  7 53698.59091798 26.531
 43 112.395513  29.874450    27.686    27.089  7 53733.59084177 31.252
 44 112.393334  29.868870    28.525    29.328  7 53768.59082188 32.255
 45 112.394383  29.872618    28.127    28.139  7 53803.59081971 37.367
 46 112.389465  29.849990    30.310    30.562 12 53838.59083267 29.822
 47 112.390078  29.862989    32.390    31.792  8 53873.59088345 29.066
 48 112.387919  29.849022    33.367    33.347 13 53908.59092420 28.064
 49 112.385402  29.846702    33.152    32.945 11 53943.59094795 24.908
 50 112.390911  29.863199    30.219    29.916  8 53978.59090130 31.693
 51 112.389666  29.855601    30.165    30.422 10 54013.59091137 41.438
 52 112.394312  29.872167    28.191    28.204  7 54048.59092152 36.171
 54 112.393530  29.869263    27.372    26.375  7 54118.59084319 43.809
 55 112.389902  29.860509    28.101    26.711  8 54153.59086675 44.595
 56 112.392937  29.868060    28.966    28.802  8 54188.59083756 33.963
 57 112.389372  29.857327    30.558    29.444 10 54223.59087635 28.909
 58 112.390403  29.863091    31.890    32.023  8 54258.59089920 28.801
 59 112.390728  29.865276    35.323    35.337  8 54293.59090226 28.185
 60 112.392706  29.867044    34.224    34.218  7 54328.59089722 24.692
 61 112.393100  29.868787    35.406    35.564  8 54363.59084515 29.551
 62 112.391324  29.864790    31.146    31.136  8 54398.59083692 26.885
 63 112.393541  29.868189    28.547    27.664  7 54433.59079532 34.376
 64 112.390977  29.863102    26.770    26.683  8 54468.59081927 46.294
 66 112.391765  29.865931    26.775    26.769  7 54538.59083514 40.124
 67 112.393167  29.868812    30.066    29.401  8 54573.59081210 30.174
 68 112.390664  29.862149    30.269    29.852  8 54608.59082784 28.911
 69 112.390321  29.864794    32.879    32.635  8 54643.59083629 29.726
 70 112.389882  29.862325    33.681    33.693  8 54678.59083762 25.026
 71 112.393610  29.871575    35.659    35.615  7 54713.59079191 23.475
 72 112.389533  29.860230    32.654    32.086  9 54748.59080660 27.246
 73 112.392086  29.867562    32.979    32.886  8 54783.59077801 30.875
 74 112.389616  29.863793    27.569    27.537  8 54818.59079973 39.400
 75 112.392026  29.867776    30.735    30.646  7 54853.59077548 25.290
 76 112.389537  29.862017    30.832    30.889  8 54888.59080390 33.162
 77 112.392250  29.866559    27.496    27.556  7 54923.59077489 44.689
 78 112.389464  29.857278    32.838    32.995  9 54958.59080066 26.201
 79 112.389618  29.857414    33.623    33.898 10 54993.59082291 26.717
 80 112.390752  29.866345    33.998    34.197  8 55028.59081451 22.261
 81 112.391092  29.866036    34.809    34.801  8 55063.59080660 26.660
 82 112.392599  29.868027    31.881    31.343  8 55098.59075264 26.492
 83 112.389439  29.863066    29.215    29.241  8 55133.59074969 39.864
 84 112.392720  29.869017    27.840    27.299  7 55168.59071565 35.082
 85 112.389256  29.862575    29.662    28.886  8 55203.59074258 23.346
 86 112.391695  29.867257    31.359    31.679  8 55238.59072269 27.615
 87 112.390949  29.863750    32.541    32.495  8 55273.59073628 21.131
 88 112.393145  29.869513    29.303    27.950  7 55308.59070641 34.926
 89 112.391191  29.865621    31.961    31.604  8 55343.59070579 38.190
 90 112.391882  29.866261    33.852    33.761  7 55378.59070008 23.225
 91 112.389722  29.863320    35.191    35.153  8 55413.59072448 21.339
 92 112.392175  29.866482    33.912    33.918  7 55448.59071384 22.194
 93 112.394454  29.871515    29.099    29.061  7 55483.59064193 40.939
