# NaN NaN NaN ;Mean Elev.(m), Avg Gradient(m/km), RMS Gradient(m/km) - SRTM1     
#    8.051  -0.149   2.471 ;Mean Elev.(m), Avg Gradient(m/km), RMS Gradient(m/km) - ASTER GDEM
#   10.587  -0.426   3.937 ;Mean Elev.(m), Avg Gradient(m/km), RMS Gradient(m/km) - GMTED2010 
  7    19.423 52461.10907009 22.12 115.682906  29.862554 15.908
  7    19.128 52461.10907074 22.30 115.682016  29.859264 15.908
  7    19.076 52461.10907138 20.75 115.681126  29.855974 15.908
  7    17.984 52461.10907203 21.18 115.680236  29.852684 15.908
  7    17.047 52461.10907267 21.74 115.679356  29.849404 15.908
  7    19.011 52461.10907332 22.74 115.678466  29.846114 15.908
  8    18.026 52496.10907029 24.30 115.680610  29.864092 22.973
  8    17.731 52496.10907093 18.72 115.679730  29.860812 22.973
  8    17.520 52496.10907158 16.82 115.678840  29.857522 22.973
  8    17.356 52496.10907222 18.04 115.677950  29.854232 22.973
  8    17.960 52496.10907287 18.10 115.677060  29.850942 22.973
  8    17.329 52496.10907351 21.73 115.676180  29.847662 22.973
  9    18.437 52531.10905635 22.60 115.679918  29.862933 19.962
  9    18.240 52531.10905700 17.56 115.679028  29.859643 19.962
  9    17.741 52531.10905764 16.48 115.678148  29.856353 19.962
  9    16.427 52531.10905829 18.83 115.677258  29.853073 19.962
  9    15.578 52531.10905893 21.29 115.676368  29.849783 19.962
 10    18.206 52566.10907660 23.82 115.686344  29.864954 26.058
 10    15.904 52566.10907724 20.84 115.685454  29.861664 26.058
 10    14.394 52566.10907789 24.04 115.684574  29.858384 26.058
 10    14.118 52566.10907853 23.32 115.683684  29.855094 26.058
 10    14.040 52566.10907917 23.10 115.682794  29.851804 26.058
 10    14.787 52566.10907982 21.84 115.681904  29.848524 26.058
 10    15.436 52566.10908046 26.20 115.681014  29.845234 26.058
 11    18.068 52601.10909303 23.25 115.671087  29.864711 14.618
 11    19.468 52601.10909368 16.64 115.670197  29.861421 14.618
 11    19.396 52601.10909432 16.16 115.669317  29.858141 14.618
 11    18.580 52601.10909497 15.97 115.668427  29.854851 14.618
 11    18.010 52601.10909561 15.86 115.667537  29.851561 14.618
 11    22.287 52601.10909626 15.83 115.666647  29.848271 14.618
 12    18.152 52636.10905513 29.08 115.678146  29.864909 28.827
 12    16.950 52636.10905577 24.64 115.677256  29.861629 28.827
 12    12.044 52636.10905642 36.61 115.676366  29.858339 28.827
 12    12.273 52636.10905706 34.51 115.675476  29.855049 28.827
 12    15.185 52636.10905771 21.72 115.674596  29.851759 28.827
 12    16.510 52636.10905835 21.09 115.673706  29.848479 28.827
 13    10.205 52671.10906186 41.43 115.675565  29.863265 21.103
 13    10.031 52671.10906250 38.80 115.674675  29.859975 21.103
 13     9.901 52671.10906314 33.92 115.673785  29.856685 21.103
 13     9.866 52671.10906379 29.47 115.672895  29.853395 21.103
 13     9.678 52671.10906443 27.41 115.672015  29.850115 21.103
 13    15.785 52671.10906508 24.68 115.671125  29.846825 21.103
 14    15.785 52706.10905680 30.27 115.682276  29.864735 20.709
 14    12.146 52706.10905744 29.48 115.681386  29.861445 20.709
 14    12.027 52706.10905809 30.09 115.680496  29.858155 20.709
 14    11.805 52706.10905873 29.85 115.679616  29.854865 20.709
 14    11.445 52706.10905938 29.98 115.678726  29.851585 20.709
 14    11.302 52706.10906002 28.80 115.677836  29.848295 20.709
 15    11.671 52741.10909111 31.76 115.673302  29.862156 23.491
 15    11.810 52741.10909175 33.27 115.672422  29.858866 23.491
 15    11.693 52741.10909239 30.00 115.671532  29.855576 23.491
 15    11.533 52741.10909304 28.89 115.670642  29.852296 23.491
 15    11.324 52741.10909368 28.72 115.669752  29.849006 23.491
 16    19.132 52776.10903528 23.36 115.677634  29.862677 25.189
 16    18.034 52776.10903592 17.20 115.676744  29.859387 25.189
 16    16.986 52776.10903657 17.25 115.675854  29.856097 25.189
 16    17.727 52776.10903721 16.49 115.674974  29.852817 25.189
 16    18.666 52776.10903786 18.68 115.674084  29.849527 25.189
 17    16.348 52811.10911151 27.16 115.678144  29.864653 24.434
 17    15.030 52811.10911215 23.17 115.677254  29.861373 24.434
 17    16.354 52811.10911280 16.11 115.676364  29.858083 24.434
 17    15.318 52811.10911344 15.83 115.675474  29.854793 24.434
 17    15.685 52811.10911409 18.13 115.674594  29.851503 24.434
 17    15.624 52811.10911473 20.96 115.673704  29.848223 24.434
 18    20.456 52846.10916718 20.91 115.679673  29.863103 22.513
 18    20.068 52846.10916782 18.99 115.678783  29.859813 22.513
 18    19.568 52846.10916847 18.95 115.677893  29.856533 22.513
 18    19.426 52846.10916911 19.09 115.677013  29.853243 22.513
 18    20.179 52846.10916976 19.33 115.676123  29.849953 22.513
 19    17.007 52881.10920458 16.73 115.675276  29.862585 22.661
 19    17.175 52881.10920523 15.99 115.674386  29.859295 22.661
 19    15.533 52881.10920587 15.75 115.673496  29.856015 22.661
 19    15.445 52881.10920652 17.56 115.672616  29.852725 22.661
 19    15.234 52881.10920716 20.00 115.671726  29.849435 22.661
 20    17.185 52916.10916152 27.82 115.678576  29.864253 28.587
 20    16.449 52916.10916217 19.63 115.677686  29.860963 28.587
 20    16.066 52916.10916281 16.46 115.676796  29.857673 28.587
 20    16.579 52916.10916346 14.16 115.675916  29.854393 28.587
 20    16.738 52916.10916410 15.49 115.675026  29.851103 28.587
 20    17.456 52916.10916475 18.84 115.674136  29.847813 28.587
 21    17.769 52951.10912177 22.70 115.686954  29.864457 28.445
 21    10.529 52951.10912242 26.03 115.686064  29.861177 28.445
 21    11.561 52951.10912306 25.92 115.685174  29.857887 28.445
 21    12.485 52951.10912371 29.02 115.684284  29.854597 28.445
 21    11.878 52951.10912435 29.80 115.683404  29.851307 28.445
 21    11.317 52951.10912500 25.91 115.682514  29.848027 28.445
 21    15.196 52951.10912564 24.06 115.681624  29.844737 28.445
 22    16.558 52986.10914186 20.42 115.685185  29.863707 25.886
 22    15.296 52986.10914251 21.56 115.684305  29.860427 25.886
 22    14.440 52986.10914315 23.70 115.683415  29.857137 25.886
 22     9.916 52986.10914380 25.51 115.682525  29.853847 25.886
 22    12.471 52986.10914444 25.00 115.681635  29.850567 25.886
 22    14.850 52986.10914508 22.83 115.680745  29.847277 25.886
 23     7.976 53021.10913168 36.61 115.679500  29.863785 20.380
 23     8.005 53021.10913233 42.14 115.678610  29.860495 20.380
 23     8.025 53021.10913297 30.59 115.677730  29.857215 20.380
 23     7.817 53021.10913362 27.88 115.676840  29.853925 20.380
 23    13.401 53021.10913426 24.74 115.675950  29.850635 20.380
 23    15.798 53021.10913491 22.99 115.675060  29.847345 20.380
 24    18.677 53056.10912033 28.14 115.686055  29.865665 19.097
 24    15.493 53056.10912097 18.31 115.685175  29.862385 19.097
 24    15.779 53056.10912162 16.35 115.684285  29.859095 19.097
 24    14.762 53056.10912226 16.93 115.683395  29.855805 19.097
 24    14.444 53056.10912291 15.79 115.682505  29.852525 19.097
 24    15.041 53056.10912355 16.13 115.681615  29.849235 19.097
 24    15.346 53056.10912420 19.33 115.680735  29.845945 19.097
 25     9.394 53091.10915900 43.12 115.666949  29.863271 18.160
 25     9.338 53091.10915965 46.28 115.666059  29.859981 18.160
 25     9.348 53091.10916029 46.17 115.665169  29.856691 18.160
 25     9.216 53091.10916094 37.77 115.664289  29.853411 18.160
 25     9.103 53091.10916158 31.86 115.663399  29.850121 18.160
 25     8.953 53091.10916223 30.40 115.662509  29.846831 18.160
 26    16.114 53126.10912885 20.71 115.682446  29.862782 21.048
 26    15.083 53126.10912950 23.28 115.681556  29.859492 21.048
 26    11.377 53126.10913014 25.15 115.680666  29.856202 21.048
 26    13.891 53126.10913078 24.59 115.679776  29.852912 21.048
 26    16.610 53126.10913143 22.06 115.678886  29.849632 21.048
 26    18.385 53126.10913207 25.11 115.677996  29.846342 21.048
 27    15.848 53161.10919089 24.88 115.672431  29.864076 21.783
 27    16.788 53161.10919154 18.82 115.671541  29.860786 21.783
 27    16.581 53161.10919218 18.04 115.670651  29.857506 21.783
 27    17.078 53161.10919283 18.03 115.669761  29.854216 21.783
 27    16.484 53161.10919347 17.97 115.668881  29.850926 21.783
 27    26.874 53161.10919412 19.24 115.667991  29.847636 21.783
 28    16.548 53196.10918864 28.23 115.680068  29.863466 25.531
 28    16.151 53196.10918928 24.44 115.679178  29.860176 25.531
 28    16.377 53196.10918993 18.12 115.678288  29.856896 25.531
 28    15.745 53196.10919057 18.97 115.677408  29.853606 25.531
 28    15.823 53196.10919121 19.05 115.676518  29.850316 25.531
 28    16.321 53196.10919186 25.47 115.675628  29.847036 25.531
 29    17.042 53231.10917211 28.17 115.683383  29.864961 17.897
 29    17.415 53231.10917276 21.47 115.682493  29.861671 17.897
 29    18.722 53231.10917340 19.84 115.681613  29.858391 17.897
 29    16.515 53231.10917404 19.33 115.680723  29.855101 17.897
 29    17.957 53231.10917469 19.17 115.679833  29.851811 17.897
 29    16.755 53231.10917533 22.08 115.678943  29.848531 17.897
 30    17.302 53266.10914296 21.62 115.671671  29.862081 18.901
 30    17.033 53266.10914361 22.29 115.670791  29.858801 18.901
 30    17.207 53266.10914425 20.29 115.669901  29.855511 18.901
 30    17.058 53266.10914490 20.08 115.669011  29.852221 18.901
 30    17.032 53266.10914554 20.17 115.668131  29.848931 18.901
 31    15.777 53301.10919306 16.70 115.670383  29.862274 18.833
 31    15.578 53301.10919371 13.54 115.669503  29.858994 18.833
 31    15.886 53301.10919435 13.39 115.668613  29.855704 18.833
 31    14.543 53301.10919499 13.74 115.667723  29.852414 18.833
 31    14.696 53301.10919564 13.98 115.666833  29.849124 18.833
 31    22.399 53301.10919628 15.87 115.665943  29.845844 18.833
 32    15.996 53336.10916304 28.61 115.677276  29.865179 20.203
 32    10.561 53336.10916369 24.41 115.676386  29.861889 20.203
 32    10.512 53336.10916433 24.90 115.675496  29.858599 20.203
 32    10.399 53336.10916498 23.82 115.674606  29.855319 20.203
 32    10.387 53336.10916562 22.48 115.673726  29.852029 20.203
 32    13.594 53336.10916627 21.61 115.672836  29.848739 20.203
 33    15.257 53371.10910101 26.39 115.675761  29.862246 13.872
 33     8.762 53371.10910166 34.31 115.674871  29.858956 13.872
 33     8.813 53371.10910230 38.12 115.673981  29.855666 13.872
 33     8.688 53371.10910295 33.86 115.673091  29.852386 13.872
 33     8.666 53371.10910359 24.84 115.672211  29.849096 13.872
 35    16.467 53441.10912218 22.45 115.675068  29.864601 17.122
 35    16.172 53441.10912282 18.94 115.674178  29.861311 17.122
 35    15.721 53441.10912346 18.12 115.673288  29.858021 17.122
 35    14.944 53441.10912411 17.97 115.672398  29.854731 17.122
 35    15.080 53441.10912475 19.42 115.671518  29.851451 17.122
 35    18.364 53441.10912540 17.88 115.670628  29.848161 17.122
 36    11.194 53476.10918904 23.96 115.674171  29.862738 21.125
 36    11.116 53476.10918968 24.91 115.673281  29.859448 21.125
 36    11.435 53476.10919033 23.90 115.672391  29.856158 21.125
 36    11.123 53476.10919097 23.91 115.671511  29.852868 21.125
 36    18.280 53476.10919162 23.28 115.670621  29.849588 21.125
 36    26.506 53476.10919226 22.72 115.669731  29.846298 21.125
 38    16.841 53546.10922005 31.79 115.672422  29.864262 29.724
 38    16.413 53546.10922069 18.49 115.671532  29.860972 29.724
 38    16.461 53546.10922134 14.64 115.670642  29.857692 29.724
 38    16.370 53546.10922198 14.89 115.669752  29.854402 29.724
 38    16.630 53546.10922263 14.80 115.668872  29.851112 29.724
 38    21.418 53546.10922327 17.24 115.667982  29.847822 29.724
 39    16.976 53581.10919365 28.44 115.676233  29.865089 22.886
 39    16.803 53581.10919429 18.43 115.675353  29.861809 22.886
 39    16.567 53581.10919494 15.13 115.674463  29.858519 22.886
 39    16.637 53581.10919558 14.88 115.673573  29.855229 22.886
 39    16.542 53581.10919623 16.68 115.672683  29.851949 22.886
 39    22.429 53581.10919687 16.91 115.671793  29.848659 22.886
 40    18.609 53616.10914910 20.68 115.670944  29.862179 14.118
 40    20.008 53616.10914974 15.84 115.670054  29.858889 14.118
 40    18.597 53616.10915039 15.80 115.669164  29.855599 14.118
 40    22.985 53616.10915103 14.56 115.668274  29.852319 14.118
 40    26.754 53616.10915168 14.79 115.667394  29.849029 14.118
 40    26.254 53616.10915232 19.32 115.666504  29.845739 14.118
 41    16.473 53651.10916198 34.33 115.680899  29.865181 23.961
 41    16.314 53651.10916263 20.65 115.680009  29.861891 23.961
 41    16.023 53651.10916327 15.36 115.679119  29.858611 23.961
 41    15.701 53651.10916392 15.13 115.678229  29.855321 23.961
 41    15.345 53651.10916456 15.67 115.677339  29.852031 23.961
 41    15.761 53651.10916521 16.56 115.676459  29.848741 23.961
 42    15.888 53686.10917011 21.89 115.672390  29.861883 17.627
 42    16.611 53686.10917076 16.54 115.671500  29.858603 17.627
 42    15.936 53686.10917140 16.22 115.670610  29.855313 17.627
 42    18.197 53686.10917205 15.75 115.669720  29.852023 17.627
 42    22.090 53686.10917269 16.58 115.668840  29.848743 17.627
 43    15.842 53721.10909572 24.24 115.677282  29.862929 22.780
 43     9.216 53721.10909637 25.47 115.676392  29.859639 22.780
 43     9.307 53721.10909701 30.92 115.675502  29.856349 22.780
 43     9.217 53721.10909766 25.92 115.674612  29.853059 22.780
 43    15.461 53721.10909830 21.17 115.673732  29.849779 22.780
 43    22.425 53721.10909895 19.58 115.672842  29.846489 22.780
 44     8.682 53756.10902362 28.84 115.688037  29.863094 21.737
 44     8.912 53756.10902427 27.30 115.687147  29.859804 21.737
 44     8.826 53756.10902491 26.49 115.686257  29.856514 21.737
 44    13.865 53756.10902555 24.61 115.685367  29.853234 21.737
 44    15.179 53756.10902620 20.72 115.684477  29.849944 21.737
 44    15.567 53756.10902684 22.27 115.683587  29.846654 21.737
 45     9.263 53791.10905123 43.93 115.681008  29.862680 22.760
 45     9.190 53791.10905188 42.21 115.680118  29.859390 22.760
 45     9.076 53791.10905252 37.61 115.679228  29.856110 22.760
 45     8.980 53791.10905317 33.41 115.678338  29.852820 22.760
 45     8.843 53791.10905381 32.19 115.677458  29.849530 22.760
 46    16.459 53826.10901089 20.13 115.686979  29.863354 26.717
 46    11.292 53826.10901154 23.35 115.686089  29.860064 26.717
 46    11.235 53826.10901218 31.33 115.685209  29.856784 26.717
 46    11.389 53826.10901283 28.21 115.684319  29.853494 26.717
 46    14.079 53826.10901347 22.50 115.683429  29.850204 26.717
 46    15.367 53826.10901412 22.65 115.682539  29.846924 26.717
 47    16.758 53861.10910243 20.95 115.675682  29.862237 17.449
 47    15.315 53861.10910307 20.97 115.674792  29.858947 17.449
 47    15.457 53861.10910372 21.02 115.673902  29.855657 17.449
 47    15.991 53861.10910436 20.53 115.673022  29.852377 17.449
 47    18.661 53861.10910501 20.46 115.672132  29.849087 17.449
 48    15.459 53896.10912156 27.25 115.680541  29.863555 20.699
 48    15.108 53896.10912221 26.10 115.679651  29.860265 20.699
 48    15.129 53896.10912285 26.56 115.678761  29.856985 20.699
 48    15.044 53896.10912350 26.16 115.677881  29.853695 20.699
 48    14.793 53896.10912414 26.22 115.676991  29.850405 20.699
 48    14.892 53896.10912479 26.45 115.676101  29.847125 20.699
 49    16.337 53931.10917333 25.71 115.667535  29.863113 21.806
 49    15.925 53931.10917397 14.71 115.666645  29.859823 21.806
 49    16.112 53931.10917462 13.93 115.665755  29.856533 21.806
 49    15.868 53931.10917526 13.32 115.664865  29.853243 21.806
 49    15.965 53931.10917591 13.85 115.663985  29.849963 21.806
 49    26.956 53931.10917655 14.35 115.663095  29.846673 21.806
 50    16.125 53966.10915037 20.23 115.669505  29.861523 16.601
 50    15.846 53966.10915102 13.88 115.668615  29.858233 16.601
 50    15.026 53966.10915166 14.52 115.667725  29.854943 16.601
 50    14.333 53966.10915230 14.27 115.666835  29.851653 16.601
 50    13.436 53966.10915295 14.90 115.665955  29.848373 16.601
 51    15.792 54001.10910966 23.46 115.685409  29.863120 30.598
 51    10.894 54001.10911031 30.86 115.684519  29.859830 30.598
 51    10.995 54001.10911095 35.83 115.683629  29.856540 30.598
 51    10.955 54001.10911160 36.88 115.682749  29.853260 30.598
 51    10.787 54001.10911224 28.48 115.681859  29.849970 30.598
 51    14.836 54001.10911289 21.48 115.680969  29.846680 30.598
 52    15.301 54036.10915126 27.18 115.681751  29.863287 22.002
 52    10.285 54036.10915191 28.64 115.680861  29.860007 22.002
 52    10.520 54036.10915255 31.65 115.679971  29.856717 22.002
 52    10.283 54036.10915320 29.82 115.679081  29.853427 22.002
 52    12.610 54036.10915384 22.51 115.678201  29.850147 22.002
 52    18.245 54036.10915448 21.10 115.677311  29.846857 22.002
 53    15.744 54071.10914593 21.66 115.678706  29.862394 21.049
 53    14.956 54071.10914658 23.49 115.677816  29.859104 21.049
 53     9.658 54071.10914722 25.37 115.676926  29.855814 21.049
 53    12.802 54071.10914786 23.86 115.676046  29.852534 21.049
 53    15.330 54071.10914851 19.24 115.675156  29.849244 21.049
 54     7.796 54106.10909805 29.55 115.672842  29.862752 18.157
 54     7.523 54106.10909869 25.81 115.671962  29.859472 18.157
 54     7.792 54106.10909934 25.58 115.671072  29.856182 18.157
 54     7.789 54106.10909998 23.55 115.670182  29.852892 18.157
 54    13.099 54106.10910063 19.08 115.669292  29.849602 18.157
 54    22.328 54106.10910127 17.20 115.668412  29.846322 18.157
 55     7.760 54141.10907862 46.83 115.679081  29.862686 25.465
 55     7.837 54141.10907927 28.15 115.678191  29.859396 25.465
 55     7.650 54141.10907991 29.10 115.677301  29.856106 25.465
 55     7.930 54141.10908055 26.56 115.676421  29.852826 25.465
 55    13.897 54141.10908120 23.87 115.675531  29.849536 25.465
 56    16.148 54176.10907922 19.22 115.674689  29.862491 16.133
 56    16.131 54176.10907986 19.05 115.673799  29.859201 16.133
 56    15.143 54176.10908051 18.99 115.672919  29.855921 16.133
 56    17.673 54176.10908115 18.41 115.672029  29.852631 16.133
 56    22.438 54176.10908179 17.46 115.671139  29.849341 16.133
 57    16.335 54211.10908542 18.53 115.677771  29.862697 24.252
 57    11.202 54211.10908607 18.61 115.676881  29.859417 24.252
 57    11.149 54211.10908671 20.56 115.675991  29.856127 24.252
 57    14.928 54211.10908736 17.67 115.675111  29.852837 24.252
 57    14.000 54211.10908800 19.21 115.674221  29.849547 24.252
 58     9.741 54246.10911479 38.17 115.678436  29.864191 26.913
 58     9.739 54246.10911544 39.26 115.677546  29.860911 26.913
 58     9.865 54246.10911608 40.48 115.676656  29.857621 26.913
 58     9.713 54246.10911673 35.45 115.675766  29.854331 26.913
 58     9.444 54246.10911737 31.20 115.674886  29.851041 26.913
 58     8.901 54246.10911801 29.24 115.673996  29.847761 26.913
 60    19.195 54316.10912491 23.49 115.678545  29.862304 22.931
 60    19.188 54316.10912556 21.29 115.677655  29.859014 22.931
 60    19.473 54316.10912620 20.24 115.676765  29.855734 22.931
 60    19.368 54316.10912685 19.15 115.675875  29.852444 22.931
 60    19.395 54316.10912749 19.94 115.674985  29.849154 22.931
 61    16.938 54351.10909182 29.46 115.676354  29.865095 32.249
 61    17.069 54351.10909246 15.90 115.675461  29.861809 19.086
 61    16.421 54351.10909310 14.80 115.674571  29.858519 19.086
 61    16.446 54351.10909375 13.49 115.673681  29.855229 19.086
 61    16.564 54351.10909439 13.06 115.672801  29.851949 19.086
 61    22.525 54351.10909504 15.11 115.671911  29.848659 19.086
 62    16.214 54386.10906397 22.63 115.679660  29.862302 29.124
 62    15.625 54386.10906461 19.57 115.678769  29.859017 27.607
 62    12.341 54386.10906526 20.75 115.677889  29.855727 27.607
 62    12.435 54386.10906590 20.10 115.676999  29.852437 27.607
 62    15.260 54386.10906655 19.39 115.676109  29.849157 27.607
 63    16.349 54421.10904200 22.69 115.675622  29.864182 26.345
 63    15.672 54421.10904265 19.40 115.674732  29.860892 26.345
 63    13.071 54421.10904329 20.56 115.673849  29.857606 21.619
 63     9.069 54421.10904393 22.11 115.672959  29.854316 21.619
 63    15.380 54421.10904458 17.71 115.672069  29.851026 21.619
 63    22.301 54421.10904522 17.31 115.671189  29.847746 21.619
 64    16.099 54456.10903617 24.45 115.682115  29.864012 26.697
 64     7.818 54456.10903682 25.77 115.681228  29.860728 23.469
 64    14.318 54456.10903746 22.83 115.680338  29.857438 23.469
 64     7.945 54456.10903811 27.07 115.679448  29.854148 23.469
 64     7.750 54456.10903875 24.52 115.678558  29.850868 23.469
 64    18.244 54456.10903940 19.31 115.677668  29.847578 23.469
 65     8.220 54491.10904342 33.69 115.677463  29.863110 22.005
 65     8.250 54491.10904406 26.02 115.676573  29.859820 22.005
 65     8.426 54491.10904471 29.49 115.675683  29.856530 22.005
 65    12.921 54491.10904535 21.96 115.674793  29.853250 22.005
 65    15.226 54491.10904600 19.59 115.673913  29.849960 22.005
 65    16.032 54491.10904664 20.28 115.673023  29.846670 22.005
 66     8.033 54526.10904934 46.84 115.680976  29.862650 25.024
 66     8.098 54526.10904998 33.45 115.680086  29.859360 25.024
 66     7.988 54526.10905063 34.46 115.679206  29.856070 25.024
 66     8.020 54526.10905127 26.25 115.678316  29.852790 25.024
 66    13.875 54526.10905191 22.40 115.677426  29.849500 25.024
 67    16.284 54561.10905156 19.50 115.675586  29.863903 19.102
 67    15.458 54561.10905220 19.59 115.674696  29.860613 19.102
 67    15.336 54561.10905285 17.24 115.673816  29.857333 19.102
 67    15.031 54561.10905349 17.20 115.672926  29.854043 19.102
 67    15.793 54561.10905414 16.66 115.672036  29.850753 19.102
 67    15.968 54561.10905478 19.69 115.671146  29.847473 19.102
 68    15.936 54596.10904493 21.89 115.677604  29.862711 21.933
 68    15.952 54596.10904558 18.33 115.676714  29.859431 21.933
 68    14.526 54596.10904622 19.67 115.675834  29.856141 21.933
 68    15.006 54596.10904687 17.91 115.674944  29.852851 21.933
 68    15.859 54596.10904751 17.87 115.674054  29.849571 21.933
 69    16.019 54631.10905866 27.98 115.677214  29.864781 19.977
 69    14.096 54631.10905930 26.55 115.676324  29.861491 19.977
 69    13.988 54631.10905995 26.86 115.675444  29.858201 19.977
 69    13.876 54631.10906059 26.70 115.674554  29.854911 19.977
 69    13.800 54631.10906124 26.36 115.673664  29.851631 19.977
 69    13.945 54631.10906188 25.76 115.672774  29.848341 19.977
 70    16.375 54666.10906515 21.74 115.676002  29.862900 21.722
 70    15.955 54666.10906579 15.62 115.675112  29.859610 21.722
 70    15.448 54666.10906643 15.07 115.674232  29.856320 21.722
 70    15.064 54666.10906708 17.26 115.673342  29.853030 21.722
 70    16.354 54666.10906772 16.22 115.672452  29.849750 21.722
 70    22.595 54666.10906837 20.43 115.671562  29.846460 21.722
 71    17.735 54701.10903353 32.91 115.677112  29.864321 25.905
 71    17.288 54701.10903417 19.83 115.676222  29.861031 25.905
 71    16.918 54701.10903482 15.08 115.675332  29.857741 25.905
 71    16.906 54701.10903546 15.09 115.674452  29.854461 25.905
 71    16.905 54701.10903611 15.05 115.673562  29.851171 25.905
 71    22.344 54701.10903675 16.38 115.672672  29.847881 25.905
 72    16.710 54736.10902444 34.32 115.680536  29.864688 23.537
 72    16.532 54736.10902509 19.33 115.679646  29.861398 23.537
 72    16.312 54736.10902573 13.92 115.678756  29.858108 23.537
 72    15.848 54736.10902638 14.44 115.677876  29.854818 23.537
 72    15.810 54736.10902702 13.10 115.676986  29.851538 23.537
 72    16.176 54736.10902767 16.86 115.676096  29.848248 23.537
 73    16.758 54771.10901478 30.95 115.677738  29.863505 28.295
 73    10.011 54771.10901542 23.92 115.676848  29.860215 28.295
 73    10.267 54771.10901607 24.49 115.675968  29.856925 28.295
 73    10.142 54771.10901671 26.31 115.675078  29.853635 28.295
 73    13.994 54771.10901735 21.36 115.674188  29.850355 28.295
 73    22.459 54771.10901800 18.29 115.673298  29.847065 28.295
 74    15.210 54806.10901862 20.03 115.678633  29.862281 20.224
 74    15.592 54806.10901926 16.33 115.677743  29.858991 20.224
 74    14.285 54806.10901991 17.86 115.676863  29.855701 20.224
 74    14.017 54806.10902055 17.88 115.675973  29.852421 20.224
 74    15.655 54806.10902120 17.19 115.675083  29.849131 20.224
 75     8.295 54841.10900972 34.13 115.678594  29.865172 26.008
 75     8.320 54841.10901036 29.01 115.677704  29.861882 26.008
 75     8.108 54841.10901101 25.95 115.676814  29.858602 26.008
 75     8.236 54841.10901165 24.24 115.675934  29.855312 26.008
 75    13.396 54841.10901230 20.80 115.675044  29.852022 26.008
 75    15.924 54841.10901294 18.35 115.674154  29.848742 26.008
 76     8.052 54876.10902013 37.30 115.677491  29.862279 28.644
 76     8.114 54876.10902077 31.49 115.676611  29.858989 28.644
 76     8.122 54876.10902142 30.65 115.675721  29.855709 28.644
 76     7.734 54876.10902206 24.50 115.674831  29.852419 28.644
 76     7.542 54876.10902270 23.90 115.673941  29.849129 28.644
 77    15.989 54911.10901572 20.66 115.673563  29.863244 19.974
 77    15.125 54911.10901637 20.02 115.672683  29.859954 19.974
 77    14.930 54911.10901701 19.28 115.671793  29.856664 19.974
 77    13.357 54911.10901766 19.35 115.670903  29.853374 19.974
 77    14.881 54911.10901830 19.01 115.670013  29.850084 19.974
 77    26.226 54911.10901895 19.39 115.669133  29.846804 19.974
 78    34.089 54946.10901384 23.69 115.675181  29.853607 16.166
 78    33.098 54946.10901449 23.85 115.674291  29.850327 16.166
 78    24.448 54946.10901513 23.42 115.673401  29.847037 16.166
 79    17.614 54981.10903826 19.89 115.676660  29.864097 23.449
 79    16.722 54981.10903891 17.30 115.675770  29.860807 23.449
 79    16.069 54981.10903955 16.57 115.674890  29.857517 23.449
 79    15.706 54981.10904020 17.03 115.674000  29.854227 23.449
 79    15.996 54981.10904084 18.21 115.673110  29.850947 23.449
 79    16.755 54981.10904149 18.90 115.672220  29.847657 23.449
 80    15.440 55016.10904008 24.79 115.677439  29.862583 29.752
 80     7.741 55016.10904073 22.74 115.676549  29.859303 29.752
 80    15.152 55016.10904137 15.42 115.675669  29.856013 29.752
 80    15.439 55016.10904202 16.13 115.674779  29.852723 29.752
 80    15.981 55016.10904266 16.62 115.673889  29.849443 29.752
 81    17.037 55051.10903395 42.01 115.678801  29.864304 25.008
 81    16.832 55051.10903459 32.92 115.677911  29.861024 25.008
 81    16.938 55051.10903524 33.33 115.677021  29.857734 25.008
 81    16.220 55051.10903588 28.14 115.676141  29.854444 25.008
 81    16.191 55051.10903653 27.49 115.675251  29.851154 25.008
 81    15.621 55051.10903717 27.74 115.674361  29.847874 25.008
 82    16.173 55086.10899972 19.22 115.674358  29.863648 16.963
 82    16.099 55086.10900036 14.46 115.673468  29.860358 16.963
 82    15.570 55086.10900101 13.21 115.672588  29.857068 16.963
 82    15.232 55086.10900165 13.20 115.671698  29.853788 16.963
 82    15.657 55086.10900230 13.49 115.670808  29.850498 16.963
 82    23.847 55086.10900294 13.91 115.669918  29.847208 16.963
 83     9.707 55121.10896821 43.13 115.681314  29.864288 22.648
 83     9.884 55121.10896885 39.38 115.680424  29.861008 22.648
 83     9.884 55121.10896950 27.63 115.679534  29.857718 22.648
 83     9.906 55121.10897014 22.24 115.678644  29.854428 22.648
 83    14.081 55121.10897079 19.09 115.677764  29.851148 22.648
 83    15.696 55121.10897143 17.96 115.676874  29.847858 22.648
 84     8.931 55156.10896004 27.14 115.675041  29.862989 25.407
 84     8.790 55156.10896069 30.76 115.674161  29.859709 25.407
 84     8.809 55156.10896133 31.35 115.673271  29.856419 25.407
 84     8.649 55156.10896198 23.87 115.672381  29.853129 25.407
 84    15.284 55156.10896262 17.83 115.671491  29.849839 25.407
 84    23.687 55156.10896327 17.21 115.670611  29.846559 25.407
 85    16.323 55191.10895726 22.93 115.679974  29.864993 22.404
 85    15.054 55191.10895790 24.99 115.679084  29.861703 22.404
 85     8.441 55191.10895855 24.24 115.678194  29.858413 22.404
 85     8.313 55191.10895919 25.43 115.677314  29.855123 22.404
 85    12.214 55191.10895984 26.42 115.676424  29.851843 22.404
 85    14.724 55191.10896048 23.56 115.675534  29.848553 22.404
 86     8.487 55226.10896029 46.06 115.676176  29.865006 23.468
 86     8.453 55226.10896093 47.37 115.675286  29.861726 23.468
 86     8.492 55226.10896158 50.65 115.674396  29.858436 23.468
 86     8.382 55226.10896222 50.04 115.673506  29.855146 23.468
 86     8.081 55226.10896287 42.18 115.672616  29.851856 23.468
 86     7.940 55226.10896351 32.76 115.671736  29.848576 23.468
 87    15.171 55261.10895354 27.70 115.678839  29.862984 23.399
 87    12.883 55261.10895419 28.70 115.677949  29.859704 23.399
 87    13.508 55261.10895483 24.46 115.677059  29.856414 23.399
 87    33.705 55261.10895548 20.92 115.676169  29.853124 23.399
 87    16.822 55261.10895612 19.52 115.675289  29.849844 23.399
 88    16.577 55296.10894539 19.49 115.675510  29.862782 18.950
 88    15.079 55296.10894604 17.75 115.674620  29.859492 18.950
 88    15.387 55296.10894668 18.31 115.673740  29.856212 18.950
 88    15.125 55296.10894733 17.60 115.672850  29.852922 18.950
 88    16.399 55296.10894797 16.54 115.671960  29.849632 18.950
 88    22.845 55296.10894861 19.46 115.671070  29.846342 18.950
 89    23.519 55331.10893384 16.97 115.675927  29.863597 12.564
 89    17.902 55331.10893449 15.11 115.675037  29.860317 12.564
 89    17.131 55331.10893513 16.03 115.674147  29.857027 12.564
 89    15.892 55331.10893577 17.36 115.673257  29.853737 12.564
 89    16.943 55331.10893642 16.25 115.672367  29.850447 12.564
 89    16.260 55331.10893706 19.25 115.671487  29.847167 12.564
 90    17.562 55366.10892735 24.01 115.676996  29.863174 21.775
 90    16.996 55366.10892799 16.95 115.676116  29.859884 21.775
 90    16.797 55366.10892863 17.03 115.675226  29.856604 21.775
 90    16.776 55366.10892928 17.00 115.674336  29.853314 21.775
 90    16.728 55366.10892992 17.17 115.673446  29.850024 21.775
 90    16.609 55366.10893057 20.55 115.672566  29.846744 21.775
 91    16.581 55401.10893952 22.75 115.680251  29.864483 21.559
 91    19.911 55401.10894017 16.41 115.679361  29.861203 21.559
 91    19.774 55401.10894081 16.02 115.678471  29.857913 21.559
 91    19.521 55401.10894146 17.68 115.677581  29.854623 21.559
 91    18.620 55401.10894210 18.86 115.676691  29.851333 21.559
 91    15.892 55401.10894275 22.24 115.675811  29.848053 21.559
 92    18.099 55436.10894408 29.53 115.678911  29.863434 23.753
 92    17.073 55436.10894472 18.11 115.678031  29.860154 23.753
 92    16.830 55436.10894537 17.57 115.677141  29.856864 23.753
 92    16.087 55436.10894601 19.42 115.676251  29.853574 23.753
 92    16.035 55436.10894666 19.72 115.675361  29.850284 23.753
 92    16.401 55436.10894730 22.21 115.674471  29.847004 23.753
 93    17.726 55471.10889664 19.74 115.674916  29.862798 18.590
 93    17.018 55471.10889729 15.97 115.674026  29.859508 18.590
 93    16.451 55471.10889793 15.67 115.673146  29.856228 18.590
 93    16.255 55471.10889858 16.06 115.672256  29.852938 18.590
 93    16.143 55471.10889922 18.19 115.671366  29.849648 18.590
 93    26.633 55471.10889987 18.14 115.670476  29.846368 18.590
