-313673.170   484.865     0.00   59.78
-313297.713   456.367   -75.88   62.21
-312922.241   416.746  -105.50   60.87
-312546.754   371.176  -121.33   55.64
-312171.251   332.211  -103.74   42.65
-311795.732   313.772   -49.09   40.81
-311420.198   306.385   -19.67   39.23
-311044.649   308.296     5.09   45.55
-310669.084   317.072    23.36   50.15
-310293.503   315.490    -4.21   45.78
-309917.907   296.820   -49.70   39.31
-309542.295   279.433   -46.28   27.86
-309166.668   269.891   -25.40   21.49
-308791.025   268.537    -3.60   26.03
-308415.367   271.994     9.20   20.93
-308039.693   266.397   -14.89   20.45
-307664.004   261.629   -12.69   17.73
-307288.299   259.986    -4.37   16.06
-306912.578   261.748     4.69   18.43
-306536.842   292.605    82.10   51.42
-306161.091   341.374   129.76   75.64
-305785.323   387.748   123.38   71.27
-305409.540   406.723    50.48   54.26
-305033.742   391.224   -41.23   73.04
-304657.928   338.304  -140.78   75.21
-304282.099   286.630  -137.46   43.63
-303906.253   263.582   -61.31   29.91
-303530.393   246.510   -45.41   20.32
-303154.516   239.789   -17.88   15.81
-302778.624   236.082    -9.86   15.10
-302402.717   234.970    -2.96   17.54
-302026.794   231.677    -8.76   21.42
-301650.855   215.909   -41.93   31.63
-301274.900   202.986   -34.36   37.81
-300898.930   192.397   -28.16   37.05
-300522.945   193.897     3.99   38.47
-300146.943   220.558    70.89   52.73
-299770.926   257.702    98.76   57.72
-299394.894   284.490    71.22   49.85
-299018.846   291.531    18.72   61.66
-298642.782   291.188    -0.91   81.38
-298266.702   276.105   -40.09   71.00
-297890.607   264.203   -31.64   63.67
-297514.496   254.153   -26.71   61.61
-297138.370   239.677   -38.48   67.16
-296762.227   216.796   -60.82   57.51
-296386.070   214.605    -5.82   44.75
-296009.896   233.507    50.23   49.38
-295633.707   247.812    38.02   44.23
-295257.502   243.499   -11.46   44.03
-294881.282   218.439   -66.59   43.06
-294505.045   202.939   -41.19   29.85
-294128.793   198.374   -12.13   23.73
-293752.526   201.415     8.08   20.86
-293376.242   205.078     9.73   24.74
-292999.943   209.948    12.94   31.19
-292623.629   220.531    28.11   37.14
-292247.298   229.909    24.91   43.20
-291870.952   234.058    11.02   42.54
-291494.590   242.653    22.83   38.30
-291118.212   249.221    17.45   34.59
-290741.819   254.038    12.79   31.68
-290365.410   269.534    41.16   39.92
-289988.985   304.606    93.15   57.24
-289612.545   332.304    73.56   61.37
-289236.088   359.221    71.48   55.66
-288859.616   370.961    31.18   57.23
-288483.129   357.789   -34.98   75.80
-288106.625   358.653     2.29   69.47
-287730.106   370.676    31.92   61.84
-287353.571   379.653    23.83   47.25
-286977.020   386.114    17.16   36.22
-286600.453   382.039   -10.82   45.17
-286223.871   363.853   -48.28   55.86
-285847.273   325.177  -102.67   64.82
-285470.659   297.653   -73.06   62.66
-285094.029   279.433   -48.36   63.94
-284717.383   272.039   -19.63   76.92
-284340.722   285.140    34.77   79.62
-283964.045   285.165     0.06   75.71
-283587.352   288.723     9.44   67.81
-283210.643   312.118    62.09   86.70
-282833.919   335.380    61.73  100.81
-282457.179   361.179    68.46   94.95
-282080.422   359.312    -4.95   77.40
-281703.650   348.604   -28.41   59.73
-281326.863   303.909  -118.59   64.99
-280950.059   255.095  -129.52   62.54
-280573.240   220.422   -91.99   49.29
-280196.404   212.585   -20.79   37.76
-279819.553   212.345    -0.64   35.90
-279442.686   207.886   -11.83   37.86
-279065.803   192.583   -40.59   43.13
-278688.905   164.296   -75.04   39.58
-278311.990   150.017   -37.88   28.50
-277935.060   144.089   -15.72   23.33
-277558.113   138.448   -14.96   21.63
-277181.151   125.002   -35.66   25.76
-276804.173   114.746   -27.20   27.22
-276427.179   104.857   -26.22   21.41
-276052.006    97.285   -20.18   13.02
-275678.133    95.107    -5.82   14.00
-275304.244    91.953    -8.44   12.74
-274930.340    92.165     0.57   12.19
-274556.421    90.471    -4.53   10.14
-274182.486    91.799     3.55   11.65
-273808.535   100.107    22.21   18.33
-273434.568   108.206    21.65   18.28
-273060.586   107.244    -2.57   18.76
-272686.589   102.397   -12.96   16.31
-272312.575    95.025   -19.71   11.37
-271938.546    89.513   -14.73    8.79
-271564.502    86.679    -7.58    9.61
-271190.441    85.130    -4.14    8.88
-270816.365    83.217    -5.11    8.94
-270442.274    80.248    -7.93    9.23
-270068.167    79.769    -1.28    9.76
-269694.044    77.415    -6.29    8.52
-269319.905    73.562   -10.30    6.72
-268945.751    73.038    -1.40    6.83
-268571.581    79.903    18.34   19.24
-268197.395    92.582    33.88   27.85
-267823.194   109.234    44.49   39.95
-267448.977   115.558    16.89   45.60
-267074.744   111.702   -10.30   46.74
-266700.496    99.932   -31.44   43.37
-266326.232    87.092   -34.30   20.83
-265951.952    81.439   -15.10   14.65
-265577.657    82.796     3.63   14.49
-265203.346    81.141    -4.42   13.24
-264829.019    78.558    -6.90   10.75
-264454.676    77.105    -3.88    8.95
-264080.318    75.605    -4.01    8.41
-263705.944    72.458    -8.41    7.40
-263331.554    71.582    -2.34    7.56
-262957.148    70.994    -1.57    7.78
-262582.727    70.986    -0.02    6.21
-262208.290    73.198     5.91    6.74
-261833.838    75.258     5.50    6.14
-261459.369    77.105     4.93    6.64
-261084.885    77.582     1.27    6.61
-260710.385    75.048    -6.76    9.06
-260335.869    70.606   -11.86   11.25
-259961.338    64.932   -15.15   10.78
-259586.790    59.812   -13.67    8.05
-259212.227    57.141    -7.13    5.42
-258837.649    56.129    -2.70    4.60
-258463.054    57.558     3.81    6.42
-258088.444    58.986     3.81    7.15
-257713.818    62.141     8.42    7.87
-257339.176    62.979     2.23    6.80
-256964.518    63.558     1.55    5.75
-256589.844    64.335     2.07    6.29
-256215.155    65.129     2.12    7.11
-255840.450    66.034     2.41    8.78
-255465.729    66.513     1.28    6.38
-255090.992    69.862     8.93   12.18
-254716.240    74.560    12.53   15.41
-254341.471    77.002     6.51   12.44
-253966.687    78.891     5.04   11.93
-253591.887    76.839    -5.47    9.64
-253217.071    76.105    -1.96    9.86
-252842.239    73.862    -5.98    7.88
-252467.392    76.986     8.33    8.80
-252092.528    79.327     6.24    9.60
-251717.649    80.320     2.65   10.28
-251342.754    79.103    -3.24    9.89
-250967.843    78.403    -1.87    7.19
-250592.916    80.278     5.00    7.04
-250217.974    86.367    16.24   10.93
-249843.015    93.534    19.11   15.07
-249468.041    98.862    14.21   15.53
-249093.051   102.748    10.36   16.01
-248718.044   105.190     6.51   21.22
-248343.022    98.562   -17.67   20.66
-247967.984    95.775    -7.43   22.99
-247592.931    92.010   -10.04   23.75
-247217.861    89.676    -6.22   18.24
-246842.775    98.248    22.85   22.45
-246467.674   109.221    29.25   24.56
-246092.556   119.986    28.69   25.88
-245717.423   126.857    18.31   28.19
-245342.274   136.510    25.72   31.47
-244967.109   148.095    30.87   29.76
-244591.928   153.839    15.31   28.64
-244216.731   149.495   -11.58   27.11
-243841.518   138.017   -30.59   26.22
-243466.289   121.528   -43.93   25.22
-243091.044   112.653   -23.65   25.70
-242715.783   106.130   -17.38   18.41
-242340.507   114.867    23.28   29.24
-241965.214   123.494    22.98   34.79
-241589.905   123.089    -1.08   35.51
-241214.581   112.926   -27.07   38.01
-240839.240    96.048   -44.96   32.17
-240463.884    78.444   -46.89   15.71
-240088.512    68.955   -25.27   12.63
-239713.123    63.074   -15.66   11.93
-239337.719    60.539    -6.75    8.53
-238962.298    61.089     1.46    8.93
-238586.862    64.891    10.13   10.85
-238211.410    72.039    19.04    9.71
-237835.941    76.605    12.16    8.97
-237460.457    78.903     6.12    8.24
-237084.957    77.574    -3.54    9.96
-236709.440    71.244   -16.85   11.70
-236333.908    67.606    -9.68   12.37
-235958.360    68.289     1.82   14.47
-235582.795    73.490    13.85   17.15
-235207.215    79.499    16.00   18.20
-234831.619    87.062    20.13   16.17
-234456.006    92.422    14.27   17.60
-234080.378   103.351    29.09   22.25
-233704.733   110.221    18.29   27.44
-233329.073   118.915    23.14   31.46
-232953.396   134.744    42.13   40.34
-232577.704   146.679    31.76   43.30
-232201.995   145.767    -2.43   40.61
-231826.270   132.909   -34.21   47.13
-231450.530   105.630   -72.59   35.18
-231074.773    86.839   -50.00   20.48
-230699.000    77.371   -25.19   11.10
-230323.211    72.448   -13.10    9.17
-229947.406    68.775    -9.77    9.37
-229571.585    66.537    -5.95    7.90
-229195.747    67.816     3.40    8.48
-228819.894    72.336    12.02   10.35
-228444.025    74.698     6.28    8.93
-228068.139    76.469     4.71    8.43
-227692.238    75.994    -1.26    7.40
-227316.320    74.909    -2.89    5.03
-226940.386    75.304     1.05    5.31
-226564.436    73.025    -6.06    6.47
-226188.470    70.397    -6.99    7.72
-225812.488    68.471    -5.12    8.42
-225436.490    67.994    -1.27    7.78
-225060.476    66.839    -3.07    6.67
-224684.445    67.490     1.73    5.28
-224308.399    66.311    -3.13    4.86
-223932.336    64.698    -4.29    5.21
-223556.257    63.890    -2.15    5.48
-223180.162    63.971     0.22    5.66
-222804.051    64.072     0.27    5.37
-222427.923    62.723    -3.59    5.90
-222051.780    62.699    -0.06    6.00
-221675.620    62.294    -1.08    6.02
-221299.444    60.835    -3.88    5.98
-220923.252    60.702    -0.35    5.26
-220547.044    59.391    -3.48    5.93
-220170.820    57.583    -4.80    6.20
-219794.579    55.141    -6.49    6.75
-219418.323    53.244    -5.04    6.45
-219042.050    52.403    -2.23    5.69
-218665.761    53.560     3.07    5.02
-218289.455    55.281     4.57    5.97
-217913.134    56.320     2.76    6.66
-217536.796    54.886    -3.81    6.90
-217160.442    54.012    -2.32    7.17
-216784.072    53.448    -1.50    6.41
-216407.686    52.177    -3.38    5.31
-216031.283    51.304    -2.32    5.46
-215654.864    50.320    -2.61    5.22
-215278.429    48.921    -3.71    5.50
-214901.978    47.176    -4.64    5.01
-214525.511    45.853    -3.51    4.99
-214149.027    43.403    -6.51    5.92
-213772.527    40.141    -8.66    5.99
-213396.011    38.391    -4.65    5.15
-213019.478    37.312    -2.87    4.70
-212642.930    37.268    -0.12    4.99
-212266.365    36.767    -1.33    5.35
-211889.783    36.058    -1.88    4.91
-211513.186    34.886    -3.11    4.47
-211136.572    33.653    -3.27    3.85
-210759.942    34.303     1.73    4.57
-210383.296    34.176    -0.34    5.25
-210006.633    32.378    -4.77    5.34
-209629.954    31.772    -1.61    4.31
-209253.259    31.583    -0.50    3.34
-208876.548    32.019     1.16    2.67
-208499.820    33.517     3.98    3.37
-208123.076    37.478    10.51   11.12
-207746.315    40.198     7.22   11.01
-207369.538    41.327     3.00   10.22
-206992.745    44.676     8.89   11.02
-206615.936    52.367    20.41   17.94
-206239.110    71.422    50.56   32.45
-205862.268    98.017    70.56   42.77
-205485.410   124.403    70.00   49.97
-205108.535   139.391    39.76   48.14
-204731.644   148.789    24.93   51.76
-204354.737   149.799     2.68   46.22
-203977.813   125.539   -64.35   41.55
-203600.873   112.403   -34.84   40.82
-203223.917   100.676   -31.10   36.86
-202846.944    91.072   -25.47   29.38
-202469.955    87.932    -8.33   30.20
-202092.949    90.448     6.67   37.51
-201715.927    86.294   -11.02   39.22
-201338.889    78.448   -20.80   34.07
-200964.158    74.843    -9.62   23.05
-200590.341    67.444   -19.79   16.45
-200216.509    63.653   -10.14   14.65
-199842.660    58.921   -12.65    9.51
-199468.796    57.357    -4.18    9.11
-199094.915    56.653    -1.88    8.36
-198721.018    53.886    -7.40    6.92
-198347.105    51.534    -6.29    5.81
-197973.176    50.939    -1.59    5.84
-197599.231    49.510    -3.82    4.38
-197225.270    47.604    -5.10    5.21
-196851.293    44.676    -7.83    5.69
-196477.299    41.019    -9.78    5.47
-196103.290    38.835    -5.84    4.68
-195729.264    37.698    -3.04    5.03
-195355.222    37.746     0.13    5.26
-194981.164    37.772     0.07    5.08
-194607.090    35.792    -5.29    5.06
-194232.999    35.095    -1.86    4.75
-193858.893    35.962     2.32    4.24
-193484.770    36.010     0.13    4.61
-193110.631    36.767     2.02    4.36
-192736.476    36.444    -0.86    4.80
-192362.305    36.698     0.68    4.92
-191988.118    37.816     2.99    3.95
-191613.914    38.296     1.28    3.27
-191239.694    37.272    -2.74    3.62
-190865.459    36.490    -2.09    3.43
-190491.206    34.857    -4.36    3.72
-190116.938    33.107    -4.68    4.61
-189742.654    30.857    -6.01    4.67
-189368.353    28.769    -5.58    4.43
-188994.036    26.843    -5.14    4.01
-188619.703    25.862    -2.62    3.40
-188245.354    24.880    -2.62    2.70
-187870.988    25.118     0.64    3.15
-187496.606    24.289    -2.21    3.71
-187122.208    22.979    -3.50    4.14
-186747.794    22.120    -2.29    3.93
-186373.364    20.915    -3.22    3.26
-185998.917    20.010    -2.42    1.39
-185624.454    19.939    -0.19    1.47
-185249.975    19.979     0.11    1.54
-184875.479    20.585     1.62    1.73
-184500.968    21.002     1.11    2.09
-184126.440    22.490     3.97    2.98
-183751.895    24.426     5.17    4.06
-183377.335    26.177     4.67    4.76
-183002.758    27.699     4.06    4.86
-182628.165    29.095     3.72    4.68
-182253.556    30.746     4.41    4.56
-181878.930    31.839     2.92    4.13
-181504.288    32.915     2.87    3.83
-181129.630    33.909     2.65    3.54
-180754.955    33.165    -1.99    4.26
-180380.265    32.397    -2.05    5.11
-180005.558    30.343    -5.48    5.53
-179630.834    28.258    -5.57    4.89
-179256.095    27.118    -3.04    3.95
-178881.338    26.507    -1.63    3.33
-178506.566    27.971     3.91    4.33
-178131.777    29.058     2.90    4.52
-177756.972    29.986     2.48    5.19
-177382.151    30.653     1.78    5.26
-177007.314    30.862     0.56    4.54
-176632.460    31.467     1.61    4.30
-176257.589    32.953     3.96    4.47
-175882.702    34.721     4.72    4.99
-175507.799    34.775     0.14    4.91
-175132.880    34.605    -0.45    4.90
-174757.944    33.723    -2.35    3.94
-174382.992    33.177    -1.46    3.49
-174008.024    32.221    -2.55    3.66
-173633.039    30.753    -3.91    4.27
-173258.038    29.039    -4.57    4.10
-172883.020    27.724    -3.51    3.47
-172507.986    29.048     3.53    5.39
-172132.936    32.224     8.47    9.57
-171757.869    34.853     7.01    9.36
-171382.786    34.812    -0.11    8.82
-171007.686    34.602    -0.56    8.30
-170632.570    32.510    -5.57    5.16
-170257.438    31.537    -2.59    5.03
-169882.289    31.304    -0.62    4.90
-169507.124    31.085    -0.58    5.89
-169131.942    31.303     0.58    6.27
-168756.744    30.039    -3.37    6.50
-168381.530    29.482    -1.48    6.75
-168006.299    27.562    -5.12    6.39
-167631.051    27.494    -0.18    6.69
-167255.787    25.531    -5.23    7.47
-166880.507    24.176    -3.61    7.27
-166505.211    22.473    -4.54    7.38
-166129.897    20.994    -3.94    7.62
-165754.568    19.397    -4.25    7.44
-165379.222    16.862    -6.75    6.16
-165003.859    15.062    -4.80    3.47
-164628.480    14.303    -2.02    3.53
-164253.085    15.767     3.90    5.15
-163877.673    17.961     5.84    5.80
-163502.244    18.141     0.48    5.12
-163126.800    18.062    -0.21    4.62
-162751.338    18.201     0.37    4.37
-162375.860    19.585     3.69    4.74
-162000.366    22.781     8.51    4.33
-161624.855    24.176     3.71    4.19
-161249.328    26.211     5.42    4.46
-160873.784    28.025     4.83    4.31
-160498.223    29.769     4.64    4.71
-160122.647    30.092     0.86    4.98
-159747.053    28.517    -4.19    5.42
-159371.443    26.243    -6.05    5.33
-158995.817    24.188    -5.47    4.42
-158620.174    23.744    -1.18    4.45
-158244.514    23.118    -1.67    4.41
-157868.838    22.539    -1.54    4.77
-157493.145    20.311    -5.93    5.17
-157117.436    18.926    -3.69    5.44
-156741.710    18.201    -1.93    5.46
-156365.968    16.630    -4.18    5.23
-155990.209    14.723    -5.08    4.96
-155614.434    13.336    -3.69    8.04
-155238.642     9.448   -10.34    8.17
-154862.833     7.243    -5.87    8.26
-154487.008     6.095    -3.05    7.72
-154111.166     5.812    -0.75    4.68
-153735.308     7.188     3.66    5.29
-153359.433     8.448     3.35    5.79
-152983.542     8.285    -0.44    5.12
-152607.633     8.380     0.25    4.54
-152231.709     9.433     2.80    4.96
-151855.767    11.267     4.88    5.51
-151479.809    14.221     7.86    4.69
-151103.835    15.824     4.26    4.43
-150727.844    17.244     3.78    4.72
-150351.836    18.448     3.20    4.40
-149975.812    18.017    -1.15    4.65
-149599.771    17.403    -1.63    4.95
-149223.713    14.676    -7.25    6.24
-148847.639    14.653    -0.06    8.44
-148471.548    12.706    -5.18    9.47
-148095.440     9.312    -9.02    9.42
-147719.316     6.726    -6.87    8.50
-147343.175     3.831    -7.70    3.71
-146967.017     2.812    -2.71    0.96
-146590.843     2.629    -0.49    0.61
-146214.652     2.698     0.19    0.75
-145838.445     3.063     0.97    1.43
-145462.220     3.426     0.96    2.37
-145085.979     4.130     1.87    3.42
-144709.722     3.909    -0.59    3.22
-144333.447     5.176     3.37    4.08
-143957.156     5.337     0.43    3.95
-143580.849     6.289     2.53    4.24
-143204.524     7.778     3.96    4.46
-142828.183     7.053    -1.93    4.39
-142451.825     7.835     2.08    4.81
-142075.451     8.772     2.49    4.83
-141699.060    10.539     4.69    5.19
-141322.652    13.909     8.95    5.15
-140946.227    14.653     1.98    5.16
-140569.786    15.746     2.90    5.30
-140193.328    14.188    -4.14    6.59
-139816.853    10.130   -10.78    7.75
-139440.361     6.089   -10.73    6.23
-139063.853     3.494    -6.89    2.92
-138687.328     2.653    -2.23    0.00
-138310.786     2.653     0.00    0.00
-137934.227     2.653     0.00    0.00
-137557.652     2.653     0.00    0.00
-137181.059     2.653     0.00    0.00
-136804.451     2.653     0.00    0.00
-136427.825     2.653     0.00    0.00
-136051.182     2.653     0.00    0.00
-135674.523     2.653     0.00    0.00
-135297.847     2.653     0.00    0.00
-134921.154     2.653     0.00    0.00
-134544.445     2.857     0.54    1.36
-134167.718     2.653    -0.54    0.00
-133790.975     2.653     0.00    0.00
-133414.215     2.653     0.00    0.00
-133037.438     2.653     0.00    0.00
-132660.644     2.653     0.00    0.00
-132283.834     2.653     0.00    0.00
-131907.006     2.653     0.00    0.00
-131530.162     2.653     0.00    0.00
-131153.301     2.653     0.00    0.00
-130776.423     2.653     0.00    0.00
-130399.529     2.653     0.00    0.00
-130022.617     2.676     0.06    0.15
-129645.689     2.653    -0.06    0.00
-129268.744     2.880     0.60    1.08
-128891.782     3.962     2.87    3.06
-128514.803     5.778     4.82    4.23
-128137.807     8.721     7.81    5.29
-127760.794     9.628     2.41    5.14
-127383.765     7.915    -4.54    5.49
-127006.718     6.211    -4.52    5.27
-126629.655     3.986    -5.90    3.54
-126252.575     3.130    -2.27    1.89
-125878.286     3.116    -0.04    1.80
-125504.525     3.244     0.34    2.28
-125130.747     2.677    -1.52    2.02
-124756.953     2.490    -0.50    2.03
-124383.141     2.258    -0.62    1.29
-124009.314     1.962    -0.79    1.18
-123635.470     1.630    -0.89    1.15
-123261.609     1.453    -0.47    1.20
-122887.731     1.130    -0.86    0.90
-122513.837     0.986    -0.38    0.75
-122139.926     0.767    -0.59    0.32
-121765.999     0.653    -0.30    0.00
-121392.055     0.653     0.00    0.00
-121018.094     0.653     0.00    0.00
-120644.117     0.704     0.14    0.32
-120270.123     1.017     0.84    0.94
-119896.113     1.188     0.46    1.01
-119522.086     1.374     0.50    1.10
-119148.042     1.767     1.05    1.38
-118773.982     1.928     0.43    1.26
-118399.904     2.017     0.24    1.22
-118025.811     2.140     0.33    1.21
-117651.700     2.072    -0.18    1.33
-117277.573     1.812    -0.69    1.31
-116903.429     1.955     0.38    1.35
-116529.269     2.494     1.44    1.57
-116155.092     3.074     1.55    1.18
-115780.898     3.176     0.27    1.07
-115406.688     3.128    -0.13    1.04
-115032.461     3.107    -0.05    1.13
-114658.217     2.767    -0.91    1.33
-114283.956     3.444     1.81    1.66
-113909.679     3.426    -0.05    1.68
-113535.385     3.337    -0.24    1.73
-113161.074     3.494     0.42    1.06
-112786.747     3.327    -0.44    1.11
-112412.403     3.380     0.14    1.15
-112038.042     3.564     0.49    1.20
-111663.664     3.453    -0.30    1.24
-111289.270     3.812     0.96    1.27
-110914.859     4.232     1.12    1.52
-110540.431     4.494     0.70    1.57
-110165.987     4.676     0.49    1.35
-109791.525     4.403    -0.73    1.35
-109417.047     4.374    -0.08    1.22
-109042.552     4.063    -0.83    1.50
-108668.041     4.198     0.36    1.73
-108293.513     4.428     0.61    1.79
-107918.967     4.542     0.30    1.71
-107544.406     4.351    -0.51    1.49
-107169.827     3.880    -1.26    1.61
-106795.231     3.335    -1.46    1.43
-106420.619     3.243    -0.25    1.45
-106045.990     3.244     0.00    1.35
-105671.344     3.433     0.51    1.24
-105296.682     3.234    -0.53    1.31
-104922.002     3.025    -0.56    1.48
-104547.306     2.699    -0.87    1.50
-104172.593     2.494    -0.55    1.43
-103797.863     2.679     0.49    1.55
-103423.117     2.676    -0.01    1.56
-103048.353     2.606    -0.18    1.57
-102673.573     2.698     0.25    1.68
-102298.776     2.630    -0.18    1.61
-101923.962     2.678     0.13    1.40
-101549.131     2.948     0.72    1.21
-101174.283     3.453     1.35    1.16
-100799.419     4.017     1.50    1.16
-100424.537     4.560     1.45    1.21
-100049.639     4.583     0.06    1.24
 -99674.724     4.746     0.43    1.41
 -99299.792     4.704    -0.11    1.38
 -98924.843     4.812     0.29    1.51
 -98549.878     5.003     0.51    1.42
 -98174.895     5.072     0.18    1.47
 -97799.896     5.039    -0.09    1.54
 -97424.879     4.746    -0.78    1.06
 -97049.846     4.948     0.54    1.13
 -96674.796     5.203     0.68    1.18
 -96299.729     4.926    -0.74    1.25
 -95924.645     4.796    -0.35    1.37
 -95549.544     4.448    -0.93    1.55
 -95174.427     3.767    -1.82    1.63
 -94799.292     2.872    -2.38    1.35
 -94424.140     2.517    -0.95    1.32
 -94048.972     2.078    -1.17    1.01
 -93673.786     1.698    -1.01    0.30
 -93298.584     1.699     0.00    0.30
 -92923.365     1.932     0.62    0.70
 -92548.129     2.915     2.62    1.86
 -92172.875     3.653     1.97    2.00
 -91797.605     4.471     2.18    1.79
 -91422.318     5.003     1.42    1.51
 -91047.014     4.792    -0.56    1.39
 -90671.693     4.994     0.54    1.18
 -90296.355     4.676    -0.85    1.41
 -89921.000     4.221    -1.21    2.00
 -89545.628     3.728    -1.31    2.58
 -89170.240     2.948    -2.08    2.84
 -88794.834     2.939    -0.03    3.11
 -88419.411     2.769    -0.45    3.28
 -88043.971     2.789     0.05    3.16
 -87668.514     3.068     0.74    3.07
 -87293.040     4.153     2.89    2.49
 -86917.550     4.653     1.33    2.21
 -86542.042     4.585    -0.18    1.55
 -86166.517     4.444    -0.38    1.30
 -85790.975     4.165    -0.74    1.56
 -85415.416     3.676    -1.30    1.57
 -85039.840     3.525    -0.40    1.52
 -84664.247     3.107    -1.11    1.72
 -84288.637     3.178     0.19    1.63
 -83913.010     2.746    -1.15    2.08
 -83537.366     2.312    -1.16    2.23
 -83161.705     2.327     0.04    2.22
 -82786.027     2.267    -0.16    2.19
 -82410.332     1.953    -0.83    2.34
 -82034.620     1.789    -0.44    2.32
 -81658.890     1.558    -0.62    2.41
 -81283.144     1.562     0.01    2.36
 -80907.380     1.248    -0.84    2.16
 -80531.600     1.503     0.68    2.24
 -80155.802     1.107    -1.05    2.41
 -79779.988     0.428    -1.81    2.43
 -79404.156     0.786     0.95    2.29
 -79028.307     0.862     0.20    2.10
 -78652.441     1.723     2.29    2.05
 -78276.558     2.403     1.81    1.46
 -77900.658     2.371    -0.09    1.45
 -77524.741     1.721    -1.73    1.82
 -77148.806     0.867    -2.27    2.01
 -76772.855    -0.006    -2.32    1.90
 -76396.886    -0.665    -1.75    1.58
 -76020.900    -1.038    -0.99    1.12
 -75644.897    -1.347    -0.82    0.00
 -75268.877    -1.347     0.00    0.00
 -74892.840    -1.347     0.00    0.00
 -74516.786    -1.347     0.00    0.00
 -74140.715    -1.347     0.00    0.00
 -73764.626    -1.347     0.00    0.00
 -73388.520    -1.347     0.00    0.00
 -73012.397    -1.347     0.00    0.00
 -72636.257    -1.347     0.00    0.00
 -72260.100    -1.347     0.00    0.00
 -71883.926    -1.347     0.00    0.00
 -71507.734    -1.347     0.00    0.00
 -71131.525    -1.347     0.00    0.00
 -70755.299    -1.347     0.00    0.00
 -70379.056    -1.347     0.00    0.00
 -70002.796    -1.347     0.00    0.00
 -69626.518    -1.347     0.00    0.00
 -69250.224    -1.347     0.00    0.00
 -68873.912    -1.347     0.00    0.00
 -68497.583    -1.347     0.00    0.00
 -68121.236    -1.347     0.00    0.00
 -67744.873    -1.347     0.00    0.00
 -67368.492    -1.347     0.00    0.00
 -66992.094    -1.347     0.00    0.00
 -66615.679    -1.347     0.00    0.00
 -66239.246    -1.347     0.00    0.00
 -65862.797    -1.347     0.00    0.00
 -65486.330    -1.347     0.00    0.00
 -65109.845    -1.347     0.00    0.00
 -64733.344    -1.347     0.00    0.00
 -64356.825    -1.347     0.00    0.00
 -63980.289    -1.347     0.00    0.00
 -63603.736    -1.065     0.75    1.10
 -63227.165     1.948     8.00    8.17
 -62850.578    11.403    25.10   15.51
 -62473.973    19.025    20.24   14.59
 -62097.350    19.948     2.45   12.94
 -61720.711    16.053   -10.34   13.16
 -61344.054     7.585   -22.48   10.78
 -60967.379     1.553   -16.01    5.85
 -60590.688    -0.880    -6.46    2.31
 -60213.979    -1.347    -1.24    0.00
 -59837.253    -1.347     0.00    0.00
 -59460.509    -1.347     0.00    0.00
 -59083.749    -1.296     0.14    0.32
 -58706.971    -0.893     1.07    1.09
 -58330.175     4.188    13.48   11.40
 -57953.362    17.165    34.44   28.90
 -57576.532    25.742    22.76   31.51
 -57199.685    25.078    -1.76   27.56
 -56822.820    18.744   -16.81   21.88
 -56445.938     8.848   -26.26    4.77
 -56069.039     6.748    -5.57    5.13
 -55692.122     4.072    -7.10    3.94
 -55315.188     2.367    -4.52    2.19
 -54938.236     1.971    -1.05    1.20
 -54561.267     1.629    -0.91    1.35
 -54184.281     1.606    -0.06    1.38
 -53807.277     1.304    -0.80    1.46
 -53430.256     1.017    -0.76    1.56
 -53053.218     0.857    -0.42    1.81
 -52676.162     0.604    -0.67    2.25
 -52299.089     0.062    -1.44    2.16
 -51921.998    -0.324    -1.02    1.85
 -51544.890     0.224     1.45    2.72
 -51167.765     0.698     1.26    2.64
 -50793.926     1.701     2.68    3.57
 -50420.225     6.897    13.91   12.18
 -50046.506    10.224     8.90   13.63
 -49672.771    11.653     3.82   14.62
 -49299.018    10.082    -4.20   15.22
 -48925.249     3.188   -18.44    7.80
 -48551.462    -0.574   -10.06    2.44
 -48177.658    -1.347    -2.07    0.00
 -47803.837    -1.233     0.30    0.75
 -47429.999    -1.347    -0.30    0.00
 -47056.143    -1.347     0.00    0.00
 -46682.271    -1.347     0.00    0.00
 -46308.382    -1.347     0.00    0.00
 -45934.475    -1.254     0.25    0.61
 -45560.551    -0.567     1.84    1.89
 -45186.610     0.698     3.38    2.61
 -44812.652     2.482     4.77    2.67
 -44438.677     4.211     4.62    2.35
 -44064.685     6.272     5.51    2.80
 -43690.675     7.812     4.12    2.73
 -43316.649     9.746     5.17    3.25
 -42942.605    12.433     7.18    4.05
 -42568.544    17.312    13.04   10.99
 -42194.466    20.403     8.26   11.08
 -41820.370    22.932     6.76   10.55
 -41446.258    22.886    -0.12    6.25
 -41072.128    26.494     9.64    7.75
 -40697.981    31.357    13.00    8.69
 -40323.817    37.178    15.56    9.76
 -39949.636    41.039    10.32    9.77
 -39575.438    45.679    12.40   10.00
 -39201.222    53.129    19.91   13.88
 -38826.989    68.932    42.23   23.72
 -38452.739    78.886    26.59   21.36
 -38078.472    78.342    -1.45   22.83
 -37704.187    65.178   -35.17   33.29
 -37329.886    47.426   -47.43   38.91
 -36955.567    23.353   -64.31   30.80
 -36581.230     9.772   -36.28   20.10
 -36206.877     0.979   -23.49    6.52
 -35832.506    -1.347    -6.21    0.00
 -35458.118    -1.347     0.00    0.00
 -35083.713    -1.347     0.00    0.00
 -34709.291    -1.347     0.00    0.00
 -34334.851    -1.347     0.00    0.00
 -33960.394    -1.347     0.00    0.00
 -33585.920    -1.347     0.00    0.00
 -33211.428    -1.347     0.00    0.00
 -32836.919    -1.347     0.00    0.00
 -32462.393    -1.249     0.26    0.44
 -32087.850     0.198     3.87    4.88
 -31713.289     0.630     1.15    4.97
 -31338.711     1.085     1.21    5.25
 -30964.116     0.017    -2.85    1.71
 -30589.504     0.034     0.05    1.96
 -30214.874     0.744     1.90    4.57
 -29840.227     0.803     0.16    4.52
 -29465.562     1.812     2.69    4.03
 -29090.880     5.490     9.82    7.90
 -28716.181     8.698     8.56    9.98
 -28341.465     8.327    -0.99   10.01
 -27966.731     4.953    -9.00    8.25
 -27591.980     1.994    -7.90    4.01
 -27217.212     1.730    -0.70    2.98
 -26842.426     8.258    17.42   13.62
 -26467.623    29.234    55.97   30.64
 -26092.802    43.072    36.92   28.27
 -25717.964    52.453    25.03   19.98
 -25343.109    57.378    13.14   11.37
 -24968.236    55.585    -4.78   10.63
 -24593.347    58.114     6.75   10.40
 -24218.439    58.701     1.56   10.96
 -23843.515    55.994    -7.22   11.07
 -23468.572    54.327    -4.44   11.40
 -23093.613    48.812   -14.71   10.94
 -22718.636    46.628    -5.82   10.43
 -22343.642    42.289   -11.57   10.67
 -21968.630    39.458    -7.55    9.23
 -21593.601    36.403    -8.15   10.05
 -21218.555    34.153    -6.00   10.06
 -20843.491    35.962     4.82   11.52
 -20468.409    38.676     7.23   12.19
 -20093.311    40.190     4.04   14.24
 -19718.194    42.403     5.90   16.82
 -19343.061    59.490    45.55   33.74
 -18967.910    78.630    51.02   40.69
 -18592.741    91.420    34.09   32.43
 -18217.555    99.751    22.20   25.28
 -17842.352   104.312    12.16   31.63
 -17467.131   113.553    24.63   34.18
 -17091.893   122.072    22.70   31.67
 -16716.637   127.211    13.70   32.11
 -16341.364   129.095     5.02   38.62
 -15966.073   125.253   -10.24   37.59
 -15590.765   139.703    38.50   56.04
 -15215.440   164.812    66.90   74.11
 -14840.096   220.433   148.19   90.26
 -14464.736   271.058   134.87   92.50
 -14089.358   304.537    89.19   72.65
 -13713.962   295.177   -24.93   76.26
 -13338.549   257.880   -99.35   93.69
 -12963.118   193.799  -170.68   75.27
 -12587.670   154.176  -105.54   41.87
 -12212.205   136.129   -48.06   27.96
 -11836.722   122.153   -37.22   34.79
 -11461.221   106.539   -41.58   44.26
 -11085.703    88.824   -47.18   39.04
 -10710.167    71.017   -47.42   21.89
 -10334.614    75.915    13.04   25.35
  -9959.043    74.583    -3.55   23.49
  -9583.455    67.886   -17.83   22.13
  -9207.849    57.880   -26.64   23.55
  -8832.225    43.585   -38.06   25.54
  -8456.584    32.190   -30.34   22.08
  -8080.926    27.120   -13.50   14.95
  -7705.250    31.258    11.01   16.26
  -7329.556    35.534    11.38   14.62
  -6953.845    41.085    14.77   10.58
  -6578.116    44.312     8.59    9.05
  -6202.370    46.107     4.78    7.90
  -5826.606    45.153    -2.54    8.59
  -5450.824    42.721    -6.47    8.81
  -5075.025    40.560    -5.75    8.12
  -4699.208    38.537    -5.38    8.60
  -4323.374    33.471   -13.48    9.06
  -3947.522    27.748   -15.23   10.99
  -3571.652    19.835   -21.05   11.17
  -3195.765    13.653   -16.45    7.79
  -2819.860    11.364    -6.09    6.09
  -2443.937     9.676    -4.49    5.26
  -2067.997    10.131     1.21    5.26
  -1692.039     8.513    -4.30    5.18
  -1316.064     5.510    -7.99    5.69
   -940.071     2.304    -8.53    5.19
   -564.060    -0.483    -7.41    2.69
   -188.032    -0.188     0.79    3.68
    188.014     2.062     5.98    4.99
    564.078     4.630     6.83    4.87
    940.159     6.327     4.51    3.05
   1316.258     7.118     2.10    1.56
   1692.375     6.448    -1.78    1.27
   2068.509     6.039    -1.09    1.30
   2444.661     6.062     0.06    1.57
   2820.831     5.630    -1.15    1.64
   3197.018     5.562    -0.18    1.61
   3573.223     5.630     0.18    1.58
   3949.446     5.699     0.18    1.45
   4325.687     5.467    -0.62    1.52
   4701.945     5.221    -0.65    1.56
   5078.221     4.839    -1.02    1.55
   5454.514     4.839     0.00    1.35
   5830.826     4.631    -0.55    1.27
   6207.155     4.767     0.36    1.63
   6583.502     4.364    -1.07    2.07
   6959.866     4.211    -0.41    2.29
   7336.249     4.165    -0.12    2.43
   7712.649     3.903    -0.70    2.11
   8089.067     3.699    -0.54    2.28
   8465.502     3.267    -1.15    2.05
   8841.956     3.198    -0.18    1.93
   9218.427     2.812    -1.03    1.87
   9594.916     2.796    -0.04    1.95
   9971.422     2.857     0.16    1.94
  10347.947     2.875     0.05    1.65
  10724.489     3.335     1.22    2.03
  11101.049     3.812     1.27    2.12
  11477.626     3.653    -0.42    2.14
  11854.222     3.853     0.53    2.17
  12230.835     3.772    -0.21    2.04
  12607.467     3.903     0.35    1.93
  12984.116     4.467     1.50    1.83
  13360.782     4.769     0.80    1.76
  13737.467     4.676    -0.25    2.06
  14114.169     4.728     0.14    2.00
  14490.890     3.653    -2.85    2.18
  14867.628     2.560    -2.90    2.18
  15244.384     1.909    -1.73    1.71
  15621.157     1.534    -0.99    1.45
  15997.949     1.403    -0.35    1.55
  16374.758     1.335    -0.18    1.33
  16751.586     0.848    -1.29    1.03
  17128.431     0.926     0.21    1.11
  17505.294     1.130     0.54    1.17
  17882.175     1.211     0.21    1.20
  18259.073     1.176    -0.09    1.28
  18635.990     1.028    -0.39    1.17
  19012.924     0.767    -0.69    1.47
  19389.877     0.583    -0.49    1.40
  19766.847     0.562    -0.06    1.46
  20143.835     0.267    -0.78    1.35
  20520.841     0.453     0.49    1.22
  20897.865     0.380    -0.19    1.02
  21274.907     0.263    -0.31    1.00
  21651.967     0.244    -0.05    0.82
  22029.045     0.289     0.12    1.01
  22406.140     0.420     0.35    1.02
  22783.254     0.767     0.92    0.97
  23160.385     1.021     0.68    1.34
  23537.535     1.380     0.95    1.53
  23914.469     1.839     1.22    1.64
  24288.101     2.275     1.17    1.60
  24661.749     2.517     0.65    1.29
  25035.416     2.415    -0.27    1.39
  25409.100     1.926    -1.31    1.53
  25782.801     1.232    -1.86    2.07
  26156.520     0.857    -1.00    1.94
  26530.257     0.606    -0.67    1.96
  26904.011     0.675     0.18    1.85
  27277.783     1.231     1.49    1.47
  27651.573     1.462     0.62    1.13
  28025.380     1.630     0.45    1.13
  28399.205     1.521    -0.29    1.02
  28773.047     1.539     0.05    0.99
  29146.907     1.490    -0.13    0.95
  29520.785     1.831     0.91    1.25
  29894.680     2.342     1.37    1.93
  30268.594     2.962     1.66    2.63
  30642.524     3.676     1.91    3.38
  31016.473     4.416     1.98    3.62
  31390.439     4.744     0.88    3.66
  31764.422     5.537     2.12    4.12
  32138.424     5.853     0.85    4.03
  32512.443     6.142     0.77    3.78
  32886.480     5.891    -0.67    3.92
  33260.534     5.539    -0.94    3.37
  33634.606     4.811    -1.95    1.37
  34008.696     4.744    -0.18    1.49
  34382.803     5.490     1.99    1.80
  34756.929     6.342     2.28    1.93
  35131.072     7.176     2.23    2.24
  35505.232     8.534     3.63    2.22
  35879.411     9.562     2.75    2.71
  36253.607    10.679     2.98    2.57
  36627.821    11.698     2.73    2.54
  37002.052    12.835     3.04    2.76
  37376.301    13.653     2.19    3.57
  37750.568    14.335     1.82    3.59
  38124.853    14.994     1.76    3.96
  38499.156    15.835     2.25    3.98
  38873.476    16.704     2.32    3.84
  39247.814    18.244     4.11    3.96
  39622.170    20.244     5.34    4.02
  39996.543    22.304     5.50    4.12
  40370.935    24.335     5.42    3.56
  40745.344    24.653     0.85    3.22
  41119.771    25.062     1.09    2.81
  41494.215    25.038    -0.07    2.69
  41868.678    24.380    -1.76    2.29
  42243.158    24.335    -0.12    2.20
  42617.656    24.886     1.47    2.08
  42992.172    26.120     3.30    2.43
  43366.706    28.928     7.50    4.04
  43741.257    32.698    10.07    6.82
  44115.826    39.935    19.32   12.81
  44490.414    52.537    33.64   26.57
  44865.019    90.653   101.75   66.05
  45239.641   154.025   169.17   99.16
  45614.282   209.786   148.85   92.19
  45988.940   242.978    88.60   58.70
  46363.617   224.971   -48.06   65.69
  46738.311   171.602  -142.44   71.78
  47113.023   126.926  -119.23   64.37
  47487.753   118.153   -23.41   65.64
  47862.500   153.955    95.54   99.07
  48237.266   222.994   184.23  123.67
  48612.049   285.978   168.06  109.02
  48986.851   255.017   -82.61  116.95
  49361.670   196.605  -155.85  124.95
  49736.507   131.039  -174.93   91.66
  50111.362    96.607   -91.86   53.29
  50486.235   101.304    12.53   72.94
  50861.125    99.062    -5.98   56.63
  51236.034   113.028    37.25   63.90
  51610.960   113.312     0.76   72.22
  51985.905   107.746   -14.85   69.67
  52360.867    94.062   -36.50   61.95
  52735.848    72.380   -57.82   37.45
  53110.846    61.486   -29.05   21.40
  53485.862    61.767     0.75   17.59
  53860.896    64.848     8.22   16.87
  54235.948    73.130    22.08   23.80
  54611.018    96.606    62.59   47.01
  54986.106   132.153    94.77   82.74
  55361.212   189.403   152.63  110.31
  55736.335   254.946   174.73  100.21
  56111.477   320.198   173.95   80.73
  56486.637   353.415    88.54   72.62
  56861.814   392.676   104.65   84.46
  57237.010   454.880   165.80   86.51
  57612.224   501.130   123.27   81.70
  57987.455   572.297   189.67   84.68
  58362.705   636.058   169.92   85.49
  58737.972   709.453   195.59   85.50
  59113.258   788.048   209.44   89.89
  59488.561   853.058   173.23   93.37
  59863.883   926.607   195.98   96.36
  60239.223   944.409    47.43   86.02
  60614.580   907.342   -98.76  121.32
  60989.956   809.653  -260.26  157.79
  61365.349   678.153  -350.32  172.95
  61740.761   516.130  -431.61  150.89
  62116.191   401.062  -306.51  127.99
  62491.638   305.426  -254.74  108.30
  62867.104   249.118  -149.98   65.69
  63242.588   255.720    17.58   86.87
  63618.090   250.234   -14.61  107.22
  63993.610   272.253    58.64  101.35
  64369.148   279.153    18.37   77.21
  64744.704   284.675    14.70   57.12
  65120.278   287.130     6.54   47.37
  65495.870   265.357   -57.97   53.08
  65871.480   230.744   -92.16   56.35
  66247.108   195.258   -94.48   48.57
  66622.755   176.897   -48.88   44.68
  66998.419   168.789   -21.58   46.84
  67374.102   170.164     3.66   51.90
  67749.802   161.130   -24.05   53.40
  68125.521   154.118   -18.66   46.78
  68501.258   145.471   -23.01   33.39
  68877.013   154.723    24.62   44.83
  69252.786   171.471    44.57   45.57
  69628.577   184.897    35.73   43.92
  70004.386   199.585    39.08   45.69
  70380.214   237.971   102.14   70.98
  70756.060   289.720   137.69   84.35
  71131.923   336.085   123.36   70.46
  71507.805   357.964    58.21   56.30
  71883.705   360.583     6.97   62.07
  72259.623   366.767    16.45   67.64
  72635.560   398.062    83.25   89.11
  73011.514   446.720   129.43   90.43
  73387.487   486.653   106.22   70.85
  73763.478   469.471   -45.70   92.60
  74139.487   432.857   -97.38  125.84
  74515.514   384.962  -127.38  134.93
  74891.559   306.880  -207.65  127.51
  75267.623   229.497  -205.78  113.69
  75643.704   181.312  -128.13   99.31
  76019.804   124.630  -150.72   51.37
  76395.922   113.258   -30.24   28.45
  76772.059   134.053    55.29   48.14
  77148.213   167.629    89.27   62.43
  77524.386   216.244   129.24   67.21
  77900.577   259.039   113.77   57.73
  78276.786   302.767   116.24   65.42
  78653.014   307.903    13.65   68.69
  79029.259   280.391   -73.13   84.96
  79405.523   241.357  -103.75   89.83
  79781.805   199.367  -111.60   52.23
  80158.106   181.744   -46.84   46.51
  80534.424   180.426    -3.50   62.31
  80910.761   155.748   -65.58   55.33
  81287.116   131.926   -63.30   52.64
  81663.490   116.778   -40.25   46.50
  82039.882   101.053   -41.78   31.54
  82416.291    93.258   -20.71   24.73
  82792.720    91.948    -3.48   22.74
  83169.166    88.835    -8.27   20.80
  83545.631    85.453    -8.98   18.63
  83922.114    95.448    26.55   24.84
  84298.616   109.702    37.86   25.54
  84675.135   117.630    21.06   26.01
  85051.673   123.948    16.78   27.58
  85428.230   138.420    38.44   51.87
  85804.804   164.789    70.03   72.08
  86181.397   179.628    39.41   78.56
  86558.009   196.107    43.76   77.07
  86934.638   201.234    13.61   61.14
  87311.286   185.609   -41.49   38.00
  87687.952   173.607   -31.86   42.36
  88064.637   159.653   -37.05   40.43
  88441.340   170.085    27.69   43.03
  88818.061   193.263    61.53   52.94
  89194.801   225.471    85.50   56.77
  89571.559   255.025    78.45   53.13
  89948.335   263.812    23.32   48.28
  90325.130   285.448    57.43   52.88
  90701.943   301.978    43.87   61.45
  91078.775   329.039    71.82   61.49
  91455.625   356.816    73.71   56.30
  91832.493   372.296    41.08   55.04
  92209.380   379.221    18.38   57.81
  92586.285   366.920   -32.64   80.03
  92963.208   352.327   -38.72   96.75
  93340.150   318.701   -89.22  108.03
  93717.111   302.721   -42.39  100.59
  94094.089   278.721   -63.67   97.44
  94471.087   261.764   -44.98   88.28
  94848.102   241.744   -53.11   70.08
  95225.136   231.467   -27.26   53.77
  95602.189   233.221     4.65   51.27
  95979.260   238.699    14.53   37.94
  96356.349   245.471    17.96   35.19
  96733.457   251.267    15.37   32.45
  97110.583   267.471    42.97   45.08
  97487.728   290.767    61.77   61.88
  97864.891   309.386    49.37   72.68
  98242.072   323.380    37.10   71.07
  98619.272   327.897    11.98   70.80
  98995.864   322.537   -14.24   60.91
  99369.432   351.699    78.07   75.09
  99743.018   380.448    76.96   95.37
 100116.622   411.198    82.31  120.70
 100490.245   440.053    77.24  127.59
 100863.885   472.380    86.53  125.78
 101237.543   497.631    67.58  102.90
 101611.220   521.653    64.29   81.31
 101984.915   548.312    71.35   60.20
 102358.628   575.903    73.84   48.37
 102732.359   598.320    59.99   45.84
 103106.108   612.520    38.00   44.12
 103479.875   629.926    46.57   43.63
 103853.661   649.897    53.44   50.59
 104227.464   662.792    34.50   42.98
 104601.286   651.403   -30.47   49.33
 104975.126   635.585   -42.32   57.71
 105348.984   645.198    25.72   65.93
 105722.861   667.053    58.46   72.18
 106096.755   689.017    58.75   58.42
 106470.668   701.653    33.80   43.47
 106844.599   686.258   -41.18   41.43
 107218.548   670.520   -42.09   26.09
 107592.515   660.153   -27.72   29.30
 107966.501   665.085    13.19   43.45
 108340.504   684.718    52.50   65.40
 108714.526   719.539    93.11   78.19
 109088.566   730.675    29.77   91.79
 109462.625   706.072   -65.78  134.09
 109836.701   626.436  -212.91  161.39
 110210.796   568.058  -156.07  142.63
 110584.909   526.607  -110.81   93.23
 110959.040   481.783  -119.82  101.64
 111333.190   414.994  -178.53  126.11
 111707.358   327.764  -233.15  123.61
 112081.544   255.374  -193.48   67.71
 112455.748   219.875   -94.87   31.21
 112829.971   212.153   -20.64   35.00
 113204.211   212.426     0.73   43.08
 113578.470   203.414   -24.08   46.33
 113952.748   192.403   -29.42   50.86
 114327.044   169.403   -61.46   47.78
 114701.357   153.723   -41.89   35.21
 115075.690   139.831   -37.12   21.34
 115450.040   135.320   -12.05   21.80
 115824.409   130.039   -14.11   21.21
 116198.796   123.897   -16.41   18.25
 116573.202   122.312    -4.23   14.99
 116947.625   123.539     3.28   16.84
 117322.067   129.867    16.90   21.88
 117696.528   139.609    26.02   24.07
 118071.007   153.296    36.55   29.87
 118445.504   164.386    29.62   27.48
 118820.019   181.289    45.14   32.38
 119194.553   209.809    76.15   45.88
 119569.105   255.812   122.84   64.27
 119943.675   303.320   126.85   79.33
 120318.264   374.676   190.51   81.78
 120692.871   405.558    82.45   65.93
 121067.497   404.653    -2.42   69.18
 121442.141   393.062   -30.94   78.72
 121816.803   373.141   -53.18   83.57
 122191.484   370.926    -5.91   78.06
 122566.183   364.604   -16.87   79.67
 122940.900   323.698  -109.18   80.34
 123315.636   278.701  -120.09   67.28
 123690.390   259.426   -51.44   53.64
 124065.163   281.357    58.53   85.64
 124439.954   326.490   120.43  103.34
 124814.763   383.744   152.77   98.58
 125189.591   412.478    76.67   86.00
 125564.437   402.835   -25.73   73.41
 125939.302   353.320  -132.10   78.28
 126314.185   297.942  -147.74   80.26
 126689.086   263.897   -90.82   51.40
 127064.006   268.723    12.87   50.61
 127438.945   300.948    85.96   64.82
 127813.902   344.928   117.31   62.52
 128188.877   358.198    35.39   56.42
 128563.871   366.979    23.42   58.09
 128938.883   393.009    69.42   68.89
 129313.914   419.075    69.51   72.92
 129688.963   457.583   102.69   70.62
 130064.031   495.721   101.69   65.92
 130439.117   513.353    47.01   69.05
 130814.221   547.244    90.36   77.37
 131189.344   565.234    47.96   68.40
 131564.486   544.697   -54.75   94.08
 131939.646   473.720  -189.22  131.18
 132314.825   375.462  -261.93  110.06
 132690.022   320.994  -145.19   62.24
 133065.237   302.228   -50.02   37.24
 133440.471   309.039    18.15   37.83
 133815.724   305.994    -8.12   48.21
 134190.995   276.312   -79.10   66.63
 134566.285   230.994  -120.77   68.01
 134941.593   184.867  -122.92   40.04
 135316.920   159.153   -68.52   18.34
 135692.265   145.677   -35.91   12.47
 136067.629   139.289   -17.02    9.17
 136443.012   139.494     0.54   11.63
 136818.413   147.062    20.16   17.90
 137193.832   175.409    75.52   43.50
 137569.270   215.409   106.56   55.02
 137944.727   270.789   147.52   75.79
 138320.202   349.467   209.57   92.61
 138695.696   410.629   162.91   94.28
 139071.208   496.017   227.42   99.96
 139446.739   563.609   180.01   89.70
 139822.289   606.588   114.46   58.20
 140197.857   605.677    -2.42   63.95
 140573.444   561.742  -116.99   83.37
 140949.050   489.130  -193.34   73.71
 141324.674   453.198   -95.67   57.56
 141700.316   432.415   -55.34   39.99
 142075.978   420.459   -31.83   27.86
