-129254.208   446.852     0.00   52.69
-128878.001   422.460   -64.84   61.98
-128501.812   381.173  -109.76   74.61
-128125.642   336.278  -119.36   72.54
-127749.491   286.942  -131.17   64.18
-127373.359   267.223   -52.43   55.07
-126997.245   258.157   -24.11   48.71
-126621.150   255.846    -6.14   45.05
-126245.073   257.914     5.50   37.77
-125869.016   247.373   -28.03   30.89
-125492.976   262.732    40.85   44.48
-125116.956   276.869    37.60   63.28
-124740.954   280.301     9.13   69.75
-124364.971   263.732   -44.07   74.70
-123989.006   225.752  -101.03   54.22
-123613.060   211.278   -38.50   46.64
-123237.133   208.116    -8.41   52.53
-122861.224   206.346    -4.71   54.96
-122485.334   192.982   -35.56   49.69
-122109.462   175.551   -46.38   46.77
-121733.609   163.346   -32.48   48.58
-121357.775   175.728    32.95   66.76
-120981.959   183.823    21.54   73.38
-120606.162   180.800    -8.05   76.05
-120230.383   191.265    27.85   80.44
-119854.623   170.845   -54.35   89.64
-119478.881   159.975   -28.93   92.17
-119103.159   148.641   -30.17   83.94
-118727.454   135.157   -35.90   76.58
-118351.768   119.869   -40.70   68.44
-117976.101   110.960   -23.72   48.93
-117600.452   113.460     6.66   47.64
-117224.822   109.369   -10.89   50.99
-116849.211   112.846     9.26   48.62
-116473.618   106.801   -16.10   42.46
-116098.043   119.619    34.13   49.85
-115722.487   136.579    45.16   47.03
-115346.949   149.891    35.45   39.36
-114971.430   156.414    17.37   38.92
-114595.930   170.414    37.29   43.84
-114220.448   187.005    44.19   70.63
-113844.985   210.073    61.45   67.84
-113469.540   226.937    44.92   67.98
-113094.113   219.346   -20.22   64.08
-112718.705   202.268   -45.50   63.76
-112343.316   184.391   -47.63   66.24
-111967.945   161.505   -60.98   64.84
-111592.592   156.891   -12.29   65.79
-111217.258   159.641     7.33   65.89
-110841.942   151.755   -21.01   64.22
-110466.645   133.369   -49.00   68.16
-110091.366   101.645   -84.54   57.80
-109716.106    75.056   -70.86   34.44
-109340.864    63.391   -31.09   22.34
-108965.641    61.345    -5.45   23.36
-108590.436    63.157     4.83   22.43
-108215.249    63.732     1.53   15.54
-107840.081    65.637     5.08   12.00
-107464.932    69.868    11.28   12.55
-107089.801    71.585     4.58    9.65
-106714.688    77.601    16.04   10.79
-106339.593    81.668    10.84    8.64
-105964.517    80.845    -2.19    8.07
-105589.460    77.641    -8.54    9.47
-105214.420    72.707   -13.16    9.62
-104839.400    67.801   -13.08    7.88
-104464.397    65.133    -7.12    8.68
-104089.413    61.346   -10.10    8.03
-103714.447    57.210   -11.03    7.71
-103339.500    54.232    -7.94    6.78
-102964.571    51.641    -6.91    5.68
-102589.661    50.633    -2.69    6.70
-102214.768    50.278    -0.95    6.82
-101839.895    49.311    -2.58    7.48
-101465.039    48.290    -2.72    7.53
-101090.202    48.323     0.09    7.67
-100715.383    50.265     5.18    7.78
-100340.583    52.846     6.89    8.53
 -99965.800    53.823     2.61    7.90
 -99591.037    52.391    -3.82    7.57
 -99216.291    48.252   -11.05    7.78
 -98841.564    43.468   -12.77    7.14
 -98466.855    40.028    -9.18    6.63
 -98092.164    39.391    -1.70    7.11
 -97717.492    37.687    -4.55    6.90
 -97342.838    35.433    -6.02    6.81
 -96968.203    34.528    -2.42    7.10
 -96593.585    33.942    -1.56    7.66
 -96218.986    35.423     3.95    8.01
 -95844.405    36.268     2.25    7.57
 -95469.843    37.960     4.52    5.62
 -95095.298    36.414    -4.13    6.18
 -94720.772    33.523    -7.72    6.71
 -94346.265    30.573    -7.88    6.79
 -93971.775    29.204    -3.66    7.17
 -93597.304    28.045    -3.09    7.35
 -93222.851    26.045    -5.34    6.55
 -92848.416    23.474    -6.87    5.38
 -92474.000    21.710    -4.71    3.68
 -92099.602    20.429    -3.42    2.25
 -91725.221    20.255    -0.46    2.11
 -91350.860    20.079    -0.47    1.97
 -90976.516    19.468    -1.63    1.85
 -90602.191    19.045    -1.13    1.95
 -90227.884    18.800    -0.66    2.06
 -89853.595    18.732    -0.18    2.33
 -89479.324    19.165     1.16    2.73
 -89105.071    19.028    -0.37    2.78
 -88730.837    18.684    -0.92    2.81
 -88356.621    17.579    -2.95    2.57
 -87982.423    16.890    -1.84    2.15
 -87608.243    16.521    -0.99    2.17
 -87234.082    16.346    -0.47    2.09
 -86859.938    16.105    -0.64    2.25
 -86485.813    15.551    -1.48    2.17
 -86111.706    15.126    -1.14    1.98
 -85737.617    15.268     0.38    2.11
 -85363.546    15.223    -0.12    2.37
 -84989.493    15.242     0.05    2.42
 -84615.459    14.437    -2.15    2.32
 -84241.442    14.448     0.03    2.01
 -83867.444    14.596     0.40    2.25
 -83493.464    14.335    -0.70    2.79
 -83119.502    14.645     0.83    2.89
 -82745.558    14.710     0.17    3.01
 -82371.633    14.823     0.30    2.87
 -81997.725    14.641    -0.49    3.04
 -81623.836    14.323    -0.85    3.06
 -81249.964    13.051    -3.40    2.81
 -80876.111    12.009    -2.79    2.46
 -80502.276    11.690    -0.85    2.68
 -80128.458    11.369    -0.86    2.57
 -79754.659    11.381     0.03    2.68
 -79380.879    11.482     0.27    2.64
 -79007.116    11.748     0.71    2.55
 -78633.371    11.687    -0.16    3.07
 -78259.644    11.753     0.18    3.24
 -77885.935    12.534     2.09    3.59
 -77512.245    13.414     2.35    4.55
 -77138.572    15.126     4.58    6.11
 -76764.918    16.414     3.45    6.41
 -76391.281    17.098     1.83    6.31
 -76017.663    18.460     3.64    6.15
 -75644.063    17.213    -3.34    6.06
 -75270.480    16.051    -3.11    5.88
 -74895.018    14.528    -4.06    5.81
 -74517.827    12.730    -4.77    4.35
 -74140.655    11.073    -4.39    3.07
 -73763.501    10.384    -1.83    1.90
 -73386.365     9.369    -2.69    2.11
 -73009.248     8.893    -1.26    2.07
 -72632.150     8.960     0.18    2.01
 -72255.069     9.245     0.76    2.04
 -71878.007     9.299     0.14    1.89
 -71500.964     9.579     0.74    1.87
 -71123.938     9.521    -0.15    2.28
 -70746.931     9.442    -0.21    2.66
 -70369.943    13.232    10.05    8.16
 -69992.972    18.557    14.12   14.73
 -69616.021    23.490    13.09   17.24
 -69239.087    26.776     8.72   17.52
 -68862.172    26.664    -0.30   18.56
 -68485.275    25.619    -2.77   19.55
 -68108.396    20.164   -14.47    8.45
 -67731.536    19.096    -2.83    5.34
 -67354.694    19.391     0.78    3.97
 -66977.870    19.045    -0.92    4.01
 -66601.065    17.963    -2.87    4.28
 -66224.278    17.579    -1.02    3.82
 -65847.509    17.641     0.17    3.55
 -65470.759    17.690     0.13    3.32
 -65094.027    17.334    -0.94    3.78
 -64717.313    15.290    -5.43    4.21
 -64340.617    13.073    -5.88    4.35
 -63963.940    12.401    -1.78    4.14
 -63587.281    13.567     3.10    4.97
 -63210.640    20.619    18.72   15.01
 -62834.017    38.187    46.65   33.12
 -62457.413    57.846    52.20   40.07
 -62080.827    70.869    34.58   36.21
 -61704.259    69.301    -4.16   35.86
 -61327.709    61.369   -21.07   30.39
 -60951.178    50.228   -29.59   26.34
 -60574.665    36.391   -36.75   14.84
 -60198.170    35.001    -3.69   18.49
 -59821.693    43.051    21.38   30.93
 -59445.235    55.823    33.93   35.61
 -59068.795    63.986    21.69   30.70
 -58692.373    61.868    -5.63   28.76
 -58315.969    51.347   -27.95   20.75
 -57939.583    49.734    -4.28   21.68
 -57563.216    46.301    -9.12   22.08
 -57186.867    47.278     2.60   20.21
 -56810.535    41.960   -14.13   10.37
 -56434.223    38.287    -9.76   10.05
 -56057.928    31.619   -17.72    8.42
 -55681.651    27.061   -12.11    7.25
 -55305.393    24.119    -7.82    6.32
 -54929.153    22.141    -5.26    5.99
 -54552.931    20.823    -3.50    5.29
 -54176.727    22.641     4.83    7.52
 -53800.541    23.848     3.21    8.37
 -53424.373    24.023     0.47    7.98
 -53048.224    22.870    -3.07    7.41
 -52672.093    22.255    -1.63    5.86
 -52295.979    20.033    -5.91    4.54
 -51919.884    18.123    -5.08    4.65
 -51543.807    16.187    -5.15    4.34
 -51167.748    14.238    -5.18    3.66
 -50791.708    13.141    -2.92    3.80
 -50415.685    10.437    -7.19    4.14
 -50039.681     9.498    -2.50    6.94
 -49663.694    11.528     5.40   10.67
 -49287.726    14.455     7.79   13.63
 -48911.776    18.210     9.99   13.42
 -48535.843    23.777    14.81   13.64
 -48159.929    26.445     7.10   12.55
 -47784.033    26.290    -0.41   11.03
 -47408.155    23.102    -8.48   10.24
 -47032.296    20.596    -6.67    8.62
 -46656.454    19.875    -1.92    8.64
 -46280.630    20.141     0.71    8.02
 -45904.824    21.096     2.54    6.81
 -45529.037    21.619     1.39    4.77
 -45153.267    22.573     2.54    4.29
 -44777.516    22.252    -0.86    4.80
 -44401.782    20.028    -5.92    4.41
 -44026.067    19.498    -1.41    4.70
 -43650.369    20.732     3.28    5.35
 -43274.690    23.391     7.08    4.79
 -42899.028    23.119    -0.73    4.15
 -42523.385    21.534    -4.22    5.11
 -42147.759    20.173    -3.62    5.53
 -41772.152    16.301   -10.31    5.94
 -41396.563    12.311   -10.62    5.69
 -41020.991    10.918    -3.71    5.36
 -40645.438    10.009    -2.42    5.60
 -40269.902     9.753    -0.68    5.73
 -39894.385     8.645    -2.95    5.72
 -39518.885     6.204    -6.50    5.57
 -39143.404     4.664    -4.10    4.80
 -38767.940     2.916    -4.66    4.08
 -38392.495     3.073     0.42    4.44
 -38017.067     2.255    -2.18    4.44
 -37641.658     2.204    -0.14    4.65
 -37266.266     2.423     0.58    4.29
 -36890.892     1.704    -1.92    3.61
 -36515.536     0.891    -2.17    3.34
 -36140.198    -0.109    -2.66    2.74
 -35764.879    -0.866    -2.02    1.59
 -35389.577    -1.177    -0.83    0.00
 -35014.292    -1.177     0.00    0.00
 -34639.026    -1.177     0.00    0.00
 -34263.778    -1.177     0.00    0.00
 -33888.548    -1.177     0.00    0.00
 -33513.335    -1.177     0.00    0.00
 -33138.141    -1.177     0.00    0.00
 -32762.964    -1.177     0.00    0.00
 -32387.805    -1.177     0.00    0.00
 -32012.664    -1.177     0.00    0.00
 -31637.541    -1.177     0.00    0.00
 -31262.436    -1.177     0.00    0.00
 -30887.349    -1.177     0.00    0.00
 -30512.280    -1.177     0.00    0.00
 -30137.228    -1.177     0.00    0.00
 -29762.195    -1.010     0.44    0.93
 -29387.179    -0.132     2.34    1.76
 -29012.181     1.051     3.15    2.23
 -28637.201     1.482     1.15    1.92
 -28262.239     1.960     1.27    1.72
 -27887.294     1.869    -0.24    1.78
 -27512.368     1.982     0.30    1.67
 -27137.459     2.288     0.82    1.58
 -26762.568     2.490     0.54    1.49
 -26387.695     2.641     0.40    1.82
 -26012.840     3.414     2.06    2.70
 -25638.002     4.641     3.27    3.38
 -25263.183     5.028     1.03    3.70
 -24888.381     4.498    -1.41    4.06
 -24513.597     3.521    -2.61    4.32
 -24138.830     1.423    -5.60    3.38
 -23764.082     0.005    -3.78    2.07
 -23389.351    -0.355    -0.96    1.67
 -23014.638     0.232     1.57    2.72
 -22639.943     1.346     2.97    3.49
 -22265.266     1.710     0.97    3.86
 -21890.606     1.707    -0.01    3.70
 -21515.965     1.687    -0.05    3.63
 -21141.341     1.414    -0.73    3.51
 -20766.734     1.001    -1.10    2.84
 -20392.146     0.870    -0.35    2.73
 -20017.575     0.660    -0.56    2.57
 -19643.022     0.223    -1.17    2.48
 -19268.487    -0.363    -1.56    2.00
 -18893.969    -0.874    -1.37    1.42
 -18519.469    -1.177    -0.81    0.00
 -18144.987    -1.177     0.00    0.00
 -17770.523    -1.177     0.00    0.00
 -17396.076    -1.177     0.00    0.00
 -17021.647    -1.177     0.00    0.00
 -16647.236    -1.177     0.00    0.00
 -16272.842    -1.177     0.00    0.00
 -15898.466    -1.177     0.00    0.00
 -15524.108    -1.177     0.00    0.00
 -15149.767    -1.177     0.00    0.00
 -14775.445    -1.177     0.00    0.00
 -14401.140    -1.177     0.00    0.00
 -14026.852    -1.177     0.00    0.00
 -13652.582    -1.177     0.00    0.00
 -13278.330    -1.177     0.00    0.00
 -12904.096    -1.177     0.00    0.00
 -12529.879    -1.177     0.00    0.00
 -12155.680    -1.177     0.00    0.00
 -11781.498    -1.177     0.00    0.00
 -11407.334    -1.177     0.00    0.00
 -11033.188    -1.177     0.00    0.00
 -10659.060    -1.177     0.00    0.00
 -10284.949    -0.768     1.09    1.26
  -9910.855     0.687     3.89    2.42
  -9536.780     2.005     3.52    2.32
  -9162.722     2.982     2.61    1.74
  -8788.681     3.937     2.55    1.06
  -8414.658     4.141     0.55    1.12
  -8040.653     4.551     1.09    1.13
  -7666.666     4.960     1.09    1.21
  -7292.696     5.414     1.22    1.28
  -6918.743     5.710     0.79    1.26
  -6544.808     5.960     0.67    1.82
  -6170.891     6.391     1.15    1.90
  -5796.991     6.891     1.34    1.91
  -5423.109     7.141     0.67    1.93
  -5049.245     8.210     2.86    2.03
  -4675.398     8.301     0.24    2.47
  -4301.568     8.596     0.79    2.87
  -3927.756     8.914     0.85    2.96
  -3553.962     8.937     0.06    2.79
  -3180.185     9.732     2.13    1.97
  -2806.426     9.096    -1.70    2.03
  -2432.684     8.551    -1.46    1.70
  -2058.960     8.073    -1.28    1.59
  -1685.254     6.982    -2.92    2.72
  -1311.565     4.641    -6.26    4.79
   -937.893     1.982    -7.12    4.91
   -564.239     0.641    -3.59    4.40
   -190.603    -0.063    -1.89    4.00
    185.375     0.687     1.99    4.63
    562.520     0.096    -1.57    4.21
    939.647    -0.518    -1.63    3.48
   1316.756     0.823     3.56    4.28
   1693.847     2.982     5.73    5.62
   2070.920     7.982    13.26    9.27
   2447.976    18.684    28.38   18.32
   2825.014    26.734    21.35   18.66
   3202.034    34.591    20.84   19.16
   3579.036    34.357    -0.62   17.86
   3956.020    30.823    -9.37   17.86
   4332.986    25.112   -15.15   15.02
   4709.935    23.800    -3.48   17.76
   5086.866    31.732    21.04   29.59
   5463.779    31.119    -1.63   30.33
   5840.674    26.732   -11.64   28.50
   6217.551    18.187   -22.67   12.57
   6594.411    14.774    -9.05    5.05
   6971.253    13.710    -2.83    4.42
   7348.077    13.868     0.42    4.88
   7724.883    15.172     3.46    4.82
   8101.671    17.219     5.43    4.75
   8478.442    18.276     2.81    5.17
   8855.195    17.141    -3.01    5.98
   9231.930    15.799    -3.56    6.00
   9608.648    16.242     1.18    5.29
   9985.347    17.210     2.57    5.29
  10362.029    19.945     7.26    6.33
  10738.694    22.755     7.46    5.89
  11115.340    24.598     4.89    5.26
  11491.969    24.645     0.13    5.35
  11868.580    24.800     0.41    5.54
  12245.173    25.265     1.24    6.32
  12621.749    25.126    -0.37    6.35
  12998.306    24.926    -0.53    6.72
  13374.847    24.937     0.03    6.17
  13751.369    25.538     1.60    5.65
  14127.874    27.301     4.68    5.94
  14504.361    28.732     3.80    5.56
  14880.830    30.009     3.39    4.95
  15257.282    31.346     3.55    4.57
  15633.716    30.849    -1.32    4.27
  16010.132    28.982    -4.96    5.05
  16386.531    29.614     1.68    4.99
  16762.912    28.778    -2.22    4.74
  17139.275    27.505    -3.38    5.77
  17515.620    26.998    -1.35    5.77
  17891.948    30.641     9.68   12.17
  18268.259    34.677    10.72   13.41
  18644.551    39.301    12.29   15.07
  19020.826    45.232    15.76   19.39
  19397.084    48.312     8.18   23.49
  19773.323    44.664    -9.69   24.24
  20149.546    42.955    -4.54   25.14
  20525.750    38.846   -10.92   19.89
  20901.937    34.730   -10.94   12.00
  21278.106    35.001     0.72   12.23
  21654.258    35.005     0.01   11.19
  22030.392    31.371    -9.66    9.39
  22406.508    27.891    -9.25    5.13
  22782.607    25.541    -6.25    5.68
  23158.688    23.323    -5.90    5.73
  23534.752    22.687    -1.69    5.34
  23910.798    23.823     3.02    5.61
  24286.826    26.914     8.22    6.03
  24662.837    29.848     7.80    5.01
  25038.830    30.891     2.77    4.49
  25414.806    30.490    -1.07    4.52
  25790.764    28.986    -4.00    4.77
  26166.705    26.982    -5.33    5.16
  26542.628    24.916    -5.50    4.64
  26918.533    22.505    -6.41    5.39
  27294.421    20.048    -6.54    5.51
  27670.291    20.278     0.61    6.07
  28046.144    19.262    -2.70    6.04
  28421.980    20.778     4.03    6.14
  28797.797    20.687    -0.24    5.77
  29173.598    21.299     1.63    6.26
  29549.380    22.437     3.03    6.09
  29925.145    26.262    10.18    7.29
  30300.893    29.073     7.48    7.60
  30676.623    32.079     8.00    6.51
  31052.336    34.869     7.42    5.34
  31428.031    36.777     5.08    6.03
  31803.709    40.723    10.50   12.22
  32179.369    40.732     0.02    8.64
  32555.012    39.311    -3.78    6.07
  32930.637    37.252    -5.48    4.87
  33306.245    35.056    -5.85    5.34
  33681.835    33.614    -3.84    5.46
  34057.408    31.757    -4.95    5.01
  34432.963    30.409    -3.59    5.90
  34808.501    29.778    -1.68    7.21
  35184.021    28.704    -2.86    6.70
  35559.524    28.172    -1.42    6.29
  35935.010    25.869    -6.13    5.41
  36310.478    23.872    -5.32    5.30
  36685.928    21.505    -6.30    5.19
  37061.362    19.776    -4.61    4.78
  37436.777    18.544    -3.28    3.94
  37812.176    18.195    -0.93    4.35
  38187.557    19.073     2.34    5.03
  38562.920    21.870     7.45    5.31
  38938.266    24.014     5.71    3.98
  39313.595    26.157     5.71    3.67
  39688.906    26.126    -0.08    4.00
  40064.200    26.466     0.91    4.60
  40439.476    27.707     3.31    4.60
  40814.735    28.668     2.56    4.65
  41189.977    29.278     1.63    4.10
  41565.201    29.847     1.52    3.56
  41940.408    29.112    -1.96    3.99
  42315.598    27.637    -3.93    4.87
  42690.770    27.133    -1.34    4.96
  43065.925    25.891    -3.31    5.02
  43441.062    25.823    -0.18    4.93
  43816.182    24.736    -2.90    4.84
  44191.285    22.514    -5.92    4.47
  44566.370    21.164    -3.60    4.53
  44941.438    20.777    -1.03    4.45
  45316.489    20.301    -1.27    5.48
  45691.522    19.823    -1.27    5.86
  46066.538    19.680    -0.38    6.30
  46441.537    18.134    -4.12    6.35
  46816.518    17.777    -0.95    6.01
  47191.482    15.414    -6.30    5.75
  47566.429    12.846    -6.85    5.38
  47941.358    10.712    -5.69    5.09
  48316.270     9.381    -3.55    4.00
  48691.165     9.133    -0.66    3.56
  49066.043    12.068     7.83    6.96
  49440.903    16.172    10.95    7.70
  49815.746    18.204     5.42    8.06
  50190.571    19.684     3.95    7.71
  50565.380    22.357     7.13    7.38
  50940.171    28.687    16.89   11.73
  51314.945    32.823    11.04   12.95
  51689.701    32.937     0.30   12.43
  52064.440    28.893   -10.79    8.73
  52439.162    25.823    -8.19    6.91
  52813.867    25.414    -1.09    7.73
  53188.555    24.228    -3.17    7.61
  53563.225    23.619    -1.63    7.97
  53937.878    21.538    -5.55    7.58
  54312.514    18.369    -8.46    5.82
  54687.132    16.079    -6.11    5.81
  55061.734    13.528    -6.81    5.99
  55436.318    11.346    -5.82    4.66
  55810.884    10.847    -1.33    5.36
  56185.434    13.445     6.94    7.97
  56559.967    18.312    12.99    8.24
  56934.482    21.893     9.56    7.22
  57308.980    22.657     2.04    7.06
  57683.461    21.734    -2.46    5.69
  58057.924    19.914    -4.86    5.43
  58432.371    19.609    -0.82    6.19
  58806.800    19.912     0.81    5.31
  59181.212    18.614    -3.47    3.91
  59555.607    18.870     0.68    4.84
  59929.984    19.916     2.80    5.36
  60304.345    20.551     1.69    5.35
  60678.688    18.528    -5.40    6.48
  61053.014    15.945    -6.90    7.39
  61427.323    15.664    -0.75    7.15
  61801.615    15.265    -1.07    6.31
  62175.890    16.847     4.23    6.58
  62550.148    18.637     4.78    6.13
  62924.388    22.687    10.82   12.22
  63298.611    25.051     6.32   11.80
  63672.818    27.092     5.45   10.55
  64047.007    28.187     2.93    8.33
  64421.178    28.033    -0.41    9.02
  64795.333    27.276    -2.02   10.54
  65169.471    25.914    -3.64   13.28
  65543.592    24.916    -2.67   16.45
  65917.695    21.890    -8.09   14.59
  66291.781    18.140   -10.02    7.04
  66665.851    16.164    -5.28    6.15
  67039.903    15.262    -2.41    4.91
  67413.938    13.561    -4.55    5.04
  67787.956    12.940    -1.66    4.98
  68161.957    13.514     1.54    5.94
  68535.941    13.210    -0.81    7.33
  68909.907    20.335    19.05   16.64
  69283.857    23.755     9.14   18.53
  69657.790    23.628    -0.34   22.25
  70031.705    19.073   -12.18   24.06
  70405.604     8.891   -27.23   17.59
  70779.485     1.847   -18.84    4.06
  71153.349     0.664    -3.16    0.96
  71527.197     0.994     0.88    1.00
  71901.027     1.187     0.52    0.97
  72274.840     0.942    -0.65    0.94
  72648.637     0.778    -0.44    0.81
  73022.416     0.505    -0.73    0.80
  73396.178     0.323    -0.49    0.86
  73769.923     0.096    -0.61    0.66
  74143.651    -0.100    -0.52    0.48
  74517.363    -0.177    -0.21    0.00
  74891.057    -0.177     0.00    0.00
  75267.545    -0.177     0.00    0.00
  75644.643    -0.177     0.00    0.00
  76021.723    -0.177     0.00    0.00
  76398.786    -0.177     0.00    0.00
  76775.832    -0.177     0.00    0.00
  77152.860    -0.177     0.00    0.00
  77529.871    -0.177     0.00    0.00
  77906.865    -0.177     0.00    0.00
  78283.841    -0.177     0.00    0.00
  78660.801    -0.177     0.00    0.00
  79037.742    -0.177     0.00    0.00
  79414.667    -0.177     0.00    0.00
  79791.574    -0.177     0.00    0.00
  80168.464    -0.177     0.00    0.00
  80545.337    -0.177     0.00    0.00
  80922.193    -0.177     0.00    0.00
  81299.031    -0.177     0.00    0.00
  81675.852    -0.177     0.00    0.00
  82052.655    -0.177     0.00    0.00
  82429.442    -0.177     0.00    0.00
  82806.211    -0.177     0.00    0.00
  83182.963    -0.177     0.00    0.00
  83559.698    -0.177     0.00    0.00
  83936.415    -0.177     0.00    0.00
  84313.115    -0.177     0.00    0.00
  84689.798    -0.177     0.00    0.00
  85066.464    -0.177     0.00    0.00
  85443.112    -0.177     0.00    0.00
  85819.744    -0.177     0.00    0.00
  86196.358    -0.177     0.00    0.00
  86572.955    -0.177     0.00    0.00
  86949.534    -0.177     0.00    0.00
  87326.097    -0.177     0.00    0.00
  87702.642    -0.177     0.00    0.00
  88079.170    -0.177     0.00    0.00
  88455.681    -0.177     0.00    0.00
  88832.175    -0.177     0.00    0.00
  89208.651    -0.177     0.00    0.00
  89585.111    -0.177     0.00    0.00
  89961.553    -0.177     0.00    0.00
  90337.978    -0.131     0.12    0.30
  90714.386     0.073     0.54    0.99
  91090.776    -0.060    -0.36    0.76
  91467.150     0.073     0.36    1.01
  91843.506    -0.060    -0.36    0.66
  92219.846     0.033     0.25    0.77
  92596.168    -0.063    -0.25    0.62
  92972.473    -0.177    -0.30    0.00
  93348.761    -0.177     0.00    0.00
  93725.031    -0.060     0.31    0.76
  94101.285     0.521     1.55    1.52
  94477.521     1.591     2.84    2.14
  94853.741     2.870     3.40    2.25
  95229.943     3.846     2.60    1.71
  95606.128     4.323     1.27    1.09
  95982.296     3.960    -0.97    1.34
  96358.447     3.800    -0.42    1.50
  96734.581     3.567    -0.62    1.66
  97110.698     3.641     0.20    1.60
  97486.797     4.210     1.51    1.30
  97862.880     4.428     0.58    1.12
  98238.946     4.704     0.73    1.15
  98614.994     4.891     0.50    1.04
  98991.025     5.164     0.73    1.22
  99367.040     5.312     0.39    1.45
  99743.037     5.358     0.12    1.52
 100119.017     5.102    -0.68    1.71
 100494.980     4.823    -0.74    1.94
 100870.926     4.846     0.06    1.70
 101246.855     4.912     0.17    1.65
 101622.767     5.437     1.40    1.48
 101998.662     5.573     0.36    1.30
 102374.540     5.637     0.17    1.24
 102750.401     6.056     1.11    1.21
 103126.245     5.914    -0.38    1.41
 103502.072     5.914     0.00    1.49
 103877.882     6.051     0.36    1.63
 104253.675     6.005    -0.12    1.70
 104629.451     5.778    -0.60    1.64
 105005.209     5.591    -0.50    1.19
 105380.951     5.704     0.30    1.09
 105756.676     5.845     0.38    1.74
 106132.384     6.079     0.62    2.45
 106508.075     6.232     0.41    2.69
 106883.749     6.079    -0.41    2.90
 107259.406     5.990    -0.24    2.73
 107635.046     5.252    -1.96    2.38
 108010.669     4.893    -0.96    2.30
 108386.275     5.505     1.63    2.12
 108761.864     5.437    -0.18    2.15
 109137.436     5.687     0.67    2.01
 109512.991     5.451    -0.63    2.10
 109888.529     5.684     0.62    2.08
 110264.050     5.801     0.31    2.28
 110639.555     6.346     1.45    2.24
 111015.042     6.732     1.03    2.00
 111390.513     7.009     0.74    1.72
 111765.966     6.823    -0.50    1.73
 112141.403     6.657    -0.44    1.74
 112516.823     6.466    -0.51    1.69
 112892.225     6.601     0.36    1.66
 113267.611     6.870     0.72    1.84
 113642.980     6.801    -0.18    1.78
 114018.332     7.102     0.80    1.65
 114393.667     7.126     0.06    1.99
 114768.986     6.428    -1.86    2.72
 115144.287     6.591     0.43    2.84
 115519.572     6.119    -1.26    3.22
 115894.839     5.551    -1.51    3.49
 116270.090     5.210    -0.91    3.91
 116645.324     4.614    -1.59    3.93
 117020.541     4.381    -0.62    3.53
 117395.741     4.596     0.57    2.88
 117770.924     5.187     1.57    2.10
 118146.091     5.707     1.39    1.37
 118521.240     5.637    -0.19    1.33
 118896.373     5.846     0.56    1.99
 119271.489     5.776    -0.19    2.19
 119646.588     5.371    -1.08    2.29
 120021.670     4.734    -1.70    2.30
 120396.735     4.149    -1.56    1.30
 120771.784     3.960    -0.50    1.75
 121146.816     3.986     0.07    2.07
 121521.831     4.288     0.81    2.48
 121896.829     4.482     0.52    2.64
 122271.810     4.149    -0.89    2.66
 122646.774     4.141    -0.02    2.39
 123021.722     4.073    -0.18    2.09
 123396.653     4.778     1.88    2.36
 123771.567     5.498     1.92    2.32
 124146.464     5.418    -0.21    2.56
 124521.345     5.482     0.17    2.75
 124896.209     5.755     0.73    3.07
 125271.056     5.870     0.31    3.04
 125645.886     6.482     1.63    2.49
 126020.699     6.219    -0.70    2.19
 126395.496     5.619    -1.60    1.85
 126770.276     5.067    -1.47    1.97
 127145.039     5.028    -0.11    2.02
 127519.785     5.660     1.69    2.20
 127894.515     5.619    -0.11    2.24
 128269.228     5.614    -0.01    1.93
 128643.924     5.710     0.26    2.05
 129018.603     4.914    -2.12    1.93
 129393.266     4.149    -2.04    1.85
 129767.912     3.358    -2.11    1.47
 130142.541     2.869    -1.31    0.68
 130517.154     2.960     0.24    0.46
 130891.750     3.505     1.46    1.38
 131266.329     4.033     1.41    1.71
 131640.891     5.157     3.00    2.03
 132015.437     5.963     2.15    2.31
 132389.966     6.614     1.74    1.97
 132764.478     7.232     1.65    1.81
 133138.974     7.288     0.15    1.76
 133513.452     7.534     0.66    1.65
 133887.915     7.940     1.08    1.65
 134262.360     7.895    -0.12    1.54
 134636.789     7.730    -0.44    1.73
 135011.201     7.381    -0.93    1.75
 135385.597     6.846    -1.43    1.75
 135759.976     6.777    -0.18    1.73
 136134.338     6.934     0.42    1.68
 136508.683     7.005     0.19    1.37
 136883.012     6.774    -0.62    1.47
 137257.325     6.544    -0.62    1.59
 137631.620     6.210    -0.89    1.56
 138005.899     5.918    -0.78    1.86
 138380.162     6.405     1.30    1.74
 138754.407     6.730     0.87    1.62
 139128.636     7.164     1.16    1.45
 139502.849     7.014    -0.40    1.50
 139877.045     7.637     1.67    1.79
 140251.224     8.033     1.06    1.73
 140625.387     8.395     0.97    1.56
 140999.533     8.437     0.11    1.24
 141373.662     8.347    -0.24    1.35
 141747.775     8.210    -0.37    1.45
 142121.871     8.213     0.01    1.38
 142495.951     8.219     0.01    1.58
 142870.014     8.384     0.44    1.58
 143244.060     8.126    -0.69    1.60
 143618.090     7.986    -0.37    1.60
 143992.104     7.726    -0.70    1.69
 144366.101     7.460    -0.71    1.82
 144740.081     6.648    -2.17    1.99
 145114.044     6.005    -1.72    2.22
 145487.991     6.038     0.09    2.25
 145861.922     6.232     0.52    2.29
 146235.836     6.846     1.64    2.20
 146609.733     7.573     1.94    1.86
 146983.614     7.732     0.43    2.03
 147357.479     8.310     1.55    2.23
 147731.327     9.009     1.87    2.50
 148105.158     9.637     1.68    2.29
 148478.973     9.800     0.44    2.41
 148852.771     9.164    -1.70    2.62
 149226.553     9.098    -0.18    3.04
 149600.318     8.619    -1.28    3.14
 149974.067     7.875    -1.99    3.24
 150351.052     7.195    -1.80    2.92
 150728.104     7.073    -0.32    2.67
 151105.139     7.521     1.19    2.66
 151482.157     8.801     3.39    3.04
 151859.158    10.695     5.02    2.60
 152236.143    11.528     2.21    2.25
 152613.110    12.149     1.65    1.85
 152990.061    12.079    -0.19    1.59
 153366.995    11.914    -0.44    1.55
 153743.913    11.673    -0.64    1.48
 154120.813    11.391    -0.75    1.62
 154497.697    11.148    -0.65    1.91
 154874.564    10.895    -0.67    1.97
 155251.414    10.219    -1.79    1.85
 155628.248     9.776    -1.18    1.68
 156005.064     9.278    -1.32    1.59
 156381.864     9.054    -0.59    1.53
 156758.647     8.596    -1.22    1.93
 157135.414     8.963     0.97    2.14
 157512.164     9.428     1.23    2.35
 157888.897    10.187     2.01    2.18
 158265.613    11.023     2.22    1.74
 158642.312    10.937    -0.23    1.78
 159018.995    11.043     0.28    1.74
 159395.661    10.895    -0.39    1.85
 159772.311    11.079     0.49    1.92
 160148.943    11.157     0.21    1.69
 160525.559    10.914    -0.64    1.54
 160902.158    10.823    -0.24    1.43
 161278.741    10.585    -0.63    1.74
 161655.307    10.323    -0.70    2.12
 162031.856    10.242    -0.22    2.50
 162408.388    10.573     0.88    2.36
 162784.904    10.923     0.93    1.81
 163161.403    11.005     0.22    1.53
 163537.886    10.872    -0.35    1.30
 163914.352    10.986     0.30    1.38
 164290.801    11.358     0.99    1.45
 164667.233    11.579     0.59    1.37
 165043.649    12.005     1.13    1.37
 165420.048    11.748    -0.68    1.44
 165796.431    11.395    -0.94    1.47
 166172.796    11.561     0.44    1.59
 166549.146    11.358    -0.54    1.58
 166925.478    11.753     1.05    1.67
 167301.794    13.116     3.62    4.12
 167678.094    15.414     6.11    6.10
 168054.376    17.921     6.66    6.27
 168430.642    20.637     7.22    6.27
 168806.892    22.288     4.39    6.11
 169183.125    24.823     6.74    6.99
 169559.341    28.687    10.27    6.45
 169935.540    29.262     1.53    5.85
 170311.723    28.514    -1.99    6.30
 170687.890    26.418    -5.57    5.57
 171064.040    24.056    -6.28    4.66
 171440.173    23.614    -1.17    5.47
 171816.290    22.848    -2.04    5.86
 172192.390    19.914    -7.80    6.66
 172568.473    17.848    -5.49    6.90
 172944.540    15.371    -6.59    5.81
 173320.591    13.730    -4.36    2.58
 173696.624    14.872     3.04    4.73
 174072.642    16.187     3.50    4.93
 174448.642    16.798     1.63    5.37
 174824.626    15.990    -2.15    5.18
 175200.594    15.157    -2.22    4.71
 175576.545    14.730    -1.13    4.07
 175952.480    13.730    -2.66    3.21
 176328.398    12.898    -2.21    2.53
 176704.299    12.641    -0.68    2.18
 177080.184    12.482    -0.42    1.87
 177456.052    12.728     0.65    1.43
 177831.904    12.800     0.19    1.12
 178207.740    12.896     0.26    1.33
 178583.558    12.914     0.05    1.68
 178959.361    12.873    -0.11    1.78
 179335.147    13.102     0.61    1.82
 179710.916    12.799    -0.81    1.32
 180086.669    13.033     0.62    1.54
 180462.405    13.428     1.05    1.62
 180838.125    13.648     0.59    2.82
 181213.829    14.164     1.37    3.17
 181589.516    13.921    -0.65    1.91
 181965.186    14.061     0.37    2.13
 182340.840    13.940    -0.32    1.92
 182716.477    13.918    -0.06    1.90
 183092.099    15.164     3.32    4.40
 183467.703    16.973     4.82    7.39
 183843.291    18.505     4.08    7.78
 184218.863    17.704    -2.13    7.26
 184594.418    16.164    -4.10    7.13
 184969.957    14.061    -5.60    5.83
 185345.479    12.473    -4.23    3.93
 185720.985    12.823     0.93    5.04
 186096.475    13.748     2.46    5.39
 186471.948    14.871     2.99    5.71
 186847.405    15.498     1.67    4.82
 187222.845    17.730     5.95    5.53
 187598.269    20.141     6.42    5.13
 187973.676    23.433     8.77    5.49
 188349.067    25.641     5.88    6.04
 188724.442    35.384    25.95   20.90
 189099.800    47.460    32.17   36.09
 189475.142    49.561     5.60   36.39
 189850.467    46.998    -6.83   34.05
 190225.776    34.391   -33.59   22.45
 190601.069    24.823   -25.49    8.31
 190976.345    23.451    -3.66    8.32
 191351.605    23.381    -0.19    7.64
 191726.849    22.870    -1.36    4.85
 192102.076    22.687    -0.49    4.65
 192477.287    22.573    -0.30    5.08
 192852.481    22.482    -0.24    5.46
 193227.659    21.598    -2.36    4.52
 193602.821    20.777    -2.19    4.71
 193977.966    19.369    -3.75    4.10
 194353.096    18.799    -1.52    3.85
 194728.208    20.460     4.43    5.46
 195103.305    22.105     4.39    5.59
 195478.385    22.823     1.91    4.87
 195853.449    21.428    -3.72    5.49
 196228.496    19.033    -6.39    5.10
 196603.527    17.079    -5.21    3.40
 196978.542    16.073    -2.68    3.12
 197353.540    16.051    -0.06    3.05
 197728.523    15.592    -1.22    2.11
 198103.489    15.800     0.55    1.65
 198478.438    16.937     3.03    2.65
 198853.371    18.358     3.79    4.01
 199228.288    21.187     7.54    5.37
 199603.189    24.744     9.49    6.89
 199978.074    27.710     7.91    6.36
 200352.942    29.776     5.51    5.01
 200727.794    27.619    -5.75    5.99
 201102.629    23.870   -10.00    6.17
 201477.449    20.898    -7.93    6.03
 201852.252    18.801    -5.60    5.00
 202227.039    17.007    -4.78    1.69
 202601.809    16.778    -0.61    1.36
 202976.564    16.870     0.25    1.29
 203351.302    17.278     1.09    1.89
 203726.024    19.242     5.24    3.98
 204100.729    22.131     7.71    5.81
 204475.419    27.573    14.52    8.13
 204850.092    31.579    10.69    6.42
 205224.749    33.335     4.68    5.05
 205599.389    33.335     0.00    4.81
 205974.014    32.753    -1.55    4.81
 206348.622    32.710    -0.12    4.65
 206723.214    34.113     3.75    4.87
 207097.790    35.073     2.56    5.73
 207472.350    37.405     6.22    8.49
 207846.893    36.846    -1.49    9.28
 208221.421    33.299    -9.47   10.31
 208595.932    28.848   -11.88    9.71
 208970.427    26.528    -6.20    9.67
 209344.905    27.873     3.59   16.02
 209719.368    30.009     5.70   15.64
 210093.814    32.451     6.52   15.13
 210468.245    33.038     1.57   13.03
 210842.659    31.680    -3.62    6.48
 211217.056    32.746     2.85    6.08
 211591.438    32.551    -0.52    7.28
 211965.804    32.323    -0.61    7.10
 212340.153    33.966     4.39    7.77
 212714.486    34.619     1.74    8.14
 213088.804    34.896     0.74    6.75
 213463.105    37.009     5.64    8.22
 213837.389    39.604     6.93    8.37
 214211.658    41.514     5.10    8.54
 214585.911    44.092     6.89    8.04
 214960.147    44.265     0.46    8.58
 215334.368    43.109    -3.09   10.83
 215708.572    42.079    -2.75   10.62
 216082.760    41.358    -1.93   10.11
 216456.932    42.299     2.52   11.97
 216831.088    42.323     0.06    8.64
 217205.228    45.982     9.78   10.52
 217579.351    47.102     2.99   10.38
 217953.459    50.823     9.94   10.54
 218327.551    52.986     5.78   10.52
 218701.626    51.381    -4.29    8.78
 219075.686    52.774     3.72    8.80
 219449.729    53.966     3.19    9.16
 219823.756    59.779    15.54   13.05
 220197.767    66.079    16.84   14.47
 220571.762    76.391    27.57   22.12
 220945.741    93.381    45.42   39.85
 221319.704   109.219    42.34   46.76
 221693.651   132.591    62.49   47.52
 222067.582   155.228    60.53   48.23
 222441.497   155.730     1.34   46.57
 222815.396   159.232     9.36   49.03
 223189.279   154.232   -13.37   46.75
 223563.145   156.358     5.68   44.53
 223936.996   169.242    34.46   51.54
 224310.831   192.990    63.51   56.07
 224684.650   205.265    32.83   50.63
 225058.902   215.823    28.21   49.39
 225435.927   238.405    59.88   60.16
 225812.935   281.916   115.39   71.71
 226189.928   331.869   132.48   80.19
 226566.904   362.776    81.97   79.52
 226943.864   417.514   145.18   94.87
 227320.808   486.940   184.15  120.89
 227697.735   578.660   243.29  149.64
 228074.646   639.028   160.13  132.82
 228451.541   713.707   198.10  123.17
 228828.420   744.490    81.66  110.68
 229205.282   746.561     5.50  102.05
 229582.128   716.335   -80.19  115.75
 229958.958   657.893  -155.06  124.84
 230335.771   584.680  -194.26  129.59
 230712.568   487.891  -256.82  126.84
 231089.349   393.960  -249.25  110.23
 231466.114   316.014  -206.84   78.57
 231842.863   267.614  -128.44   56.09
 232219.595   227.474  -106.53   41.70
 232596.311   198.172   -77.77   39.39
 232973.011   177.195   -55.67   41.57
 233349.694   160.561   -44.15   47.03
 233726.362   140.299   -53.78   43.25
 234103.013   118.637   -57.50   35.73
 234479.648   103.730   -39.57   20.97
 234856.266   100.800    -7.78   23.88
 235232.869   104.893    10.87   28.26
 235609.455   100.660   -11.24   23.51
 235986.025   101.428     2.04   22.35
 236362.579   105.596    11.07   30.29
 236739.117   105.242    -0.94   29.70
 237115.638   106.596     3.60   35.06
 237492.144   107.514     2.44   34.20
 237868.633   114.921    19.67   42.10
 238245.106   120.591    15.06   52.14
 238621.563   130.687    26.81   56.48
 238998.004   143.778    34.77   71.32
 239374.428   159.730    42.37   82.17
 239750.836   174.895    40.28   84.34
 240127.229   160.061   -39.40   64.74
 240503.605   145.172   -39.55   54.09
 240879.965   130.028   -40.23   40.47
 241256.308   120.490   -25.34   32.18
 241632.636   110.141   -27.49   26.31
 242008.948   104.609   -14.70   15.41
 242385.243   107.038     6.45   14.46
 242761.522   115.684    22.97   18.76
 243137.785   126.823    29.60   18.54
 243514.032   129.521     7.17   16.90
 243890.263   131.149     4.33   17.37
 244266.478   128.442    -7.19   17.85
 244642.677   125.228    -8.54   17.02
 245018.859   131.870    17.65   23.60
 245395.026   132.846     2.60   23.82
 245771.176   134.942     5.57   20.97
 246147.310   128.755   -16.45   19.44
 246523.429   120.482   -21.99   15.23
 246899.531   108.823   -30.99   12.83
 247275.617   104.172   -12.36   12.07
 247651.687   105.916     4.64   11.89
 248027.741   107.776     4.94   12.67
 248403.779   112.451    12.43   10.19
 248779.800   110.966    -3.95    8.20
 249155.806   106.428   -12.07    7.21
 249531.796   102.591   -10.20    7.59
 249907.769    99.204    -9.01    7.16
 250283.727    96.033    -8.43    6.22
 250659.669    95.335    -1.86    6.38
 251035.594    95.210    -0.33    7.38
 251411.503    95.490     0.75    8.27
 251787.397    92.614    -7.65    7.50
 252163.274    91.299    -3.50    7.14
 252539.136    91.704     1.08    7.23
 252914.981    92.730     2.73    6.78
 253290.810    93.531     2.13    6.47
 253666.624    92.428    -2.93    6.74
 254042.421    89.774    -7.06    7.25
 254418.202    86.776    -7.98    7.84
 254793.968    83.704    -8.17    7.27
 255169.717    81.265    -6.49    5.47
 255545.450    78.405    -7.61    3.30
 255921.168    79.262     2.28    4.81
 256296.869    82.460     8.51    7.26
 256672.554    88.433    15.90    8.45
 257048.224    93.347    13.08    6.50
 257423.877    96.102     7.33    5.14
 257799.515    98.579     6.59    5.16
 258175.136    98.710     0.35    4.92
 258550.742    97.875    -2.22    5.78
 258926.331    94.657    -8.57    7.27
 259301.905    89.585   -13.50    7.77
 259677.463    84.242   -14.22    6.41
 260053.004    79.847   -11.70    5.22
 260428.530    76.648    -8.52    3.41
 260804.040    74.937    -4.56    2.16
 261179.534    74.896    -0.11    3.55
 261555.012    76.323     3.80    4.88
 261930.474    78.242     5.11    5.26
 262305.920    79.252     2.69    5.26
 262681.351    78.210    -2.78    4.74
 263056.765    76.875    -3.56    3.59
 263432.163    77.369     1.32    4.29
 263807.546    79.126     4.68    8.30
 264182.912    80.451     3.53   11.07
 264558.263    82.405     5.20   11.63
 264933.598    85.481     8.19   11.65
 265308.917    93.732    21.98   16.93
 265684.220   103.948    27.21   17.56
 266059.507   110.893    18.50   18.76
 266434.778   112.551     4.42   18.90
 266810.034   108.442   -10.95   16.50
 267185.273   105.505    -7.83   12.97
 267560.497   108.900     9.05   17.85
 267935.705   112.687    10.09   18.42
 268310.897   119.265    17.53   16.96
 268686.073   121.405     5.70   15.85
 269061.233   127.102    15.18   19.13
 269436.377   137.439    27.55   27.90
 269811.506   170.528    88.19   49.17
 270186.619   197.798    72.68   44.65
 270561.716   207.800    26.66   36.94
 270936.797   204.187    -9.63   36.20
 271311.862   188.847   -40.89   27.19
 271686.911   181.528   -19.51   22.70
 272061.945   174.665   -18.29   16.09
 272436.963   168.369   -16.79   15.31
 272811.965   161.660   -17.88   15.80
 273186.951   154.369   -19.44   17.03
 273561.921   153.358    -2.69   19.79
 273936.876   157.823    11.91   24.45
 274311.814   168.073    27.33   26.85
 274686.737   194.173    69.60   38.91
 275061.644   210.405    43.28   41.22
 275436.536   210.195    -0.56   43.92
 275811.411   198.466   -31.28   46.94
 276186.271   172.278   -69.85   38.91
 276561.115   154.516   -47.37   22.24
 276935.943   146.482   -21.43   18.92
 277310.756   141.204   -14.08   18.58
 277685.553   134.358   -18.26   12.74
 278060.334   132.252    -5.62   10.73
 278435.099   132.140    -0.30   10.03
 278809.848   127.755   -11.70   10.38
 279184.582   123.948   -10.16    7.36
 279559.300   124.009     0.16    9.57
 279934.002   127.381     9.00   15.20
 280308.689   129.133     4.67   16.33
 280683.360   128.753    -1.01   15.70
 281058.015   126.213    -6.78   13.56
 281432.654   121.544   -12.46   12.47
 281807.278   117.970    -9.54   11.68
 282181.885   114.609    -8.97   10.53
 282556.478   114.942     0.89   11.12
 282931.054   117.418     6.61   12.29
 283305.615   125.942    22.75   17.58
 283680.160   141.799    42.33   26.85
 284054.689   152.437    28.40   25.75
 284429.203   164.704    32.75   26.82
 284803.701   166.660     5.22   20.96
 285178.183   174.567    21.11   35.76
 285552.650   200.358    68.86   60.06
 285927.101   251.061   135.37   85.09
 286301.536   298.823   127.53   74.56
 286675.956   319.252    54.55   66.20
 287050.360   299.379   -53.07   83.49
 287424.748   242.428  -152.08   80.71
 287799.120   187.346  -147.10   66.84
 288173.477   146.753  -108.41   44.40
 288547.819   126.180   -54.94   31.30
 288922.144   119.585   -17.61   36.03
 289296.454   108.657   -29.19   25.39
 289670.749   108.358    -0.80   27.98
 290045.027   101.960   -17.09   22.07
 290419.290    93.823   -21.73   11.36
 290793.538    89.265   -12.18    6.34
 291167.770    86.707    -6.83    3.48
 291541.986    88.299     4.25    6.53
 291916.187    92.204    10.43   10.24
 292290.372    98.870    17.81   16.83
 292664.541   105.428    17.52   19.98
 293038.695   110.966    14.80   19.20
 293412.833   115.637    12.48   19.50
 293786.956   119.323     9.85   19.42
 294161.063   114.723   -12.29   17.46
 294535.154   108.823   -15.77   12.82
 294909.230   108.448    -1.00   13.86
 295283.290   115.109    17.80   18.90
 295657.335   121.847    18.01   20.00
 296031.364   133.986    32.45   26.33
 296405.377   147.038    34.89   25.04
 296779.375   151.823    12.79   20.61
 297153.357   149.437    -6.38   22.59
 297527.324   142.360   -18.92   24.43
 297901.276   134.752   -20.34   21.84
 298275.211   129.442   -14.20   17.14
 298649.131   125.409   -10.78   13.23
 299023.036   122.323    -8.25   11.61
 299396.925   120.028    -6.14   10.26
 299770.799   117.823    -5.90   10.80
 300145.622   114.381    -9.18    9.36
 300522.601   112.242    -5.67    9.63
 300899.565   110.823    -3.76   10.41
 301276.513   107.586    -8.58    9.72
 301653.445   104.210    -8.96    8.32
 302030.361   102.948    -3.35    9.33
 302407.261   104.369     3.77   11.03
 302784.146   106.265     5.03   11.78
 303161.015   108.592     6.17   11.08
 303537.868   112.437    10.20   11.82
 303914.705   118.772    16.81   15.44
 304291.527   128.591    26.05   22.57
 304668.333   149.664    55.91   34.01
 305045.123   165.963    43.25   34.45
 305421.897   184.460    49.08   28.74
 305798.655   188.665    11.16   22.25
 306175.398   180.096   -22.74   22.97
 306552.125   174.323   -15.32   22.03
 306928.837   175.288     2.56   23.18
 307305.532   178.288     7.96   23.88
 307682.212   176.455    -4.87   26.25
 308058.876   170.119   -16.82   32.03
 308435.524   161.362   -23.24   28.50
 308812.157   154.073   -19.35   23.43
 309188.774   153.544    -1.40   18.70
 309565.375   161.926    22.25   24.68
 309941.961   191.664    78.95   54.89
 310318.530   219.259    73.26   59.38
 310695.084   227.172    21.01   59.57
 311071.623   223.210   -10.52   67.39
 311448.145   195.395   -73.85   50.30
 311824.652   170.801   -65.30   31.25
 312201.144   154.007   -44.59   18.87
 312577.619   143.596   -27.65   11.92
 312954.079   139.038   -12.11    7.85
 313330.523   137.573    -3.89    6.88
 313706.952   140.730     8.38   11.69
 314083.365   143.490     7.33   15.13
 314459.762   143.255    -0.62   17.02
 314836.144   141.285    -5.23   18.19
 315212.510   134.079   -19.14   14.54
 315588.860   123.710   -27.55   11.30
 315965.195   116.648   -18.76    8.58
 316341.514   112.255   -11.67    6.38
 316717.817   109.429    -7.51    1.75
 317094.105   109.369    -0.16    1.98
 317470.377   111.079     4.54    3.42
 317846.633   113.428     6.24    4.72
 318222.874   116.391     7.87    5.18
 318599.099   119.900     9.32    4.84
 318975.309   123.323     9.10    4.92
 319351.503   126.085     7.34    4.25
 319727.681   127.195     2.95    3.89
 320103.844   128.347     3.06    3.74
 320479.991   128.926     1.54    3.67
 320856.122   128.846    -0.21    4.39
 321232.238   128.977     0.35    4.56
 321608.339   129.457     1.28    5.04
 321984.423   131.591     5.67    8.21
 322360.492   131.018    -1.52    4.63
 322736.546   133.778     7.34    7.39
 323112.584   135.182     3.73    6.63
 323488.606   136.619     3.82    4.97
 323864.613   139.730     8.27    7.00
 324240.605   142.728     7.97    7.23
 324616.580   147.395    12.41    7.06
 324992.541   151.423    10.71    6.48
 325368.485   157.028    14.90    7.68
 325744.414   162.798    15.35    8.89
 326120.328   172.271    25.19   16.32
 326496.226   177.934    15.06   15.88
