# NaN NaN NaN ;Mean Elev.(m), Avg Gradient(m/km), RMS Gradient(m/km) - SRTM1     
#   22.768   0.699   4.150 ;Mean Elev.(m), Avg Gradient(m/km), RMS Gradient(m/km) - ASTER GDEM
#   30.815   0.155   1.649 ;Mean Elev.(m), Avg Gradient(m/km), RMS Gradient(m/km) - GMTED2010 
  7 112.330128  30.068215    36.639    36.686  3 52473.59091830 20.353
  8 112.337586  30.067153    36.643    36.643  2 52508.59088567 22.855
  9 112.338123  30.068537    32.406    32.406  2 52543.59087561 23.183
 10 112.330329  30.068293    33.370    31.337  3 52578.59092197 25.033
 11 112.333375  30.069531    31.668    30.275  3 52613.59088777 27.187
 12 112.335520  30.068457    31.098    30.386  3 52648.59086933 26.961
 13 112.343481  30.066235    27.084    27.084  2 52683.59084619 48.040
 16 112.329089  30.068863    32.194    32.200  3 52788.59087411 48.782
 17 112.332733  30.067328    36.453    36.544  3 52823.59094478 22.431
 18 112.335504  30.067937    35.654    35.480  3 52858.59099127 20.319
 19 112.331412  30.068580    37.289    37.220  3 52893.59102295 24.950
 20 112.335364  30.068698    32.475    32.864  3 52928.59097338 21.780
 21 112.336721  30.067213    30.433    30.433  2 52963.59095366 21.751
 22 112.329019  30.070546    30.047    28.962  3 52998.59099213 26.668
 23 112.335841  30.067330    27.809    27.809  2 53033.59094527 50.369
 24 112.335653  30.067539    32.817    33.728  3 53068.59095962 22.785
 25 112.335715  30.067609    29.594    29.724  3 53103.59094714 22.610
 26 112.335840  30.067783    32.695    32.115  3 53138.59096428 24.470
 27 112.332056  30.068629    36.806    37.464  3 53173.59100593 25.005
 28 112.332850  30.069089    36.265    36.211  3 53208.59102202 23.459
 29 112.338486  30.068016    34.120    34.120  2 53243.59098920 19.911
 30 112.329923  30.068899    36.625    36.541  3 53278.59096697 23.095
 31 112.332085  30.068965    31.590    31.555  3 53313.59099434 28.028
 32 112.338110  30.068156    30.105    30.105  2 53348.59095970 26.114
 33 112.331534  30.069222    28.385    28.361  3 53383.59093069 33.803
 34 112.343347  30.066543    34.886    34.505  3 53418.59093888 26.629
 35 112.332635  30.067978    35.087    35.017  3 53453.59094378 23.732
 36 112.325949  30.068673    33.360    35.222  3 53488.59102941 26.774
 37 112.337221  30.068777    32.727    32.727  2 53523.59101758 23.642
 38 112.327474  30.070408    35.178    35.390  3 53558.59104420 21.950
 39 112.344791  30.066112    35.662    35.937  3 53593.59098014 28.757
 40 112.323353  30.069837    35.808    35.808  2 53628.59097327 18.160
 41 112.330647  30.068189    35.038    35.992  3 53663.59099710 22.381
 42 112.337255  30.068992    30.942    30.942  2 53698.59095763 24.484
 43 112.343524  30.066733    28.072    28.072  2 53733.59087949 30.020
 44 112.339526  30.067723    28.772    28.772  2 53768.59086089 30.187
 45 112.341941  30.066542    31.038    30.239  3 53803.59085774 24.431
 46 112.330316  30.068561    35.978    35.360  3 53838.59087554 24.445
 47 112.334496  30.068414    33.295    33.070  3 53873.59092374 25.688
 48 112.328337  30.069240    35.133    35.239  3 53908.59096739 21.253
 49 112.324944  30.070215    35.070    35.259  3 53943.59099179 26.104
 50 112.335354  30.068632    32.105    30.996  3 53978.59094159 22.652
 51 112.332284  30.067602    29.457    29.466  3 54013.59095295 27.827
 52 112.341398  30.067737    29.304    29.304  2 54048.59095988 38.807
 54 112.339773  30.068120    29.960    29.960  2 54118.59088220 25.625
 55 112.333438  30.069228    35.074    35.138  3 54153.59090769 21.936
 56 112.338729  30.068554    34.531    34.531  2 54188.59087688 21.608
 57 112.332015  30.069322    30.352    30.338  3 54223.59091793 23.352
 58 112.334831  30.068524    34.838    33.586  3 54258.59093949 24.456
 59 112.335597  30.069065    36.550    36.550  2 54293.59094223 20.736
 60 112.338477  30.067540    35.538    35.535  3 54328.59093654 19.169
 61 112.339782  30.066005    36.741    36.741  2 54363.59088383 19.296
 62 112.336189  30.068576    31.405    31.405  2 54398.59087689 22.904
 63 112.339770  30.067044    29.868    29.868  2 54433.59083433 23.090
 64 112.335387  30.068527    27.864    27.839  3 54468.59085956 39.147
 66 112.337081  30.068070    28.620    28.620  2 54538.59087478 27.843
 67 112.339839  30.066028    30.438    30.438  2 54573.59085078 26.231
 68 112.335087  30.067581    30.995    31.017  3 54608.59086813 21.833
 69 112.335194  30.068581    33.516    33.516  2 54643.59087626 24.177
 70 112.334308  30.067752    35.195    35.058  3 54678.59087791 21.939
 71 112.340733  30.067150    36.792    36.792  2 54713.59083027 22.205
 72 112.333507  30.067304    36.183    36.239  3 54748.59084722 19.021
 73 112.337854  30.068054    34.394    34.394  2 54783.59081734 25.744
 74 112.334031  30.069218    28.389    28.377  3 54818.59084002 28.765
 75 112.338238  30.066635    31.247    31.247  2 54853.59081448 20.910
 76 112.333963  30.067444    36.217    35.718  3 54888.59084419 21.175
 77 112.337603  30.068699    28.681    28.681  2 54923.59081454 29.835
 78 112.332547  30.067637    33.361    32.756  3 54958.59084192 36.328
 79 112.332267  30.069418    35.553    34.966  3 54993.59086449 26.462
 80 112.336515  30.066844    35.984    35.984  2 55028.59085383 25.413
 81 112.336409  30.068180    36.241    36.201  3 55063.59084625 24.213
 82 112.338385  30.068534    32.913    32.913  2 55098.59079197 25.837
 83 112.333857  30.068490    30.432    30.460  3 55133.59078998 20.839
 84 112.338935  30.067872    30.318    30.318  2 55168.59075465 21.616
 85 112.333673  30.068004    29.301    29.693  3 55203.59078288 21.043
 86 112.337480  30.067757    28.364    28.364  2 55238.59076201 29.772
 87 112.335824  30.067532    29.682    29.682  2 55273.59077625 21.131
 88 112.339374  30.068370    28.733    28.733  2 55308.59074542 38.645
 89 112.336503  30.067768    34.281    34.784  3 55343.59074544 24.144
 90 112.337205  30.068404    35.508    35.508  2 55378.59073973 21.614
 91 112.334136  30.068746    37.598    37.275  3 55413.59076478 21.741
 92 112.337495  30.068628    35.446    35.446  2 55448.59075349 18.171
 93 112.341581  30.067088    35.157    35.157  2 55483.59068029 23.786
