-287771.923   195.886     0.00   16.28
-287396.362   203.560    20.43   21.33
-287020.785   216.873    35.44   29.75
-286645.193   236.585    52.47   29.19
-286269.585   260.338    63.23   32.14
-285893.962   275.292    39.80   29.67
-285518.323   293.692    48.97   34.46
-285142.668   303.928    27.24   33.47
-284766.998   308.217    11.41   35.41
-284391.313   305.982    -5.95   39.66
-284015.612   285.887   -53.47   31.52
-283639.895   276.362   -25.35   34.22
-283264.163   263.383   -34.53   31.03
-282888.416   240.292   -61.44   33.16
-282512.653   223.542   -44.57   24.50
-282136.874   215.097   -22.47   17.88
-281761.079   212.315    -7.40   13.46
-281385.270   212.816     1.33   12.41
-281009.444   217.117    11.44   14.25
-280633.603   218.178     2.82   14.82
-280257.746   226.189    21.31   22.53
-279881.874   243.129    45.06   37.89
-279505.986   279.548    96.86   55.29
-279130.083   303.827    64.57   50.27
-278754.164   328.269    65.01   46.76
-278378.230   347.189    50.32   48.74
-278002.279   354.519    19.49   49.03
-277626.314   362.408    20.98   54.97
-277250.332   372.292    26.28   52.35
-276874.335   392.173    52.86   45.32
-276498.323   421.923    79.10   46.68
-276122.294   468.246   123.16   60.53
-275746.250   501.318    87.92   65.59
-275370.191   524.315    61.14   68.93
-274994.116   540.019    41.75   60.74
-274618.025   535.892   -10.97   47.83
-274241.919   551.201    40.69   60.10
-273865.797   571.266    53.34   61.22
-273489.659   582.156    28.94   54.72
-273113.505   591.385    24.53   58.14
-272737.336   576.006   -40.87   67.53
-272361.152   537.974  -101.08   83.21
-271984.951   482.950  -146.23   91.26
-271608.735   435.224  -126.83   72.29
-271232.504   404.682   -81.16   41.95
-270856.256   405.178     1.32   48.54
-270479.993   414.840    25.67   60.91
-270103.715   443.420    75.94   64.46
-269727.420   477.815    91.38   65.64
-269351.110   497.087    51.20   61.34
-268974.784   517.887    55.26   61.02
-268598.443   535.920    47.90   57.39
-268222.086   545.072    24.31   64.24
-267845.713   562.110    45.26   75.05
-267469.324   583.923    57.94   80.00
-267092.920   620.474    97.08   81.39
-266716.500   654.943    91.55   76.66
-266340.064   686.524    83.88   62.25
-265963.612   686.362    -0.43   79.38
-265587.145   675.651   -28.44   96.16
-265210.662   633.360  -112.31  106.06
-264834.164   595.633  -100.18   87.12
-264457.649   575.431   -53.64   63.03
-264081.119   550.633   -65.84   63.40
-263704.573   529.617   -55.80   52.75
-263328.011   521.383   -21.86   46.05
-262951.434   510.502   -28.89   49.65
-262574.841   499.943   -28.03   65.25
-262198.232   479.362   -54.64   68.38
-261821.607   463.744   -41.46   62.48
-261444.966   460.746    -7.96   58.77
-261068.310   467.420    17.71   50.09
-260691.638   496.292    76.63   54.67
-260314.950   532.455    95.98   65.29
-259938.247   587.524   146.16  100.20
-259561.527   649.720   165.06  117.41
-259184.792   688.292   102.36  103.11
-258808.041   691.360     8.14   93.69
-258431.274   660.242   -82.57  115.00
-258054.492   610.959  -130.77  149.32
-257677.693   533.664  -205.09  144.73
-257300.879   480.243  -141.74  109.08
-256924.049   415.837  -170.88   88.93
-256547.203   370.187  -121.11   69.81
-256170.341   340.013   -80.05   49.72
-255793.464   323.106   -44.85   46.95
-255416.570   311.435   -30.96   51.50
-255039.661   308.019    -9.06   58.41
-254662.736   287.933   -53.28   60.34
-254285.795   257.110   -81.75   52.20
-253908.838   246.340   -28.57   39.91
-253531.866   243.920    -6.42   43.54
-253154.877   257.744    36.66   57.75
-252777.873   278.600    55.31   63.68
-252402.655   286.224    20.31   64.43
-252028.773   279.042   -19.20   56.56
-251654.875   268.197   -29.00   36.64
-251280.961   265.501    -7.21   29.69
-250907.032   264.959    -1.45   18.84
-250533.087   275.501    28.19   25.92
-250159.127   292.742    46.09   36.80
-249785.151   325.734    88.20   60.88
-249411.159   365.902   107.38   81.64
-249037.152   422.524   151.36   88.37
-248663.129   477.149   146.02   73.07
-248289.090   525.625   129.58   67.00
-247915.036   585.554   160.18   85.06
-247540.966   648.943   169.42   98.80
-247166.881   702.827   144.01   87.82
-246792.780   724.720    58.51   71.05
-246418.663   666.966  -154.34  106.45
-246044.531   593.478  -196.38   92.25
-245670.383   528.383  -173.95   84.04
-245296.219   466.269  -165.97   72.88
-244922.040   430.078   -96.70   78.04
-244547.845   396.365   -90.08   67.15
-244173.634   386.220   -27.10   66.32
-243799.408   357.455   -76.85   53.71
-243425.166   357.315    -0.37   50.71
-243050.908   368.083    28.76   63.10
-242676.635   388.220    53.79   69.70
-242302.345   410.601    59.78   69.23
-241928.041   416.220    15.01   71.09
-241553.720   416.387     0.45   81.17
-241179.384   389.617   -71.50   99.81
-240805.032   344.990  -119.19  102.79
-240430.665   302.897  -112.41   90.16
-240056.281   250.059  -141.10   77.92
-239681.882   218.054   -85.47   64.79
-239307.468   204.455   -36.31   50.27
-238933.037   202.780    -4.47   44.88
-238558.591   208.176    14.41   42.29
-238184.129   193.411   -39.42   48.80
-237809.652   170.664   -60.73   42.16
-237435.158   159.173   -30.68   29.05
-237060.649   168.242    24.21   41.11
-236686.124   196.065    74.27   51.46
-236311.584   217.917    58.33   57.71
-235937.027   225.697    20.77   57.40
-235562.455   220.292   -14.43   56.39
-235187.867   204.013   -43.45   41.92
-234813.264   201.720    -6.12   31.70
-234438.644   211.942    27.28   33.78
-234064.009   221.428    25.32   36.24
-233689.358   233.146    31.27   34.33
-233314.692   246.292    35.08   33.11
-232940.009   270.245    63.92   54.58
-232565.311   297.755    73.40   59.01
-232190.597   310.428    33.81   50.07
-231815.867   322.984    33.50   46.85
-231441.121   318.519   -11.91   53.64
-231066.360   330.966    33.21   57.67
-230691.582   343.478    33.38   66.34
-230316.789   360.873    46.40   74.60
-229941.980   390.450    78.90   77.45
-229567.156   419.951    78.69   80.67
-229192.315   426.292    16.91   68.01
-228817.459   404.524   -58.06   68.31
-228442.587   362.451  -112.21   67.36
-228067.699   336.269   -69.83   67.87
-227692.795   293.474  -114.13   74.95
-227317.875   264.029   -78.52   73.53
-226942.939   230.224   -90.14   78.32
-226567.988   184.173  -122.79   73.17
-226193.021   159.110   -66.83   66.56
-225818.038   126.292   -87.50   43.40
-225443.039   108.189   -48.26   22.80
-225068.024    96.201   -31.96   17.56
-224692.993    88.446   -20.68   14.13
-224317.947    87.982    -1.24   17.42
-223942.884    89.687     4.54   18.27
-223567.806    95.548    15.62   18.47
-223192.712   110.474    39.79   29.39
-222817.601   134.292    63.48   43.62
-222442.475   149.906    41.61   42.58
-222067.334   149.408    -1.33   41.05
-221692.176   143.269   -16.36   39.64
-221317.002   134.036   -24.60   32.86
-220941.812   124.933   -24.26   26.39
-220566.607   117.042   -21.03   26.30
-220191.386   107.892   -24.38   27.21
-219816.148    94.673   -35.22   26.80
-219440.895    81.641   -34.72   21.29
-219065.626    72.673   -23.89    9.19
-218690.341    73.587     2.44    9.60
-218315.039    78.343    12.67    9.78
-217939.722    86.860    22.69   17.14
-217564.390   105.625    49.99   38.00
-217189.041   114.617    23.95   37.92
-216813.676   113.316    -3.47   39.94
-216438.295   110.926    -6.36   40.51
-216062.898    88.610   -59.44   28.09
-215687.486    78.242   -27.61   19.00
-215312.057    68.804   -25.14   19.41
-214936.612    57.548   -29.97   10.72
-214561.152    55.506    -5.44    8.65
-214185.675    57.222     4.57   13.45
-213810.182    62.017    12.77   18.66
-213434.674    64.087     5.51   17.50
-213059.149    68.755    12.43   19.21
-212683.609    71.152     6.38   18.95
-212308.052    66.816   -11.55   19.21
-211932.480    62.536   -11.39   17.75
-211556.891    64.664     5.67   18.60
-211181.286    67.316     7.06   17.35
-210805.666    76.501    24.45   16.70
-210430.029    88.176    31.07   18.61
-210054.377   100.827    33.67   26.90
-209678.708   118.840    47.94   35.69
-209303.023   140.083    56.53   42.08
-208927.323   171.594    83.86   54.22
-208551.606   214.101   113.12   70.48
-208175.873   255.664   110.60   84.70
-207800.124   317.720   165.13  107.19
-207424.359   373.601   148.69  108.17
-207048.579   421.744   128.09   76.50
-206672.782   405.197   -44.03  103.06
-206296.969   339.451  -174.91  133.84
-205921.139   248.003  -243.28  117.79
-205545.294   183.617  -171.28   78.29
-205169.433   144.459  -104.17   40.92
-204793.556   164.664    53.75   59.53
-204417.662   191.244    70.70   72.23
-204041.753   221.292    79.92   78.11
-203665.827   236.757    41.13   67.75
-203289.886   245.199    22.45   61.24
-202913.928   241.176   -10.70   53.08
-202537.954   223.571   -46.82   62.49
-202161.964   179.601  -116.92   78.80
-201785.958   132.724  -124.65   63.67
-201409.936    90.769  -111.56   46.20
-201033.898    67.601   -61.60   26.78
-200657.843    55.897   -31.12   14.75
-200281.773    49.641   -16.63    5.86
-199905.686    48.054    -4.22    2.15
-199529.583    48.292     0.63    1.75
-199153.464    48.617     0.87    1.69
-198777.329    49.087     1.25    1.90
-198401.178    50.431     3.57    2.61
-198025.011    55.451    13.34   10.74
-197648.827    61.006    14.76   14.16
-197272.628    69.530    22.65   15.87
-196896.412    82.451    34.34   18.65
-196520.180    87.897    14.47   18.50
-196143.932    96.338    22.43   22.04
-195767.667    99.059     7.23   19.39
-195391.387   102.506     9.16   18.71
-195015.090   102.959     1.20   17.25
-194638.777    99.617    -8.88   15.22
-194262.448    99.524    -0.25   17.32
-193886.103   105.906    16.95   30.39
-193509.742   131.792    68.77   58.60
-193133.364   174.720   114.04   75.55
-192756.970   199.877    66.83   69.43
-192380.560   199.181    -1.85   71.73
-192004.134   174.571   -65.37   72.44
-191627.691   131.110  -115.43   50.51
-191251.233   126.362   -12.61   51.54
-190874.758   142.617    43.17   60.17
-190498.267   171.911    77.79   60.97
-190121.759   202.966    82.47   51.71
-189745.236   226.176    61.63   63.48
-189368.696   245.519    51.36   74.16
-188992.140   268.734    61.64   86.41
-188615.568   304.269    94.35  104.63
-188238.979   343.125   103.16  109.92
-187862.374   361.542    48.89   97.83
-187485.753   358.431    -8.26   75.46
-187109.116   353.224   -13.82   68.85
-186732.462   366.710    35.80   78.47
-186355.792   377.506    28.66   84.72
-185979.106   377.990     1.28   83.98
-185602.404   353.059   -66.17   87.10
-185225.685   320.734   -85.79   68.56
-184848.950   306.292   -38.33   50.94
-184472.199   275.408   -81.96   52.90
-184095.431   242.411   -87.57   72.05
-183718.647   214.757   -73.38   58.44
-183341.847   218.292     9.38   62.48
-182965.031   255.176    97.87   77.66
-182588.198   306.951   137.37   68.60
-182211.349   321.524    38.67   52.81
-181834.483   310.387   -29.55   53.31
-181457.602   291.873   -49.12   55.44
-181080.704   277.106   -39.18   62.36
-180703.789   252.315   -65.76   61.48
-180326.859   220.966   -83.16   58.67
-179949.911   197.268   -62.86   36.89
-179572.948   204.482    19.13   43.21
-179195.968   238.292    89.67   63.15
-178818.972   277.769   104.70   65.95
-178441.960   313.156    93.85   63.38
-178064.931   329.129    42.36   53.56
-177687.886   316.959   -32.27   58.21
-177313.093   283.720   -88.67   61.64
-176939.265   254.025   -79.42   50.80
-176565.421   235.804   -48.73   41.56
-176191.561   249.710    37.19   53.30
-175817.685   268.036    49.01   55.33
-175443.793   262.617   -14.49   52.19
-175069.884   258.059   -12.19   51.86
-174695.960   240.578   -46.75   40.50
-174322.019   226.036   -38.88   36.90
-173948.063   211.337   -39.30   39.65
-173574.090   189.724   -57.79   41.72
-173200.101   176.042   -36.58   34.94
-172826.096   172.176   -10.34   30.81
-172452.075   180.030    21.00   31.78
-172078.038   182.827     7.48   32.42
-171703.984   177.617   -13.92   33.08
-171329.915   166.710   -29.15   34.88
-170955.829   153.804   -34.50   31.50
-170581.728   142.827   -29.34   26.65
-170207.610   129.315   -36.11   23.07
-169833.476   114.887   -38.56   18.76
-169459.325   106.837   -21.51   14.91
-169085.159    95.804   -29.48   20.46
-168710.976    88.245   -20.20   18.10
-168336.778    86.863    -3.69   15.83
-167962.563    88.337     3.94   13.92
-167588.332    96.530    21.89   12.03
-167214.085   100.542    10.72   11.82
-166839.821   102.951     6.44   14.87
-166465.542   103.792     2.25   15.20
-166091.246   103.340    -1.21   16.21
-165716.934    97.078   -16.73   14.37
-165342.606    92.757   -11.54   14.94
-164968.262    90.338    -6.46   13.15
-164593.901    91.242     2.41   13.85
-164219.524    93.087     4.93   12.89
-163845.131    95.853     7.39   12.44
-163470.722    97.006     3.08   12.88
-163096.297    98.269     3.37   17.13
-162721.855    95.006    -8.71   18.50
-162347.397    87.906   -18.96   18.06
-161972.923    80.138   -20.74   18.35
-161598.433    71.815   -22.22   19.23
-161223.927    71.435    -1.01   18.70
-160849.404    75.966    12.10   21.83
-160474.865    89.245    35.45   28.01
-160100.310   106.999    47.39   28.45
-159725.738   123.906    45.13   31.64
-159351.150   141.907    48.05   42.11
-158976.546   147.315    14.43   39.38
-158601.926   146.408    -2.42   39.12
-158227.289   131.780   -39.04   43.10
-157852.637   117.587   -37.88   32.83
-157477.967   107.555   -26.77   27.35
-157103.282   109.406     4.94   26.44
-156728.580   114.892    14.64   23.06
-156353.862   122.873    21.30   25.47
-155979.128   138.883    42.72   25.64
-155604.377   145.757    18.34   26.62
-155229.611   153.769    21.38   26.13
-154854.827   156.029     6.03   27.68
-154480.028   169.701    36.47   38.17
-154105.212   192.664    61.26   55.38
-153730.380   219.337    71.15   60.80
-153355.532   260.548   109.92   61.59
-152980.667   284.523    63.95   68.05
-152605.786   307.087    60.18   72.19
-152230.888   320.702    36.31   71.02
-151855.974   347.687    71.97   75.08
-151481.044   407.152   158.58   93.96
-151106.098   450.083   114.48   91.50
-150731.135   454.565    11.95  101.76
-150356.156   403.061  -137.33  129.52
-149981.160   306.496  -257.48  121.08
-149606.149   235.697  -188.77   89.23
-149231.120   184.178  -137.35   61.71
-148856.076   156.701   -73.25   43.33
-148481.015   149.492   -19.22   38.22
-148105.937   156.224    17.95   38.27
-147730.844   169.634    35.75   38.05
-147355.734   187.587    47.86   38.61
-146980.607   200.036    33.18   37.81
-146605.464   213.734    36.51   39.41
-146230.305   226.129    33.04   38.86
-145855.129   234.805    23.12   38.48
-145479.937   215.883   -50.43   56.06
-145104.728   182.999   -87.63   62.24
-144729.503   157.385   -68.26   47.61
-144354.262   155.734    -4.40   40.21
-143979.004   168.078    32.89   47.19
-143603.730   191.360    62.03   33.95
-143228.439   200.035    23.11   31.15
-142853.132   206.315    16.73   42.36
-142477.809   214.408    21.56   42.42
-142102.469   204.897   -25.34   46.23
-141727.113   174.935   -79.81   58.46
-141351.740   145.676   -77.94   53.19
-140976.350   124.860   -55.45   41.30
-140600.945   115.317   -25.42   33.36
-140225.522   116.059     1.98   36.49
-139850.084   111.129   -13.13   28.41
-139474.629   105.435   -15.16   20.18
-139099.157    96.860   -22.83   11.93
-138723.669    94.241    -6.98    9.09
-138348.164    93.678    -1.50    9.22
-137972.643    95.244     4.17    9.27
-137597.106    94.292    -2.54    6.86
-137221.551    91.244    -8.11    8.41
-136845.981    86.780   -11.89    8.18
-136470.394    84.201    -6.87    7.30
-136094.790    82.817    -3.68    6.55
-135719.170    84.451     4.35    6.91
-135343.534    84.245    -0.55    8.69
-134967.880    81.554    -7.16   10.95
-134592.211    76.530   -13.37   12.89
-134216.525    71.446   -13.53   11.57
-133840.822    68.906    -6.76   10.44
-133465.103    67.731    -3.13    9.24
-133089.367    69.129     3.72   10.98
-132713.615    68.780    -0.93   11.62
-132337.846    66.511    -6.04   11.28
-131962.060    64.178    -6.21    8.80
-131586.258    65.048     2.31    9.84
-131210.440    71.990    18.47   11.78
-130834.605    77.734    15.28    9.38
-130458.753    79.571     4.89    7.95
-130082.885    81.649     5.53    7.53
-129707.000    81.942     0.78    8.05
-129331.099    79.110    -7.53    9.81
-128955.181    75.317   -10.09   13.03
-128579.246    68.006   -19.44   12.12
-128203.295    63.701   -11.45    7.78
-127827.327    63.633    -0.18    6.88
-127451.343    66.474     7.55    7.62
-127075.342    69.828     8.92    5.67
-126699.324    69.951     0.33    5.14
-126323.290    71.030     2.87    5.96
-125947.239    73.804     7.37    7.29
-125571.172    77.935    10.98    7.48
-125195.088    81.617     9.79    6.69
-124818.987    85.360     9.95    7.46
-124442.870    87.942     6.86    7.82
-124066.736    92.649    12.51   10.05
-123690.585   101.474    23.46   14.90
-123314.418   109.950    22.53   18.62
-122938.234   127.269    46.03   25.03
-122562.034   143.560    43.30   29.59
-122185.816   158.156    38.79   31.38
-121809.583   178.959    55.29   37.10
-121433.332   191.920    34.44   45.50
-121057.065   203.411    30.54   48.51
-120680.781   218.142    39.14   51.32
-120304.481   244.974    71.30   70.18
-119928.163   268.592    62.75   77.45
-119551.829   306.316   100.23   79.76
-119175.479   346.019   105.49   62.54
-118799.111   351.292    14.01   57.76
-118422.727   313.246  -101.07   75.33
-118046.327   281.072   -85.47   62.18
-117669.909   279.087    -5.27   52.40
-117293.475   278.959    -0.34   51.63
-116917.024   294.269    40.67   35.97
-116540.557   300.744    17.20   39.78
-116164.073   303.167     6.43   40.68
-115787.572   274.428   -76.32   72.59
-115411.054   243.467   -82.22   97.65
-115034.519   176.269  -178.45   89.58
-114657.968   124.428  -137.66   42.05
-114281.400   105.387   -50.56   13.16
-113904.816    97.156   -21.86   11.03
-113528.214    92.024   -13.63   13.50
-113151.596    85.383   -17.63   12.14
-112774.961    83.036    -6.23    9.74
-112398.309    83.920     2.35   11.07
-112021.641    83.601    -0.85   12.42
-111644.955    78.394   -13.82   11.17
-111268.253    76.156    -5.94    8.24
-110891.535    78.542     6.33    9.42
-110514.799    83.687    13.66    9.38
-110138.046    86.337     7.03    9.25
-109761.277    85.625    -1.89    9.18
-109384.491    87.201     4.18    9.33
-109007.688    90.581     8.97   10.65
-108630.869    95.792    13.83   14.08
-108254.032   106.734    29.03   23.62
-107877.179   109.245     6.66   25.85
-107500.309   115.943    17.77   25.79
-107123.422   121.343    14.33   22.89
-106746.519   139.292    47.62   32.24
-106369.598   156.609    45.94   26.12
-105992.661   158.850     5.94   19.85
-105615.706   158.897     0.12   16.73
-105238.735   155.926    -7.88   16.43
-104861.747   153.587    -6.20   17.30
-104484.743   150.002    -9.51   18.11
-104107.721   143.746   -16.59   17.74
-103730.683   140.641    -8.24   17.25
-103353.627   134.542   -16.17   18.25
-102976.555   125.451   -24.11   21.21
-102599.466   122.061    -8.99   21.10
-102225.104   128.224    16.46   25.06
-101851.332   135.463    19.37   26.03
-101477.544   148.664    35.31   25.32
-101103.739   161.804    35.15   23.65
-100729.918   175.920    37.76   21.40
-100356.080   180.610    12.55   23.04
 -99982.225   182.446     4.91   22.43
 -99608.354   167.746   -39.31   27.88
 -99234.466   155.792   -31.97   28.26
 -98860.562   140.178   -41.75   22.38
 -98486.641   131.837   -22.30   23.14
 -98112.704   123.438   -22.46   19.54
 -97738.750   116.951   -17.35   18.53
 -97364.779   112.317   -12.39   17.68
 -96990.791   106.746   -14.89   16.88
 -96616.787   101.408   -14.27   17.43
 -96242.767    97.501   -10.45   20.25
 -95868.729    87.054   -27.93   20.38
 -95494.676    79.292   -20.75   16.25
 -95120.605    79.292     0.00   18.38
 -94746.518    84.017    12.63   19.32
 -94372.414    90.883    18.35   19.12
 -93998.294    94.757    10.35   18.55
 -93624.156    91.850    -7.77   19.85
 -93250.003    88.697    -8.43   19.23
 -92875.832    89.926     3.29   19.67
 -92501.645   100.906    29.34   16.95
 -92127.441   106.042    13.73   16.74
 -91753.221   111.387    14.28   17.24
 -91378.984   111.792     1.08   20.80
 -91004.730   109.408    -6.37   25.87
 -90630.460   102.036   -19.70   25.98
 -90256.172   101.548    -1.30   21.58
 -89881.868   108.156    17.65   22.70
 -89507.548   111.220     8.19   27.69
 -89133.211   128.360    45.78   33.67
 -88758.857   141.315    34.60   36.82
 -88384.486   143.840     6.74   38.50
 -88010.099   132.338   -30.72   49.08
 -87635.694   116.920   -41.18   57.99
 -87261.274    83.083   -90.37   45.28
 -86886.836    61.792   -56.86   28.35
 -86512.382    58.129    -9.78   21.90
 -86137.911    74.362    43.34   32.57
 -85763.423    81.920    20.18   35.37
 -85388.918    93.860    31.88   37.91
 -85014.397    96.720     7.64   39.65
 -84639.859    92.178   -12.13   32.47
 -84265.304    89.966    -5.91   26.91
 -83890.733    94.036    10.86   29.81
 -83516.144   105.542    30.71   40.34
 -83141.539   126.315    55.45   54.94
 -82766.918   143.431    45.69   50.82
 -82392.279   165.389    58.61   49.77
 -82017.623   187.827    59.88   54.36
 -81642.951   202.825    40.03   61.03
 -81268.262   226.664    63.62   64.36
 -80893.557   234.565    21.08   70.95
 -80518.834   235.036     1.26   72.30
 -80144.095   227.459   -20.22   67.58
 -79769.338   247.387    53.17   73.44
 -79394.565   276.780    78.42   80.70
 -79019.776   305.769    77.34   85.56
 -78644.969   310.780    13.37   80.57
 -78270.146   297.178   -36.29   70.82
 -77895.305   281.873   -40.83   55.93
 -77520.448   253.431   -75.87   53.97
 -77145.574   220.451   -87.97   57.09
 -76770.684   184.780   -95.14   54.17
 -76395.776   155.406   -78.35   45.66
 -76020.852   134.178   -56.61   37.13
 -75645.910   122.042   -32.37   23.46
 -75270.952   118.431    -9.63   27.60
 -74895.977   126.501    21.52   40.37
 -74520.985   128.224     4.59   40.43
 -74145.976   114.406   -36.85   33.31
 -73770.951   109.641   -12.70   25.76
 -73395.908   106.292    -8.93   18.90
 -73020.849   104.850    -3.84   18.68
 -72645.773   106.578     4.61   18.75
 -72270.679    99.478   -18.93   16.42
 -71895.569    97.047    -6.48   15.01
 -71520.443    94.036    -8.03   11.23
 -71145.299    95.656     4.32   12.22
 -70770.138   104.873    24.57   24.52
 -70394.960   132.269    73.02   52.73
 -70019.766   150.065    47.43   52.09
 -69644.554   136.966   -34.91   56.64
 -69269.326   126.451   -28.02   59.37
 -68894.080   102.246   -64.50   42.89
 -68518.818    97.565   -12.48   39.59
 -68143.539   109.431    31.62   50.90
 -67768.243   122.617    35.13   49.73
 -67392.930   132.383    26.02   46.82
 -67017.600   154.474    58.85   53.38
 -66642.253   171.362    44.99   50.03
 -66266.889   177.594    16.60   49.28
 -65891.508   155.501   -58.85   66.36
 -65516.110   104.804  -135.04   56.60
 -65140.695    72.911   -84.95   33.29
 -64765.264    64.181   -23.25   23.25
 -64389.815    82.059    47.62   39.58
 -64014.349   120.451   102.25   61.97
 -63638.866   169.083   129.51   69.54
 -63263.367   207.178   101.45   66.13
 -62887.850   226.042    50.23   58.05
 -62512.316   207.701   -48.84   63.36
 -62136.765   168.610  -104.08   65.53
 -61761.198   132.156   -97.06   55.82
 -61385.613   105.792   -70.19   40.43
 -61010.011    86.176   -52.22   26.09
 -60634.393    71.292   -39.62   23.09
 -60258.757    60.710   -28.17   24.31
 -59883.104    49.129   -30.83   10.74
 -59507.434    47.571    -4.15    7.71
 -59131.747    49.873     6.13    9.16
 -58756.043    53.664    10.09    8.62
 -58380.322    57.571    10.40    7.63
 -58004.584    61.455    10.34    6.92
 -57628.829    65.837    11.66    7.28
 -57253.057    70.724    13.00    8.20
 -56877.268    73.815     8.22    7.26
 -56501.462    73.292    -1.39    8.54
 -56125.639    71.199    -5.57    9.11
 -55749.798    66.133   -13.48    8.83
 -55373.941    62.042   -10.88    9.41
 -54998.066    56.406   -14.99   11.76
 -54622.175    52.587   -10.16   10.67
 -54246.266    50.360    -5.92    9.27
 -53870.340    52.641     6.07    8.59
 -53494.397    59.943    19.42    8.25
 -53118.437    65.803    15.59    7.96
 -52742.460    67.990     5.82    6.94
 -52366.466    68.625     1.69    5.23
 -51990.455    65.222    -9.05    7.18
 -51614.426    60.478   -12.62    6.66
 -51238.381    56.482   -10.62    5.46
 -50862.318    53.734    -7.31    6.15
 -50486.238    51.451    -6.07    6.16
 -50110.141    51.815     0.97    6.49
 -49734.027    53.129     3.49    6.30
 -49357.896    52.697    -1.15    6.06
 -48981.747    50.746    -5.18    7.40
 -48605.582    48.092    -7.06    7.49
 -48229.399    47.406    -1.82    7.46
 -47853.199    48.133     1.93    7.64
 -47476.982    50.362     5.92    7.06
 -47100.748    53.110     7.30    5.68
 -46724.497    53.816     1.88    4.18
 -46348.228    51.406    -6.41    6.52
 -45971.942    49.245    -5.74    7.44
 -45595.640    48.292    -2.53    7.53
 -45219.319    48.246    -0.12    7.95
 -44842.982    49.197     2.52    6.46
 -44466.628    47.065    -5.66    6.26
 -44090.256    45.536    -4.06    7.08
 -43713.867    44.780    -2.01    6.21
 -43337.461    44.149    -1.68    6.14
 -42961.037    42.687    -3.88    6.74
 -42584.597    36.847   -15.51   10.74
 -42208.139    29.054   -20.70   10.15
 -41831.664    22.292   -17.96    7.39
 -41455.172    18.133   -11.05    3.41
 -41078.662    16.601    -4.07    2.25
 -40702.136    15.548    -2.80    1.76
 -40325.592    15.435    -0.30    1.93
 -39949.030    15.403    -0.08    1.92
 -39572.452    15.338    -0.17    2.14
 -39195.856    15.524     0.49    2.30
 -38819.243    16.244     1.91    2.39
 -38442.613    16.243    -0.00    2.47
 -38065.965    17.360     2.97    2.80
 -37689.300    17.892     1.41    2.85
 -37312.618    18.943     2.79    2.57
 -36935.919    19.951     2.68    2.33
 -36559.202    20.959     2.67    3.62
 -36182.468    23.974     8.00    6.94
 -35805.717    26.365     6.35    8.74
 -35428.948    31.451    13.50   10.59
 -35052.163    37.734    16.67   12.15
 -34675.359    44.571    18.14    9.81
 -34298.539    48.548    10.55    6.38
 -33921.701    50.420     4.97    6.45
 -33544.846    48.656    -4.68    7.37
 -33167.973    49.867     3.21    7.10
 -32791.084    52.664     7.42    7.59
 -32414.176    52.610    -0.14    7.50
 -32037.252    50.966    -4.36    8.18
 -31660.310    46.178   -12.70   10.19
 -31283.351    37.766   -22.32    9.75
 -30906.374    31.110   -17.65    8.16
 -30529.381    28.245    -7.60    6.22
 -30152.369    30.406     5.73    7.65
 -29775.341    34.837    11.75    8.65
 -29398.295    40.471    14.94    7.08
 -29021.231    42.565     5.55    6.40
 -28644.151    43.609     2.77    7.33
 -28267.052    40.996    -6.93    9.26
 -27889.937    38.519    -6.57    7.75
 -27512.804    38.362    -0.42    7.11
 -27138.875    41.337     7.96    7.15
 -26765.161    44.397     8.19    5.80
 -26391.429    46.610     5.92    6.44
 -26017.679    46.459    -0.41    8.72
 -25643.913    42.492   -10.61    9.49
 -25270.130    39.656    -7.59    8.73
 -24896.330    38.292    -3.65    7.86
 -24522.512    37.178    -2.98    6.30
 -24148.678    37.397     0.59    6.29
 -23774.826    39.133     4.64    6.65
 -23400.957    40.362     3.29    7.11
 -23027.072    42.565     5.89    6.77
 -22653.169    45.425     7.65    9.65
 -22279.249    48.744     8.88   10.89
 -21905.312    50.587     4.93   10.32
 -21531.357    52.845     6.04   10.63
 -21157.386    53.428     1.56   10.33
 -20783.397    52.315    -2.98    9.33
 -20409.392    52.337     0.06    7.98
 -20035.369    53.269     2.49    8.46
 -19661.329    55.467     5.88    9.38
 -19287.272    58.656     8.52    9.89
 -18913.198    63.017    11.66   10.31
 -18539.106    66.224     8.57   10.77
 -18164.998    67.362     3.04   10.34
 -17790.872    67.156    -0.55    9.64
 -17416.729    68.641     3.97    9.84
 -17042.569    71.625     7.98   10.00
 -16668.392    76.042    11.80   12.02
 -16294.197    80.192    11.09   13.75
 -15919.985    84.359    11.13   16.58
 -15545.757    93.129    23.44   19.64
 -15171.511   100.850    20.63   18.63
 -14797.247   104.152     8.82   17.98
 -14422.967   101.061    -8.26   20.80
 -14048.669    88.428   -33.75   27.55
 -13674.355    73.042   -41.10   23.30
 -13300.023    58.315   -39.34   16.41
 -12925.673    50.431   -21.06   14.36
 -12551.307    42.059   -22.36   10.68
 -12176.923    34.769   -19.47   12.10
 -11802.522    29.092   -15.16   13.19
 -11428.104    22.656   -17.19   10.42
 -11053.668    16.673   -15.98    8.55
 -10679.216    12.269   -11.76    7.19
 -10304.746     9.974    -6.13    6.03
  -9930.259     8.013    -5.24    3.87
  -9555.754    10.360     6.27    5.34
  -9181.233    14.219    10.30    6.63
  -8806.694    17.724     9.36    6.18
  -8432.137    22.316    12.26    7.57
  -8057.564    25.292     7.95   10.56
  -7682.973    24.406    -2.37   11.75
  -7308.365    18.902   -14.69   12.63
  -6933.740    10.610   -22.13    8.21
  -6559.097     6.917    -9.86    4.72
  -6184.437     5.974    -2.52    3.16
  -5809.760     6.990     2.71    3.84
  -5435.065     7.129     0.37    3.13
  -5060.353     8.363     3.29    3.43
  -4685.624    10.633     6.06    4.81
  -4310.878    13.246     6.97    4.97
  -3936.114    14.992     4.66    4.69
  -3561.333    14.003    -2.64    4.72
  -3186.534    11.687    -6.18    4.86
  -2811.718    10.710    -2.61    4.12
  -2436.885     9.106    -4.28    5.08
  -2062.035     7.625    -3.95    6.14
  -1687.167     4.928    -7.19    6.34
  -1312.281     2.892    -5.43    5.77
   -937.379     0.641    -6.00    4.08
   -562.459    -0.685    -3.54    0.15
   -187.522    -0.708    -0.06    0.00
    187.433    -0.617     0.24    0.60
    562.405     0.442     2.82    2.91
    937.394     3.565     8.33    5.83
   1312.401     5.887     6.19    6.02
   1687.425     8.042     5.75    5.01
   2062.467     9.474     3.82    3.74
   2437.526     8.315    -3.09    2.87
   2812.602     7.406    -2.43    2.15
   3187.696     7.146    -0.69    1.61
   3562.807     7.019    -0.34    1.73
   3937.936     6.697    -0.86    1.77
   4313.082     6.474    -0.59    1.62
   4688.245     6.176    -0.79    1.42
   5063.426     5.950    -0.60    0.99
   5438.624     6.042     0.24    1.18
   5813.840     6.292     0.67    1.24
   6189.073     6.336     0.12    1.15
   6564.324     6.269    -0.18    1.18
   6939.592     6.269     0.00    1.32
   7314.877     6.013    -0.68    1.39
   7690.180     6.164     0.40    1.34
   8065.501     6.178     0.04    1.28
   8440.839     6.167    -0.03    1.26
   8816.194     6.565     1.06    1.28
   9191.567     6.571     0.02    1.44
   9566.957     6.406    -0.44    1.45
   9942.365     6.587     0.48    1.53
  10317.790     6.420    -0.45    1.61
  10693.233     6.383    -0.10    1.44
  11068.693     6.292    -0.24    1.33
  11444.171     6.224    -0.18    1.09
  11819.666     6.536     0.83    1.37
  12195.179     6.649     0.30    1.34
  12570.709     6.928     0.74    1.37
  12946.257     6.897    -0.08    1.35
  13321.822     6.678    -0.58    1.32
  13697.405     6.710     0.09    1.10
  14073.006     6.269    -1.18    1.23
  14448.624     5.724    -1.45    1.72
  14824.259     5.467    -0.68    1.57
  15199.912     5.360    -0.28    1.58
  15575.582     5.194    -0.44    1.66
  15951.271     5.292     0.26    1.62
  16326.976     5.594     0.80    1.55
  16702.699     5.542    -0.14    1.79
  17078.440     5.996     1.21    1.87
  17454.198     6.471     1.26    1.59
  17829.974     6.428    -0.11    1.64
  18205.768     6.731     0.81    1.53
  18581.579     6.736     0.01    1.63
  18957.408     6.724    -0.03    1.63
  19333.254     6.804     0.21    1.39
  19709.118     6.928     0.33    1.45
  20084.999     6.687    -0.64    1.55
  20460.898     6.701     0.04    1.82
  20836.815     6.478    -0.59    1.72
  21212.749     6.201    -0.74    1.79
  21588.701     5.928    -0.73    1.88
  21964.670     5.707    -0.59    2.09
  22340.657     5.246    -1.22    2.10
  22716.662     5.625     1.01    2.18
  23092.685     5.610    -0.04    1.93
  23468.725     6.110     1.33    1.82
  23844.782     6.478     0.98    1.37
  24220.858     6.870     1.04    1.34
  24596.951     7.067     0.52    1.39
  24973.061     6.883    -0.49    1.42
  25349.189     6.367    -1.37    1.54
  25725.335     5.990    -1.00    1.37
  26101.499     5.746    -0.65    1.32
  26477.680     5.601    -0.39    1.28
  26853.879     5.974     0.99    1.33
  27230.096     5.877    -0.26    1.43
  27606.330     5.860    -0.05    1.42
  27982.582     6.083     0.59    1.57
  28358.852     5.928    -0.41    1.37
  28735.139     6.083     0.41    1.21
  29111.444     6.292     0.56    1.59
  29487.767     6.019    -0.72    1.70
  29864.108     5.877    -0.38    1.38
  30240.466     5.935     0.15    1.30
  30616.842     6.087     0.41    1.42
  30993.236     6.129     0.11    1.41
  31369.647     6.227     0.26    1.58
  31746.076     5.982    -0.65    1.46
  32122.523     6.133     0.40    1.27
  32498.988     5.827    -0.81    1.49
  32875.470     5.873     0.12    1.40
  33251.971     6.042     0.45    1.40
  33628.488     6.244     0.54    1.50
  34005.024     6.514     0.72    1.26
  34381.578     6.617     0.27    1.36
  34758.149     6.587    -0.08    1.29
  35134.738     6.610     0.06    1.09
  35511.345     6.536    -0.20    1.13
  35887.969     6.337    -0.53    1.24
  36264.611     6.363     0.07    1.18
  36641.272     6.201    -0.43    1.20
  37017.950     5.815    -1.03    1.17
  37394.645     5.769    -0.12    1.30
  37771.359     5.496    -0.72    1.49
  38148.090     5.406    -0.24    1.48
  38524.839     5.478     0.19    1.45
  38901.606     5.245    -0.62    1.40
  39278.391     4.906    -0.90    1.90
  39655.194     4.701    -0.54    2.03
  40032.014     4.559    -0.38    2.16
  40408.853     4.780     0.59    1.66
  40785.709     4.736    -0.12    1.50
  41162.583     5.156     1.11    1.96
  41539.475     5.447     0.77    2.14
  41916.384     5.524     0.20    2.59
  42293.312     5.269    -0.68    2.28
  42670.257     4.837    -1.14    1.66
  43047.220     4.617    -0.58    1.36
  43424.202     5.201     1.55    1.38
  43801.201     5.678     1.27    1.50
  44178.218     5.996     0.84    1.52
  44555.252     6.340     0.91    1.72
  44932.305     6.837     1.32    1.86
  45309.376     6.781    -0.15    1.94
  45686.464     6.746    -0.09    1.84
  46063.571     6.746     0.00    1.86
  46440.695     6.548    -0.53    1.60
  46817.837     6.270    -0.74    1.18
  47194.997     6.744     1.26    1.68
  47572.029     7.110     0.97    1.83
  47945.669     7.610     1.34    1.84
  48319.327     7.943     0.89    1.95
  48693.002     7.224    -1.93    1.66
  49066.695     7.078    -0.39    1.68
  49440.406     6.403    -1.81    1.65
  49814.134     6.006    -1.06    1.29
  50187.880     5.951    -0.15    1.29
  50561.643     5.990     0.10    1.47
  50935.424     5.990     0.00    1.49
  51309.222     6.455     1.24    1.57
  51683.039     6.673     0.58    1.72
  52056.872     6.248    -1.14    1.69
  52430.724     5.720    -1.41    1.76
  52804.593     4.724    -2.67    1.34
  53178.479     4.385    -0.91    0.92
  53552.384     4.292    -0.25    0.87
  53926.306     3.928    -0.97    0.89
  54300.245     3.863    -0.17    0.91
  54674.202     3.988     0.33    0.94
  55048.177     3.990     0.01    1.12
  55422.170     4.246     0.69    1.26
  55796.180     4.387     0.38    1.19
  56170.208     4.455     0.18    1.13
  56544.253     4.315    -0.37    1.07
  56918.316     4.316     0.00    0.90
  57292.397     4.444     0.34    0.97
  57666.496     4.594     0.40    0.99
  58040.612     4.951     0.95    1.10
  58414.746     4.959     0.02    1.16
  58788.898     5.548     1.57    1.51
  59163.067     5.981     1.16    1.93
  59537.254     6.340     0.96    2.02
  59911.459     5.922    -1.11    1.99
  60285.681     5.133    -2.11    1.40
  60659.921     4.496    -1.70    1.13
  61034.179     4.220    -0.74    1.02
  61408.455     4.129    -0.24    1.00
  61782.748     3.959    -0.46    0.93
  62157.059     4.197     0.64    0.96
  62531.388     4.335     0.37    1.21
  62905.734     4.559     0.60    1.23
  63280.099     4.815     0.68    1.11
  63654.481     5.006     0.51    1.07
  64028.881     5.042     0.10    1.10
  64403.298     5.514     1.26    1.22
  64777.734     6.146     1.69    1.70
  65152.187     6.781     1.70    1.94
  65526.657     7.383     1.61    1.65
  65901.146     7.269    -0.30    1.65
  66275.653     6.887    -1.02    1.52
  66650.177     6.548    -0.91    1.18
  67024.719     6.383    -0.44    1.05
  67399.279     6.316    -0.18    0.99
  67773.856     6.381     0.17    1.02
  68148.452     6.792     1.10    1.53
  68523.065     7.724     2.49    2.13
  68897.696     8.455     1.95    2.36
  69272.345     8.897     1.18    2.11
  69647.011     8.860    -0.10    1.45
  70021.696     8.560    -0.80    0.98
  70396.398     8.610     0.13    0.91
  70771.118     8.837     0.61    1.00
  71145.856     8.928     0.24    1.06
  71520.612     8.928     0.00    0.97
  71895.386     9.048     0.32    0.92
  72270.178     9.065     0.04    1.05
  72644.987     9.072     0.02    1.08
  73019.814     9.337     0.71    1.46
  73394.659     9.360     0.06    1.84
  73769.523     9.385     0.07    2.12
  74144.403     9.428     0.12    2.14
  74519.302     9.511     0.22    2.07
  74894.219     9.815     0.81    2.44
  75269.153    10.316     1.34    2.75
  75644.106    10.087    -0.61    2.69
  76019.076     9.542    -1.45    2.55
  76394.064     9.152    -1.04    1.66
  76769.071     8.769    -1.02    1.09
  77144.095     8.792     0.06    1.06
  77519.137     8.746    -0.12    1.00
  77894.197     8.617    -0.34    0.87
  78269.274     8.360    -0.69    1.07
  78644.370     8.201    -0.42    1.36
  79019.484     8.341     0.37    1.53
  79394.615     8.178    -0.43    1.48
  79769.765     8.242     0.17    1.58
  80144.933     8.225    -0.04    1.18
  80520.118     8.245     0.05    1.09
  80895.321     8.246     0.00    1.06
  81270.543     8.633     1.03    1.24
  81645.782     8.942     0.82    1.25
  82021.040     9.133     0.51    1.29
  82396.315     9.192     0.16    1.26
  82771.608     9.092    -0.27    1.27
  83146.919     8.897    -0.52    1.07
  83522.249     9.110     0.57    1.08
  83897.596     9.360     0.67    1.21
  84272.961     9.217    -0.38    1.35
  84648.344     9.269     0.14    1.41
  85023.746     9.316     0.13    1.33
  85399.165     9.337     0.06    1.20
  85774.602     9.610     0.73    0.86
  86150.057     9.734     0.33    1.05
  86525.531     9.906     0.46    1.24
  86901.022    10.134     0.61    1.35
  87276.531    10.406     0.72    1.22
  87652.059    10.478     0.19    1.20
  88027.604    10.381    -0.26    1.14
  88403.168    10.359    -0.06    1.07
  88778.749    10.385     0.07    1.39
  89154.349    10.110    -0.73    1.15
  89529.966    10.010    -0.27    1.05
  89905.602    10.042     0.09    1.28
  90281.256    10.246     0.54    1.61
  90656.928    10.656     1.09    1.97
  91032.618    10.847     0.51    2.07
  91408.326    11.197     0.93    2.10
  91784.052    11.087    -0.29    1.90
  92159.796    10.842    -0.65    1.84
  92535.558    10.883     0.11    1.78
  92911.339    11.087     0.54    1.71
  93287.137    11.110     0.06    1.50
  93662.954    10.959    -0.40    1.48
  94038.789    10.742    -0.58    1.32
  94414.641    10.178    -1.50    1.37
  94790.512     9.926    -0.67    1.36
  95166.401     9.744    -0.48    1.23
  95542.309     9.451    -0.78    1.27
  95918.234     9.571     0.32    1.45
  96294.178     9.509    -0.16    1.36
  96670.139     9.578     0.18    1.52
  97046.119     9.428    -0.40    1.34
  97422.117     9.594     0.44    1.37
  97798.133     9.496    -0.26    1.46
  98174.167     9.587     0.24    1.49
  98550.220     9.506    -0.22    1.34
  98926.290     9.857     0.93    1.28
  99302.379     9.920     0.17    1.23
  99678.486     9.678    -0.64    1.28
 100054.611     9.746     0.18    1.35
 100430.755     9.596    -0.40    1.30
 100806.916     9.610     0.04    1.25
 101183.096     9.959     0.93    1.46
 101559.294    10.292     0.89    1.61
 101935.510    10.641     0.93    1.54
 102311.744    10.928     0.76    1.62
 102687.997    10.974     0.12    1.46
 103064.268    10.928    -0.12    1.26
 103440.557    11.292     0.97    1.24
 103816.864    11.178    -0.30    1.17
 104193.189    11.474     0.79    1.40
 104569.533    12.110     1.69    1.63
 104945.895    12.406     0.79    1.62
 105322.275    12.587     0.48    1.52
 105698.674    12.610     0.06    1.36
 106075.091    12.610     0.00    1.43
 106451.526    12.269    -0.91    1.66
 106827.979    12.042    -0.60    1.66
 107204.450    11.670    -0.99    1.77
 107580.940    11.222    -1.19    1.30
 107957.448    11.133    -0.24    1.18
 108333.975    11.031    -0.27    1.16
 108710.519    11.178     0.39    1.26
 109087.082    10.892    -0.76    1.19
 109463.664    10.943     0.14    1.33
 109840.263    11.070     0.34    1.29
 110216.881    11.054    -0.04    1.21
 110593.517    10.951    -0.27    1.18
 110970.172    11.133     0.48    1.45
 111346.845    11.106    -0.07    1.45
 111723.536    11.360     0.67    1.30
 112100.245    11.744     1.02    1.48
 112476.973    11.640    -0.28    1.45
 112853.719    11.757     0.31    1.50
 113230.484    11.928     0.45    1.45
 113607.267    12.054     0.33    1.54
 113984.068    12.092     0.10    1.65
 114360.887    12.360     0.71    1.47
 114737.725    12.667     0.81    1.64
 115114.582    12.847     0.48    1.82
 115491.456    12.678    -0.45    1.69
 115868.350    12.701     0.06    1.62
 116245.261    12.565    -0.36    1.70
 116622.191    12.600     0.09    1.87
 116999.139    12.996     1.05    2.27
 117376.106    13.506     1.35    2.70
 117753.091    13.292    -0.57    3.26
 118130.094    12.892    -1.06    3.54
 118507.116    12.840    -0.14    3.77
 118884.156    12.383    -1.21    3.61
 119261.215    11.574    -2.15    3.11
 119638.292    11.474    -0.27    2.80
 120015.388    11.360    -0.30    2.14
 120392.502    10.724    -1.69    1.42
 120769.634    10.447    -0.73    1.43
 121146.785    10.642     0.52    1.27
 121523.954    10.792     0.40    1.21
 121901.142    11.067     0.73    1.21
 122278.348    11.385     0.84    1.41
 122655.051    11.406     0.05    1.73
 123028.632    11.617     0.57    1.80
 123402.230    11.359    -0.69    1.67
 123775.847    11.467     0.29    1.65
 124149.482    11.360    -0.29    1.72
 124523.134    11.435     0.20    1.75
 124896.805    11.292    -0.38    1.75
 125270.494    11.225    -0.18    1.57
 125644.201    11.474     0.66    1.73
 126017.927    11.359    -0.31    1.60
 126391.670    11.342    -0.04    1.92
 126765.432    11.587     0.66    2.25
 127139.211    11.554    -0.09    2.22
 127513.009    11.411    -0.38    2.23
 127886.825    10.542    -2.33    2.04
 128260.659    10.133    -1.09    2.10
 128634.512    10.009    -0.33    1.94
 129008.382    10.414     1.08    2.16
 129382.271    10.928     1.38    2.17
 129756.177    11.013     0.23    1.94
 130130.102    11.482     1.26    1.49
 130504.045    11.792     0.83    1.52
 130878.007    11.701    -0.24    1.50
 131251.986    12.205     1.35    1.49
 131625.984    12.267     0.17    1.78
 132000.000    12.425     0.42    1.80
 132374.034    12.269    -0.42    1.74
 132748.086    12.125    -0.38    1.77
 133122.157    11.883    -0.65    1.83
 133496.245    11.936     0.14    1.81
 133870.352    11.705    -0.62    1.71
 134244.477    11.780     0.20    1.00
 134618.621    12.092     0.83    1.18
 134992.782    12.431     0.91    1.32
 135366.962    12.594     0.44    1.26
 135741.160    12.996     1.08    1.36
 136115.376    13.047     0.14    1.43
 136489.611    12.847    -0.53    1.69
 136863.864    12.707    -0.38    1.82
 137238.135    12.781     0.20    1.91
 137612.424    12.827     0.12    1.88
 137986.732    13.019     0.51    1.95
 138361.057    13.314     0.79    2.11
 138735.402    13.092    -0.59    1.97
 139109.764    13.224     0.35    1.84
 139484.145    13.625     1.07    1.82
 139858.544    13.656     0.08    1.83
 140232.961    13.883     0.61    1.82
 140607.397    13.928     0.12    1.71
 140981.851    13.792    -0.36    1.59
 141356.323    13.379    -1.10    1.56
 141730.813    12.860    -1.39    1.15
 142105.322    12.687    -0.46    1.31
 142479.849    12.359    -0.88    1.44
 142854.395    12.428     0.19    1.71
 143228.959    12.542     0.30    1.99
 143603.541    12.587     0.12    1.92
 143978.141    12.610     0.06    1.86
 144352.760    12.406    -0.55    1.59
 144727.397    12.224    -0.49    2.03
 145102.053    12.181    -0.11    2.28
 145476.727    12.315     0.36    2.30
 145851.419    12.542     0.61    2.21
 146226.129    12.974     1.15    1.68
 146600.858    13.519     1.46    1.08
 146975.606    13.656     0.36    1.08
 147350.372    13.714     0.16    1.14
 147725.156    13.724     0.03    1.11
 148099.958    13.996     0.73    1.23
 148474.779    14.042     0.12    1.24
 148849.619    14.133     0.24    1.22
 149224.476    14.156     0.06    1.23
 149599.352    14.087    -0.18    1.29
 149974.247    14.178     0.24    1.45
 150349.160    14.565     1.03    1.45
 150724.091    14.692     0.34    1.48
 151099.041    14.746     0.15    1.37
 151474.009    15.036     0.77    1.38
 151848.996    15.292     0.68    1.70
 152224.001    15.670     1.01    1.54
 152599.025    15.928     0.69    1.43
 152974.067    16.224     0.79    1.34
 153349.127    16.603     1.01    1.12
 153724.206    16.982     1.01    1.09
 154099.304    17.470     1.30    1.28
 154474.420    17.746     0.74    1.02
 154849.554    17.603    -0.38    1.44
 155224.707    18.269     1.78    2.95
 155599.878    19.496     3.27    5.03
 155975.068    22.403     7.75    7.66
 156350.276    25.078     7.13    8.64
 156725.503    25.683     1.61    8.79
 157100.748    26.136     1.21    8.77
 157476.012    24.406    -4.61    7.28
 157851.294    23.149    -3.35    4.62
 158226.595    23.678     1.41    3.97
 158601.914    25.270     4.24    3.86
 158977.252    26.438     3.11    4.03
 159352.609    27.074     1.70    3.36
 159727.984    28.201     3.00    3.64
 160103.377    29.759     4.15    4.13
 160478.789    32.920     8.42    4.89
 160854.220    35.950     8.07    4.99
 161229.669    38.360     6.42    5.23
 161605.136    39.692     3.55    5.70
 161980.623    39.492    -0.53    6.61
 162356.128    40.451     2.55    6.59
 162731.651    42.496     5.45    6.78
 163107.193    46.519    10.71    8.31
 163482.753    50.367    10.25    8.12
 163858.332    55.928    14.81    8.74
 164233.930    62.054    16.31    9.89
 164609.546    67.647    14.89   12.72
 164985.181    75.470    20.83   13.53
 165360.835    78.156     7.15   16.86
 165736.507    84.951    18.09   23.44
 166112.198    87.061     5.62   24.79
 166487.907    87.769     1.88   29.65
 166863.635    90.601     7.54   29.37
 167239.382    89.359    -3.31   29.48
 167615.147    82.530   -18.18   22.42
 167990.931    81.582    -2.52   22.55
