-148454.443    52.149     0.00    5.21
-148080.031    52.638     1.31    4.05
-147705.637    51.061    -4.21    4.38
-147331.263    48.622    -6.51    4.15
-146956.909    47.356    -3.38    3.51
-146582.574    45.822    -4.10    4.18
-146208.258    43.467    -6.29    4.49
-145833.961    41.652    -4.85    4.29
-145459.684    42.044     1.05    5.00
-145085.426    45.879    10.25    7.35
-144711.187    48.720     7.59    6.64
-144336.967    51.333     6.99    5.81
-143962.767    53.038     4.56    6.70
-143588.586    54.746     4.57    7.09
-143214.424    57.129     6.37    8.68
-142840.282    60.067     7.85    9.39
-142466.159    62.899     7.57   10.54
-142092.055    65.333     6.51    9.63
-141717.970    68.089     7.37   10.22
-141343.905    71.119     8.10    9.53
-140969.858    74.725     9.64    9.56
-140595.831    77.171     6.54    9.17
-140221.824    79.489     6.20    7.38
-139847.835    78.290    -3.21    7.56
-139473.866    75.007    -8.78    8.04
-139099.916    72.038    -7.94    9.20
-138725.985    71.690    -0.93    9.57
-138352.073    73.556     4.99    9.35
-137978.180    74.286     1.95    7.65
-137604.307    76.464     5.83    6.12
-137230.453    77.015     1.48    5.51
-136856.618    76.877    -0.37    4.88
-136482.802    80.152     8.76    7.12
-136109.006    81.595     3.86    7.50
-135735.228    83.152     4.16    7.94
-135361.470    83.407     0.68    8.04
-134987.731    78.333   -13.58   10.57
-134614.011    72.402   -15.87   10.83
-134240.310    66.629   -15.45    8.45
-133866.628    64.788    -4.93    8.62
-133492.966    64.595    -0.52    9.97
-133119.322    63.424    -3.13   11.55
-132745.698    66.183     7.39   15.83
-132372.093    70.133    10.57   17.21
-131998.507    70.426     0.78   15.87
-131624.940    70.289    -0.37   14.60
-131251.392    62.956   -19.63   11.46
-130877.863    57.961   -13.37    6.25
-130504.354    57.265    -1.86    5.67
-130130.863    58.458     3.20    6.06
-129757.392    61.947     9.34    6.17
-129383.940    63.915     5.27    6.27
-129010.506    63.644    -0.72    7.31
-128635.403    60.422    -8.59    7.92
-128258.146    58.752    -4.43    6.55
-127880.909    59.311     1.48    6.43
-127503.691    62.808     9.27    8.55
-127126.493    67.992    13.75   10.32
-126749.314    72.470    11.87    9.99
-126372.154    76.879    11.69    9.34
-125995.014    80.978    10.87   10.75
-125617.894    87.553    17.44   13.84
-125240.793    98.333    28.59   17.11
-124863.711   109.426    29.42   16.60
-124486.649   114.470    13.38   16.67
-124109.606   113.333    -3.01   18.54
-123732.583   114.333     2.65   26.05
-123355.579   108.007   -16.78   27.93
-122978.594   105.976    -5.39   29.49
-122601.629   101.911   -10.78   20.70
-122224.684   105.265     8.90   21.72
-121847.757   108.788     9.35   21.69
-121470.850   105.956    -7.52   23.64
-121093.963   103.174    -7.38   23.63
-120717.095    99.356   -10.13   16.39
-120340.246   107.765    22.32   19.84
-119963.417   114.242    17.19   20.55
-119586.607   112.289    -5.18   24.11
-119209.817   102.492   -26.00   29.57
-118833.046    90.486   -31.87   28.64
-118456.294    76.629   -36.78   13.85
-118079.561    77.867     3.29   15.31
-117702.848    76.992    -2.32   13.57
-117326.155    77.742     1.99   13.98
-116949.480    79.533     4.76   15.48
-116572.825    77.476    -5.46   14.53
-116196.190    81.551    10.82   15.12
-115819.573    89.333    20.67   17.54
-115442.976    94.556    13.87   17.97
-115066.398   100.697    16.31   19.22
-114689.840   106.382    15.10   27.49
-114313.301   119.515    34.88   37.99
-113936.781   129.476    26.46   46.86
-113560.281   135.222    15.26   50.03
-113183.800   132.652    -6.83   50.08
-112807.338   118.720   -37.01   46.14
-112430.895    98.402   -53.98   28.63
-112054.472    92.699   -15.15   19.03
-111678.068    96.379     9.78   24.91
-111301.683   103.929    20.06   31.61
-110925.318   115.911    31.84   46.59
-110548.971   120.378    11.87   45.14
-110172.644   127.264    18.30   47.47
-109796.337   128.447     3.15   48.46
-109420.048   145.658    45.74   65.29
-109043.779   139.061   -17.54   54.83
-108667.529   127.378   -31.05   42.63
-108291.298   118.492   -23.62   28.56
-107915.087   114.933    -9.46   17.77
-107538.894   113.101    -4.87   13.20
-107162.721   114.246     3.05   11.44
-106786.567   118.643    11.69   12.23
-106410.433   124.515    15.61   16.57
-106034.317   133.733    24.51   19.89
-105658.221   142.616    23.62   20.87
-105282.144   153.933    30.10   24.30
-104906.086   166.891    34.46   25.85
-104530.047   177.529    28.29   28.07
-104154.028   181.589    10.80   28.06
-103778.028   174.200   -19.65   31.16
-103402.046   156.156   -48.00   36.24
-103026.084   138.246   -47.64   30.58
-102650.142   122.399   -42.16   26.69
-102274.218   107.622   -39.31   22.22
-101898.313   106.933    -1.83   25.15
-101522.428   104.556    -6.33   26.63
-101146.562   104.924     0.98   28.38
-100770.715   110.556    14.98   31.43
-100394.887   107.561    -7.97   32.70
-100019.078   103.556   -10.66   28.79
 -99643.288   108.486    13.12   32.18
 -99267.518   118.022    25.38   37.24
 -98891.766   140.778    60.57   51.90
 -98516.034   165.008    64.49   53.84
 -98140.320   178.529    35.99   55.20
 -97764.626   186.589    21.46   49.58
 -97388.951   187.711     2.99   38.69
 -97013.295   191.812    10.92   37.66
 -96637.658   200.311    22.63   46.47
 -96262.040   210.978    28.40   54.37
 -95886.442   218.952    21.23   63.40
 -95510.862   208.094   -28.91   69.88
 -95135.301   189.214   -50.28   68.33
 -94759.760   166.844   -59.57   59.66
 -94384.237   146.538   -54.08   43.27
 -94008.734   130.742   -42.07   27.31
 -93633.249   121.492   -24.64   20.42
 -93257.784   112.333   -24.40   15.33
 -92882.338   108.083   -11.32   14.54
 -92506.910   104.636    -9.18   15.56
 -92131.502   105.733     2.92   19.05
 -91756.113   107.444     4.56   20.93
 -91380.743   110.124     7.14   25.23
 -91005.391   114.424    11.46   31.19
 -90630.059   115.683     3.35   34.32
 -90254.746   114.220    -3.90   35.93
 -89879.452   107.147   -18.85   34.82
 -89504.176   106.489    -1.75   33.23
 -89128.920   108.600     5.63   33.84
 -88753.683   108.833     0.62   31.52
 -88378.465   100.492   -22.23   29.39
 -88003.265    93.358   -19.02   29.55
 -87628.085    85.152   -21.88   26.17
 -87252.923    76.924   -21.93   12.29
 -86877.781    81.470    12.12   13.81
 -86502.658    88.844    19.66   15.98
 -86127.553    91.262     6.45   17.09
 -85752.467    83.629   -20.35   18.93
 -85377.401    79.065   -12.17   18.72
 -85002.353    75.152   -10.44   15.06
 -84627.324    70.622   -12.08   12.93
 -84252.314    69.470    -3.07   14.74
 -83877.324    62.029   -19.84   12.49
 -83502.352    58.190   -10.24   11.65
 -83127.398    54.622    -9.52   10.92
 -82752.464    51.571    -8.14    8.52
 -82377.549    50.152    -3.79    7.53
 -82002.653    50.244     0.25    7.78
 -81627.775    49.778    -1.24    8.44
 -81252.916    49.556    -0.59    7.46
 -80878.077    48.000    -4.15    6.90
 -80503.256    48.556     1.48    6.53
 -80128.454    50.008     3.87    6.63
 -79753.671    49.222    -2.10    6.84
 -79378.906    48.200    -2.73    6.85
 -79004.161    47.420    -2.08    6.90
 -78629.435    47.515     0.25    6.71
 -78254.727    48.742     3.28    7.14
 -77880.038    49.725     2.62    7.92
 -77505.368    48.798    -2.47    9.30
 -77130.717    48.467    -0.89    9.33
 -76756.085    49.867     3.74   10.00
 -76381.471    47.920    -5.20    9.74
 -76006.876    45.533    -6.37    8.43
 -75632.300    43.424    -5.63    7.47
 -75257.743    41.578    -4.93    7.65
 -74883.205    40.947    -1.68    7.68
 -74508.686    40.600    -0.93    7.26
 -74134.185    40.333    -0.71    7.22
 -73759.703    41.489     3.09    8.27
 -73385.240    44.156     7.12    7.85
 -73010.796    46.538     6.36    8.92
 -72636.370    51.400    12.99    8.56
 -72261.964    55.424    10.75    7.78
 -71887.576    58.038     6.98    8.48
 -71513.206    56.600    -3.84    9.12
 -71138.856    53.583    -8.06    9.89
 -70764.524    47.629   -15.91   10.17
 -70390.211    44.788    -7.59    8.18
 -70015.917    45.061     0.73    8.13
 -69641.642    48.083     8.08    8.71
 -69267.385    51.379     8.81    7.35
 -68893.147    53.356     5.28    6.28
 -68518.928    53.786     1.15    7.00
 -68144.727    51.051    -7.31    6.84
 -67770.545    49.444    -4.29    7.35
 -67396.382    48.556    -2.38   10.22
 -67022.238    48.583     0.07   11.38
 -66648.112    47.992    -1.58   10.96
 -66274.005    44.402    -9.60   10.22
 -65899.917    41.690    -7.25    7.18
 -65525.847    38.790    -7.75    7.92
 -65151.796    36.265    -6.75    9.31
 -64777.764    33.674    -6.93    8.39
 -64403.751    32.933    -1.98    8.13
 -64029.756    31.197    -4.64    6.04
 -63655.779    31.133    -0.17    7.02
 -63281.822    31.762     1.68    6.57
 -62907.883    33.790     5.42    8.46
 -62533.963    35.720     5.16    9.43
 -62160.061    38.600     7.70   10.36
 -61786.178    40.015     3.79   12.68
 -61412.314    39.133    -2.36   13.17
 -61038.468    37.220    -5.12   11.89
 -60664.641    34.571    -7.08    9.11
 -60290.832    32.377    -5.87    6.95
 -59917.043    32.262    -0.31    7.44
 -59543.271    33.356     2.93    9.20
 -59169.519    34.174     2.19    9.85
 -58795.785    32.267    -5.10    9.37
 -58422.069    29.947    -6.21    7.48
 -58048.373    27.846    -5.62    6.40
 -57674.694    28.515     1.79    6.82
 -57301.035    29.786     3.40    6.36
 -56927.394    29.289    -1.33    5.92
 -56553.771    28.356    -2.50    5.43
 -56180.167    28.083    -0.73    4.61
 -55806.582    29.083     2.68    6.13
 -55433.015    32.260     8.50    6.66
 -55059.467    37.902    15.10    8.43
 -54685.937    41.905    10.72    7.98
 -54312.426    44.742     7.60    7.10
 -53938.934    46.356     4.32    6.17
 -53563.348    44.333    -5.39    7.91
 -53186.141    39.697   -12.29    9.75
 -52808.953    35.407   -11.38    8.31
 -52431.784    30.924   -11.88    7.12
 -52054.634    27.167    -9.96    7.00
 -51677.503    25.000    -5.75    7.06
 -51300.391    24.222    -2.06    6.76
 -50923.298    25.798     4.18    7.55
 -50546.224    28.288     6.60    8.06
 -50169.168    31.658     8.94    8.80
 -49792.131    34.424     7.34    8.73
 -49415.114    36.515     5.55    7.83
 -49038.115    42.470    15.80   12.77
 -48661.135    48.538    16.10   17.11
 -48284.174    52.455    10.39   16.57
 -47907.232    47.447   -13.29   11.93
 -47530.308    44.881    -6.81   12.66
 -47153.404    42.881    -5.31   13.76
 -46776.518    40.061    -7.48   14.43
 -46399.651    39.133    -2.46   12.44
 -46022.804    40.268     3.01   11.07
 -45645.974    43.595     8.83   11.79
 -45269.164    50.711    18.89   15.96
 -44892.373    57.742    18.66   14.17
 -44515.600    60.515     7.36   13.38
 -44138.846    58.422    -5.56   11.81
 -43762.111    53.288   -13.63    9.17
 -43385.395    50.855    -6.46    6.72
 -43008.698    48.357    -6.63    7.05
 -42632.019    47.378    -2.60    7.21
 -42255.360    44.197    -8.45    5.84
 -41878.719    41.822    -6.31    5.69
 -41502.096    38.889    -7.79    5.10
 -41125.493    38.265    -1.66    5.16
 -40748.908    37.733    -1.41    6.02
 -40372.343    35.742    -5.29    6.62
 -39995.795    33.333    -6.40    7.02
 -39619.267    29.844    -9.27    6.38
 -39242.758    28.333    -4.01    5.22
 -38866.267    28.356     0.06    6.36
 -38489.795    28.790     1.15    6.75
 -38113.341    26.652    -5.68    5.94
 -37736.907    25.533    -2.97    5.30
 -37360.491    25.738     0.54    5.86
 -36984.094    28.638     7.70    7.46
 -36607.716    33.054    11.73    7.51
 -36231.356    36.765     9.86    6.61
 -35855.015    44.561    20.71   15.73
 -35478.693    50.682    16.27   21.65
 -35102.389    59.447    23.29   25.75
 -34726.104    56.675    -7.37   21.09
 -34349.838    50.822   -15.55    9.67
 -33973.591    46.970   -10.24    7.13
 -33597.362    45.402    -4.17    7.52
 -33221.152    45.078    -0.86    7.02
 -32844.961    45.108     0.08    5.39
 -32468.788    45.856     1.99    5.63
 -32092.634    45.683    -0.46    6.00
 -31716.499    44.422    -3.35    6.19
 -31340.382    42.856    -4.16    6.34
 -30964.284    40.447    -6.41    5.11
 -30588.204    38.561    -5.02    5.31
 -30212.144    37.508    -2.80    4.67
 -29836.101    38.379     2.31    5.49
 -29460.078    39.643     3.36    6.55
 -29084.073    42.422     7.39    6.32
 -28708.087    44.267     4.91    5.63
 -28332.119    44.868     1.60    5.73
 -27956.170    42.902    -5.23    5.28
 -27580.240    42.058    -2.24    6.65
 -27204.328    42.242     0.49    6.44
 -26828.435    40.612    -4.34    6.99
 -26452.560    38.667    -5.18    7.65
 -26076.704    34.089   -12.18    7.02
 -25700.867    29.048   -13.41    7.42
 -25325.048    24.765   -11.40    7.72
 -24949.248    20.943   -10.17    5.90
 -24573.466    19.970    -2.59    5.58
 -24197.703    19.822    -0.39    5.35
 -23821.959    21.061     3.30    5.25
 -23446.233    20.911    -0.40    4.56
 -23070.526    21.382     1.25    4.62
 -22694.837    21.200    -0.48    5.19
 -22319.166    22.071     2.32    5.61
 -21943.515    23.147     2.86    4.85
 -21567.882    22.697    -1.20    4.30
 -21192.267    21.556    -3.04    5.27
 -20816.671    20.022    -4.08    5.14
 -20441.093    18.238    -4.75    5.23
 -20065.534    16.822    -3.77    5.11
 -19689.993    14.217    -6.94    5.04
 -19314.471    11.720    -6.65    4.33
 -18938.968     9.600    -5.65    4.30
 -18563.483     8.159    -3.84    4.18
 -18188.016     6.379    -4.74    4.06
 -17812.568     5.167    -3.23    3.82
 -17437.139     4.422    -1.98    4.46
 -17061.727     3.492    -2.48    4.54
 -16686.335     2.697    -2.12    4.75
 -16310.961     1.606    -2.91    4.34
 -15935.605     1.788     0.48    4.77
 -15560.268     0.902    -2.36    4.47
 -15184.949     0.561    -0.91    5.38
 -14809.649     0.000    -1.49    5.38
 -14434.367    -0.258    -0.69    5.36
 -14059.103    -0.803    -1.45    5.26
 -13683.859    -0.735     0.18    4.61
 -13308.632    -1.439    -1.88    3.46
 -12933.424    -2.439    -2.67    2.84
 -12558.234    -3.258    -2.18    2.45
 -12183.063    -3.939    -1.82    1.78
 -11807.910    -4.511    -1.52    0.90
 -11432.776    -4.667    -0.41    0.00
 -11057.660    -4.667     0.00    0.00
 -10682.562    -4.530     0.36    0.90
 -10307.483    -4.258     0.73    1.53
  -9932.422    -3.621     1.70    2.56
  -9557.380    -3.326     0.79    3.06
  -9182.356    -1.889     3.83    4.77
  -8807.350    -0.119     4.72    5.88
  -8432.363     0.333     1.21    5.47
  -8057.394     0.399     0.17    4.75
  -7682.443     0.356    -0.11    3.85
  -7307.511    -0.848    -3.21    1.88
  -6932.597    -0.917    -0.18    1.83
  -6557.702    -0.867     0.13    2.07
  -6182.825    -0.405     1.23    2.24
  -5807.966     0.267     1.79    2.33
  -5433.126     0.400     0.36    2.18
  -5058.304     0.867     1.25    2.00
  -4683.500     1.124     0.69    1.88
  -4308.714     1.496     0.99    1.84
  -3933.947     2.000     1.34    2.13
  -3559.199     2.405     1.08    2.43
  -3184.468     2.689     0.76    2.13
  -2809.756     3.197     1.36    2.03
  -2435.062     4.265     2.85    2.26
  -2060.386     5.357     2.91    2.27
  -1685.729     6.519     3.10    2.01
  -1311.090     7.289     2.05    1.61
   -936.470     7.762     1.26    1.61
   -561.867     5.720    -5.45    4.28
   -187.283     2.697    -8.07    5.35
    187.283     0.765    -5.16    4.84
    561.831     0.242    -1.40    3.77
    936.360     2.065     4.87    3.73
   1310.871     2.447     1.02    3.64
   1685.364     1.358    -2.91    3.81
   2059.838     0.083    -3.40    4.04
   2434.295     0.924     2.25    5.60
   2808.733     3.380     6.56    6.74
   3183.153     6.197     7.52    5.75
   3557.554     7.870     4.47    4.02
   3931.938     8.402     1.42    3.10
   4306.303     7.786    -1.64    2.75
   4680.650     7.689    -0.26    3.13
   5054.979     7.970     0.75    3.26
   5429.289     8.947     2.61    3.60
   5803.581    10.242     3.46    3.91
   6177.856    12.553     6.17    4.97
   6552.111    16.242     9.86    5.85
   6926.349    19.643     9.09    5.26
   7300.569    22.244     6.95    5.10
   7674.770    22.379     0.36    5.18
   8048.953    22.106    -0.73    4.94
   8423.118    21.561    -1.46    4.33
   8797.265    22.208     1.73    4.60
   9171.394    22.697     1.31    5.31
   9545.505    21.857    -2.24    6.08
   9919.597    21.689    -0.45    5.40
  10293.671    21.220    -1.25    4.63
  10667.727    21.242     0.06    3.74
  11041.765    21.606     0.97    4.30
  11415.785    21.436    -0.45    4.99
  11789.787    20.015    -3.80    5.53
  12163.770    18.643    -3.67    5.55
  12537.736    16.538    -5.63    5.58
  12911.683    13.288    -8.69    5.49
  13285.612    10.970    -6.20    5.29
  13659.524     9.538    -3.83    5.62
  14033.417     9.410    -0.34    5.86
  14407.292     8.152    -3.37    5.98
  14781.148     7.095    -2.83    5.43
  15154.987     4.720    -6.35    3.94
  15528.808     3.044    -4.48    2.69
  15902.610     3.561     1.38    7.61
  16276.395     6.447     7.72   12.05
  16650.161     9.179     7.31   14.18
  17023.909    10.311     3.03   13.98
  17397.640     7.285    -8.10    9.64
  17771.352     4.902    -6.38    5.01
  18145.046     7.106     5.90    7.34
  18518.722    12.629    14.78   11.25
  18892.380    15.106     6.63   10.77
  19266.020    21.308    16.60   14.29
  19639.642    30.470    24.52   24.64
  20013.246    32.699     5.97   24.90
  20386.832    34.583     5.04   22.59
  20760.400    26.515   -21.60   18.46
  21133.950    20.742   -15.45    7.39
  21510.014    19.333    -3.75    5.89
  21887.174    19.908     1.52    5.02
  22264.315    21.447     4.08    3.69
  22641.438    21.119    -0.87    4.16
  23018.543    18.000    -8.27    6.11
  23395.629    16.015    -5.26    6.13
  23772.697    15.310    -1.87    5.64
  24149.747    16.674     3.62    5.47
  24526.778    17.675     2.65    3.81
  24903.791    16.992    -1.81    3.99
  25280.786    16.311    -1.81    4.15
  25657.762    17.061     1.99    4.59
  26034.720    17.515     1.21    4.81
  26411.660    17.658     0.38    5.63
  26788.581    15.061    -6.89    6.65
  27165.484    11.822    -8.59    4.93
  27542.368     9.357    -6.54    4.94
  27919.235     7.947    -3.74    5.32
  28296.083     6.622    -3.52    5.26
  28672.913     5.246    -3.65    5.56
  29049.724     4.333    -2.42    5.08
  29426.517     3.311    -2.71    4.78
  29803.292     1.380    -5.12    3.90
  30180.048    -0.058    -3.82    2.42
  30556.787    -0.348    -0.77    1.70
  30933.507    -0.476    -0.34    1.57
  31310.208    -0.467     0.03    0.94
  31686.892    -0.667    -0.53    0.00
  32063.557    -0.667     0.00    0.00
  32440.204    -0.212     1.21    1.86
  32816.833     0.399     1.62    2.78
  33193.443     0.833     1.15    3.28
  33570.035     0.844     0.03    3.14
  33946.609     0.561    -0.75    2.80
  34323.165     0.629     0.18    3.20
  34699.702     1.356     1.93    3.50
  35076.222     2.833     3.92    4.46
  35452.723     4.447     4.29    5.91
  35829.205     7.197     7.30    6.75
  36205.670     9.333     5.67    6.53
  36582.116     9.697     0.97    5.89
  36958.545    10.222     1.40    5.21
  37334.955    10.643     1.12    5.16
  37711.346    12.538     5.03    5.52
  38087.720    15.029     6.62    6.25
  38464.075    17.697     7.09    7.70
  38840.413    21.129     9.12   11.62
  39216.732    20.589    -1.43   10.87
  39593.033    19.489    -2.92    6.76
  39969.315    18.500    -2.63    5.89
  40345.580    17.788    -1.89    4.62
  40721.826    18.822     2.75    4.90
  41098.055    18.788    -0.09    4.83
  41474.265    18.652    -0.36    4.04
  41850.457    20.119     3.90    5.87
  42226.631    24.659    12.07    8.12
  42602.786    30.833    16.41   10.97
  42978.924    32.333     3.99    9.76
  43355.043    30.452    -5.00   10.43
  43731.145    24.976   -14.56    8.72
  44107.228    17.992   -18.57    6.05
  44483.293    14.833    -8.40    4.38
  44859.340    15.511     1.80    5.29
  45235.369    20.543    13.38   10.52
  45611.380    29.561    23.98   14.70
  45987.372    38.938    24.94   16.18
  46363.347    44.633    15.15   15.45
  46739.303    39.038   -14.88   17.57
  47115.242    31.846   -19.13   18.85
  47491.162    23.811   -21.37   18.81
  47867.064    14.061   -25.94    6.41
  48242.949    16.561     6.65   16.21
  48618.815    19.152     6.89   16.64
  48994.663    20.123     2.58   10.43
  49370.493    22.129     5.34    7.24
  49746.305    23.786     4.41    4.51
  50122.099    24.356     1.52    4.99
  50497.875    22.867    -3.96    5.15
  50873.633    21.473    -3.71    5.36
  51249.373    20.061    -3.76    5.09
  51625.094    18.202    -4.95    4.94
  52000.798    18.470     0.71    5.06
  52376.484    20.054     4.22    7.36
  52752.152    25.402    14.23    9.26
  53127.802    31.311    15.73    6.92
  53503.433    34.602     8.76    5.18
  53879.047    33.765    -2.23    5.82
  54254.643    31.051    -7.23    6.49
  54630.221    28.447    -6.93    6.88
  55005.780    25.833    -6.96    6.31
  55381.322    22.264    -9.51    7.67
  55756.846    17.733   -12.06    8.06
  56132.352    14.583    -8.39    6.64
  56507.840    13.947    -1.69    6.30
  56883.310    15.231     3.42    7.03
  57258.762    15.379     0.39    6.35
  57634.196    13.765    -4.30    6.37
  58009.612    13.008    -2.02    5.79
  58385.010    12.629    -1.01    5.66
  58760.390    12.983     0.94    6.23
  59135.752    10.856    -5.67    6.63
  59511.097     8.810    -5.45    6.50
  59886.423     8.947     0.37    5.98
  60261.732    10.311     3.63    6.30
  60637.022    13.738     9.13    6.66
  61012.295    15.515     4.74    4.91
  61387.549    17.577     5.49    4.32
  61762.786    19.242     4.44    5.01
  62138.005    21.147     5.08    4.69
  62513.206    21.652     1.34    4.43
  62888.389    20.492    -3.09    4.36
  63263.555    18.992    -4.00    4.21
  63638.702    19.879     2.36    5.06
  64013.831    21.714     4.89    6.00
  64388.943    24.101     6.36    5.83
  64764.037    24.765     1.77    4.63
  65139.113    24.402    -0.97    4.17
  65514.171    23.288    -2.97    4.21
  65889.211    21.738    -4.13    4.54
  66264.233    20.788    -2.53    5.12
  66639.237    22.357     4.18    5.17
  67014.224    22.833     1.27    4.60
  67389.193    24.242     3.76    4.56
  67764.144    25.467     3.26    4.31
  68139.077    24.644    -2.19    4.39
  68513.992    23.772    -2.33    5.59
  68888.890    24.156     1.02    5.07
  69263.769    23.924    -0.62    4.31
  69638.631    24.595     1.79    3.80
  70013.475    23.765    -2.21    4.38
  70388.301    22.129    -4.37    4.53
  70763.110    19.703    -6.47    4.85
  71137.900    18.214    -3.97    5.06
  71512.673    17.288    -2.47    5.18
  71887.428    16.101    -3.17    4.90
  72262.166    15.473    -1.68    4.91
  72636.885    14.538    -2.50    4.70
  73011.587    13.543    -2.66    5.29
  73386.271    13.790     0.66    5.15
  73760.937    13.310    -1.28    4.61
  74135.585    12.606    -1.88    4.62
  74510.216    12.264    -0.91    4.22
  74884.829    10.533    -4.62    4.46
  75259.424     9.015    -4.05    4.61
  75634.001     8.690    -0.87    5.09
  76008.561     8.551    -0.37    5.24
  76383.103     8.984     1.16    4.90
  76757.627     8.606    -1.01    5.11
  77132.134     8.473    -0.36    5.45
  77506.623     6.986    -3.97    5.88
  77881.094     4.765    -5.93    6.19
  78255.547     2.310    -6.56    5.46
  78629.983     0.333    -5.28    4.19
  79004.401    -0.992    -3.54    2.40
  79378.801    -1.200    -0.55    1.44
  79753.184    -1.348    -0.40    1.44
  80127.548    -0.449     2.40    3.32
  80501.896     0.879     3.55    4.01
  80876.225     4.214     8.91    6.06
  81250.537     8.606    11.73    7.73
  81624.831    10.822     5.92    6.91
  81999.108    11.356     1.43    6.80
  82373.366    10.470    -2.37    6.72
  82747.608     9.572    -2.40    6.41
  83121.831     9.031    -1.45    6.83
  83496.037    10.571     4.12    6.86
  83870.225    13.538     7.93    6.87
  84244.396    16.403     7.66    7.62
  84618.549    20.288    10.38    6.08
  84992.684    22.129     4.92    5.01
  85366.802    22.899     2.06    5.29
  85740.902    23.492     1.59    5.69
  86114.984    23.548     0.15    5.41
  86489.049    21.492    -5.49    5.96
  86863.096    19.380    -5.65    6.04
  87237.126    17.879    -4.01    6.48
  87611.138    15.902    -5.29    6.59
  87985.132    12.203    -9.89    8.01
  88359.109     8.288   -10.47    6.75
  88733.068     5.095    -8.54    4.14
  89107.010     3.833    -3.37    1.87
  89480.934     3.992     0.43    1.80
  89854.841     4.152     0.43    1.48
  90228.730     4.538     1.03    1.76
  90602.601     5.556     2.72    3.94
  90976.455     8.265     7.25    6.26
  91350.291    11.262     8.02    7.21
  91724.110    13.311     5.48    7.41
  92097.911    14.197     2.37    7.73
  92471.694    13.924    -0.73    8.49
  92845.460    13.705    -0.59    9.90
  93219.209    14.970     3.38   10.60
  93592.940    16.561     4.26   10.11
  93966.653    17.667     2.96    9.21
  94340.349    18.833     3.12    9.20
  94714.028    17.879    -2.55    8.22
  95087.689    16.152    -4.62    7.26
  95461.332    15.426    -1.94    6.63
  95834.958    15.947     1.39    6.73
  96208.566    17.288     3.59    8.23
  96585.104    20.762     9.23    9.38
  96962.218    23.379     6.94    9.17
  97339.313    29.629    16.57    9.05
  97716.391    35.265    14.95   11.29
  98093.451    40.629    14.22   14.42
  98470.493    42.190     4.14   14.80
  98847.517    42.124    -0.18   13.47
  99224.523    39.845    -6.04   13.62
  99601.512    37.242    -6.90   12.28
  99978.483    35.515    -4.58    8.98
 100355.436    34.879    -1.69    7.29
 100732.371    36.124     3.30    6.37
 101109.288    36.333     0.56    6.58
 101486.188    35.083    -3.32    7.54
 101863.070    32.583    -6.63    8.93
 102239.934    32.078    -1.34    8.69
 102616.780    34.287     5.86   10.48
 102993.608    38.583    11.40   12.84
 103370.419    44.856    16.65   19.97
 103747.212    53.924    24.06   29.38
 104123.987    58.798    12.94   32.25
 104500.744    72.868    37.34   46.21
 104877.484    94.214    56.65   55.73
 105254.206    99.015    12.74   53.17
 105630.910   106.377    19.54   48.65
 106007.596   100.984   -14.31   48.66
 106384.265    79.015   -58.32   26.31
 106760.916    70.915   -21.50   21.69
 107137.549    73.222     6.13   20.85
 107514.165    73.833     1.62   18.85
 107890.762    75.288     3.86   16.35
 108267.342    87.214    31.67   21.59
 108643.905   104.856    46.85   33.83
 109020.449   129.378    65.12   51.48
 109396.976   150.528    56.17   54.60
 109773.485   179.867    77.91   53.94
 110149.977   218.833   103.49   71.77
 110526.451   251.194    85.95   73.92
 110902.907   289.775   102.48   70.84
 111279.345   324.480    92.18   68.24
 111655.766   333.674    24.42   61.94
 112032.169   330.857    -7.48   57.84
 112408.555   315.311   -41.30   54.46
 112784.922   288.992   -69.92   48.72
 113161.273   263.528   -67.65   43.99
 113537.605   244.583   -50.34   35.43
 113913.920   244.633     0.13   33.92
 114290.217   248.711    10.84   35.31
 114666.497   245.194    -9.35   32.94
 115042.759   252.674    19.88   36.05
 115419.003   251.310    -3.63   34.33
 115795.230   267.077    41.90   50.06
 116171.439   293.061    69.06   65.21
 116547.630   318.772    68.34   68.59
 116923.804   342.424    62.87   69.56
 117299.960   362.447    53.22   68.48
 117676.099   346.473   -42.46   56.81
 118052.220   329.856   -44.17   47.75
 118428.323   312.254   -46.80   38.10
 118804.409   321.242    23.90   53.66
 119180.477   360.450   104.24   77.53
 119556.528   424.220   169.56   95.13
 119932.561   494.833   187.77   88.29
 120308.576   558.433   169.12   80.64
 120684.574   606.629   128.17   54.40
 121060.554   623.051    43.67   52.89
 121436.517   615.538   -19.98   78.66
 121812.462   594.008   -57.26   85.54
 122188.390   577.083   -45.02   95.52
 122564.300   573.902    -8.46   70.56
 122940.193   550.538   -62.15   57.28
 123316.068   501.015  -131.74   77.47
 123691.925   449.163  -137.94   65.65
 124067.765   419.720   -78.33   45.76
 124443.588   410.447   -24.67   33.91
 124819.393   404.938   -14.66   39.49
 125195.180   393.083   -31.54   41.84
 125570.950   379.991   -34.84   36.81
 125946.702   377.652    -6.23   38.88
 126322.437   369.240   -22.38   43.41
 126698.155   341.197   -74.63   83.88
 127073.854   276.515  -172.14  114.24
 127449.537   191.602  -226.00   86.55
 127825.202   141.447  -133.49   39.71
 128200.849   119.205   -59.20   13.72
 128576.479   109.833   -24.95   12.72
 128952.092   100.629   -24.50   17.86
 129327.687    89.566   -29.45   18.65
 129703.264    80.156   -25.05   18.80
 130078.824    69.483   -28.41    8.55
 130454.367    65.447   -10.75    8.95
 130829.892    59.949   -14.64    9.19
 131205.400    59.674    -0.73   12.76
 131580.890    61.402     4.60   16.38
 131956.363    62.078     1.80   16.02
 132331.818    63.174     2.92   11.74
 132707.256    59.633    -9.43    9.81
 133082.677    56.856    -7.40   10.39
 133458.080    53.798    -8.14    8.94
 133833.465    52.788    -2.69    7.34
 134208.834    53.629     2.24    7.10
 134584.185    57.071     9.17    6.86
 134959.518    59.902     7.54    6.69
 135334.834    63.051     8.39    6.45
 135710.133    71.061    21.34   23.03
 136085.414    88.752    47.14   37.26
 136460.678    89.612     2.29   34.18
 136835.924    84.265   -14.25   32.29
 137211.154    80.783    -9.28   28.72
 137586.365    72.788   -21.31   26.24
 137961.560    65.718   -18.84   22.95
 138336.737    61.612   -10.94   21.58
 138711.896    68.403    18.10   36.96
 139087.039    85.752    46.24   54.51
 139462.164   103.689    47.81   55.48
 139837.271   117.333    36.37   51.19
 140212.361   133.061    41.92   49.26
 140587.434   154.699    57.68   52.26
 140962.490   186.984    86.07   73.62
 141337.528   207.311    54.19   69.60
 141712.549   204.881    -6.48   54.86
 142087.553   201.106   -10.07   51.53
 142462.539   187.065   -37.44   52.27
 142837.508   160.811   -70.01   41.26
 143212.459   136.619   -64.51   34.70
 143587.394   124.902   -31.25   24.50
 143962.311   126.083     3.15   29.92
 144337.211   134.967    23.69   35.50
 144712.093   150.083    40.32   37.74
 145086.958   167.883    47.48   30.26
 145461.806   185.038    45.76   31.82
 145836.637   194.519    25.29   43.98
 146211.450   187.992   -17.41   45.83
 146586.246   183.902   -10.91   38.93
 146961.025   183.858    -0.12   39.10
 147335.786   194.061    27.22   37.00
 147710.530   224.615    81.52   54.02
 148085.257   273.786   131.20   94.22
 148459.967   388.589   306.34  174.85
 148834.660   493.450   279.82  188.63
 149209.335   616.311   327.87  162.95
 149583.993   698.933   220.50   91.73
 149958.634   670.356   -76.27  125.73
 150333.257   571.772  -263.12  185.02
 150707.863   476.310  -254.80  178.03
 151082.453   355.938  -321.30  140.09
 151457.024   279.810  -203.21   90.32
 151831.579   229.538  -134.20   65.75
 152206.117   195.358   -91.25   46.77
 152580.637   171.947   -62.50   40.34
 152955.140   149.431   -60.11   26.78
 153329.626   144.879   -12.15   37.08
 153704.094   141.561    -8.86   39.66
 154078.546   144.738     8.48   48.80
 154452.980   156.788    32.18   52.10
 154827.397   168.733    31.90   51.05
 155201.797   180.061    30.25   57.11
 155576.180   193.450    35.76   55.80
 155950.546   198.015    12.19   56.03
 156324.894   223.612    68.37   64.87
 156699.225   257.208    89.74   78.25
 157073.539   276.265    50.90   82.86
 157447.836   299.359    61.69   86.83
 157822.116   330.061    82.02   88.03
 158196.379   326.031   -10.77   86.67
 158570.625   304.240   -58.22   87.81
 158944.853   275.311   -77.29   72.40
 159319.064   252.583   -60.73   67.48
 159693.258   248.242   -11.60   72.28
 160067.435   242.205   -16.13   64.41
 160441.595   252.566    27.69   83.59
 160815.738   284.174    84.47  103.74
 161189.864   313.287    77.80  105.78
 161563.973   306.720   -17.55  114.00
 161938.064   251.608  -147.30  104.91
 162312.139   234.515   -45.69   73.75
 162686.196   222.846   -31.19   64.24
 163060.236   283.402   161.87   98.73
 163434.259   371.242   234.82  112.47
 163808.265   439.380   182.16  101.03
 164182.254   489.947   135.19   85.86
 164556.226   509.254    51.62   93.48
 164930.181   502.629   -17.72  117.28
 165304.119   524.870    59.47  132.09
 165678.040   560.067    94.12  142.94
 166051.944   557.902    -5.79  151.61
 166425.830   536.938   -56.06  168.07
 166799.700   520.492   -43.98  160.00
 167173.552   510.333   -27.17  143.07
 167547.388   573.288   168.38  149.03
 167921.207   681.078   288.31  176.94
 168295.008   763.289   219.90  159.02
 168668.792   870.492   286.76  138.60
 169042.560   919.543   131.21  103.07
 169416.310   941.765    59.45   84.39
 169790.044   918.596   -61.98   99.93
 170163.760   844.538  -198.14  118.63
 170537.460   769.217  -201.52  111.07
 170911.142   713.083  -150.20   94.53
 171284.807   675.242  -101.25   64.08
 171661.813   669.258   -15.87   54.13
 172038.882   701.652    85.90   82.34
 172415.933   749.308   126.37   91.09
 172792.967   782.447    87.88   90.09
 173169.984   794.152    31.04   93.58
 173546.983   776.543   -46.70  113.14
 173923.965   689.470  -230.94  157.00
 174300.930   610.465  -209.55  136.79
 174677.878   579.220   -82.88  124.65
 175054.808   546.833   -85.91  139.77
 175431.721   543.778    -8.11  159.55
 175808.617   491.447  -138.83  166.89
 176185.495   404.236  -231.37  122.74
 176562.356   340.311  -169.60   86.12
 176939.200   297.923  -112.46   41.93
 177316.026   279.217   -49.63   29.56
 177692.836   263.015   -42.99   16.54
 178069.628   255.915   -18.84   16.11
 178446.403   247.879   -21.32   16.96
 178823.160   241.333   -17.37   16.33
 179199.901   241.833     1.33   12.93
 179576.624   252.016    27.03   21.97
 179953.330   276.470    64.90   44.81
 180330.018   306.129    78.72   53.72
 180706.690   319.286    34.92   48.21
 181083.344   314.492   -12.72   47.21
 181459.981   301.733   -33.87   44.12
 181836.601   282.667   -50.62   34.47
 182213.203   267.054   -41.45   14.23
 182589.789   263.612    -9.14   13.44
 182966.357   262.400    -3.22   12.66
 183342.908   260.858    -4.09   10.94
 183719.442   260.811    -0.13    8.80
 184095.959   262.407     4.24    8.41
 184472.458   266.054     9.69    9.75
 184848.940   273.566    19.95   13.58
 185225.405   284.821    29.89   18.62
 185601.853   305.447    54.78   32.03
 185978.284   335.287    79.26   48.70
 186354.698   366.024    81.64   51.81
 186731.094   385.961    52.96   39.81
 187107.474   398.561    33.47   31.00
 187483.836   399.902     3.56   35.44
 187860.181   386.857   -34.66   43.18
 188236.509   365.833   -55.86   42.43
 188612.820   337.961   -74.05   33.03
 188989.113   325.000   -34.44   22.09
 189365.390   312.788   -32.45   15.30
 189741.649   310.857    -5.13   16.64
 190117.892   327.889    45.26   37.98
 190494.117   368.543   108.04   58.86
 190870.325   404.264    94.93   56.16
 191246.516   443.589   104.52   39.88
 191622.690   464.867    56.55   31.26
 191998.847   487.765    60.86   36.40
 192374.986   517.089    77.95   37.74
 192751.109   532.379    40.64   39.45
 193127.214   515.124   -45.87   67.66
 193503.303   487.031   -74.69   87.46
 193879.374   447.845  -104.18   95.39
 194255.429   402.929  -119.42   77.15
 194631.466   386.311   -44.18   67.91
 195007.486   360.264   -69.26   50.83
 195383.489   344.697   -41.39   46.47
 195759.475   320.426   -64.54   43.88
 196135.444   302.492   -47.69   49.89
 196511.396   282.868   -52.19   48.77
 196887.331   270.905   -31.82   49.66
 197263.249   265.217   -15.13   46.50
 197639.150   269.171    10.52   53.78
 198015.034   287.447    48.61   77.44
 198390.901   299.984    33.35   85.89
 198766.751   310.008    26.66   88.14
 199142.584   283.674   -70.05   91.95
 199518.399   244.915  -103.12   94.29
 199894.198   198.089  -124.58   73.22
 200269.980   166.636   -83.69   43.43
 200645.745   151.379   -40.60   12.34
 201021.493   145.426   -15.84    9.98
 201397.223   142.190    -8.61   10.74
 201772.937   140.857    -3.55   11.60
 202148.634   137.938    -7.77   10.47
 202524.314   139.242     3.47   13.81
 202899.977   146.856    20.26   31.28
 203275.623   169.964    61.50   60.44
 203651.252   200.197    80.47   77.22
 204026.864   237.190    98.47   92.58
 204402.459   265.697    75.88  104.08
 204778.037   279.265    36.12  111.03
 205153.598   290.856    30.86  119.58
 205529.142   284.054   -18.11  116.60
 205904.670   270.705   -35.54  104.71
 206280.180   242.403   -75.36   88.55
 206655.674   198.217  -117.65   42.74
 207031.150   181.833   -43.63   34.00
 207406.610   162.822   -50.63   17.29
 207782.052   155.333   -19.94   13.83
 208157.478   149.405   -15.79   12.60
 208532.887   142.190   -19.21   10.90
 208908.279   135.612   -17.52   12.68
 209283.654   132.775    -7.56   12.45
 209659.012   132.106    -1.78   13.00
 210034.353   130.606    -4.00   13.64
 210409.678   133.054     6.52   13.87
 210784.985   127.515   -14.76   14.21
 211160.276   125.190    -6.19   11.77
 211535.549   126.106     2.44   11.97
 211910.806   124.720    -3.69   12.45
 212286.046   126.061     3.57   12.74
 212661.269   125.264    -2.12   14.06
 213036.476   126.071     2.15   15.73
 213411.665   127.194     2.99   17.20
 213786.838   128.403     3.22   17.63
 214161.993   127.200    -3.21   15.91
 214537.132   127.984     2.09   14.65
 214912.254   127.444    -1.44   15.93
 215287.359   126.426    -2.71   15.98
 215662.448   124.286    -5.71   16.62
 216037.519   122.217    -5.51   14.09
 216412.574   124.915     7.19   15.28
 216787.612   132.583    20.44   17.05
 217162.633   140.845    22.03   12.83
 217537.637   145.720    13.00   10.03
 217912.625   143.606    -5.64   10.51
 218287.595   137.286   -16.85   11.53
 218662.549   130.450   -18.23   12.51
 219037.486   122.008   -22.51   10.17
 219412.407   115.129   -18.34    7.62
 219787.310   111.543    -9.56    6.89
 220162.197   108.714    -7.54    7.06
 220537.067   106.915    -4.80    7.44
 220911.920   104.566    -6.26    8.37
 221286.757   100.970    -9.59    7.72
 221661.576    96.264   -12.55    5.97
 222036.379    93.220    -8.12    4.00
 222411.165    94.380     3.09    6.95
 222785.935    99.595    13.91   11.91
 223160.687   106.356    18.04   13.79
 223535.423   110.822    11.91   12.31
 223910.142   110.548    -0.73   13.07
 224284.845   106.659   -10.38   13.15
 224659.530   102.244   -11.78   13.49
 225034.199    97.129   -13.65   12.99
 225408.852    92.016   -13.64    8.17
 225783.487    90.426    -4.24    4.86
 226158.106    89.984    -1.18    3.11
 226532.708    91.595     4.30    5.32
 226907.293    93.496     5.07    6.59
 227281.862    95.167     4.46    7.76
 227656.414    99.682    12.05    9.70
 228030.949   106.238    17.50   12.70
 228405.468   117.961    31.30   24.76
 228779.970   128.738    28.77   29.24
 229154.455   138.868    27.05   31.28
 229528.924   153.031    37.81   36.34
 229903.376   161.724    23.21   33.07
 230277.811   182.061    54.30   41.64
 230652.229   202.675    55.05   36.38
 231026.631   211.822    24.43   33.30
 231401.016   214.929     8.30   32.23
 231775.385   205.765   -24.47   32.51
 232149.737   201.881   -10.37   30.14
 232524.072   191.358   -28.10   29.94
 232898.391   177.220   -37.76   29.70
 233272.693   162.538   -39.22   27.12
 233646.978   150.619   -31.84   24.30
 234021.247   141.682   -23.87   20.86
 234395.499   143.380     4.54   23.46
 234769.735   148.265    13.05   23.08
 235143.954   153.258    13.34   19.96
 235518.156   157.697    11.86   21.45
 235892.342   165.908    21.94   25.39
 236266.511   179.119    35.30   40.99
 236640.663   199.822    55.32   56.87
 237014.799   199.891     0.19   63.45
 237388.918   219.629    52.75   70.66
 237763.021   244.570    66.66   89.95
 238137.107   285.924   110.52  120.44
 238511.177   312.846    71.95  120.55
 238885.229   305.492   -19.65  120.28
 239259.266   275.265   -80.80  109.95
 239633.286   241.476   -90.32   84.82
 240007.289   248.538    18.88   70.28
 240381.276   282.596    91.05   87.43
 240755.246   363.061   215.12  113.58
 241129.199   448.262   227.79  115.82
 241503.136   488.879   108.60  127.42
 241877.057   541.742   141.35  130.34
 242250.961   550.455    23.30  155.89
 242624.848   524.424   -69.61  158.38
 242998.719   477.923  -124.35  123.56
 243372.573   471.152   -18.11   82.25
 243746.411   503.124    85.51   84.93
 244120.233   550.129   125.71   91.02
 244494.037   597.054   125.51   77.55
 244867.826   616.410    51.77   67.80
 245241.598   643.265    71.83   90.24
 245615.353   663.633    54.48   99.58
 245989.092   687.652    64.25   98.22
 246363.239   705.310    47.19   91.55
 246740.278   727.078    57.72   82.96
 247117.300   772.970   121.70   87.28
 247494.305   827.544   144.73   83.89
 247871.293   899.788   191.59  103.59
 248248.264   937.357    99.64   93.53
 248625.219   930.242   -18.87  105.63
 249002.157   870.147  -159.40  146.51
 249379.078   760.000  -292.17  138.73
 249755.982   653.856  -281.56  131.13
 250132.870   560.615  -247.34  102.57
 250509.741   522.924   -99.99  110.43
 250886.595   480.288  -113.11  123.86
 251263.432   426.171  -143.58  128.19
 251640.253   372.742  -141.76  120.37
 252017.057   322.228  -134.03   94.26
 252393.844   293.629   -75.89   66.43
 252770.614   290.868    -7.33   65.40
 253147.368   295.970    13.54   76.92
 253524.104   302.729    17.94   86.08
 253900.825   299.692    -8.06   83.34
 254277.528   295.356   -11.51   74.94
 254654.215   279.641   -41.71   68.84
 255030.885   263.765   -42.14   60.48
 255407.538   251.197   -33.36   51.61
 255784.175   242.822   -22.23   41.01
 256160.795   250.674    20.85   33.88
 256537.398   267.991    45.97   55.76
 256913.984   307.038   103.66   83.66
 257290.554   364.147   151.62  112.32
 257667.107   411.403   125.47  103.50
 258043.644   407.652    -9.96   91.39
 258420.163   381.228   -70.16  104.56
 258796.666   328.697  -139.49  104.42
 259173.153   269.667  -156.76   82.14
 259549.623   237.765   -84.72   72.88
 259926.076   208.106   -78.77   68.09
 260302.512   188.595   -51.82   53.39
 260678.932   163.424   -66.85   30.80
 261055.335   149.128   -37.97   20.68
 261431.721   141.015   -21.55   17.69
 261808.091   137.682    -8.85   17.21
 262184.445   139.961     6.05   18.50
 262560.781   138.106    -4.93   19.24
 262937.101   134.462    -9.68   20.40
 263313.404   130.379   -10.85   18.95
 263689.691   123.487   -18.31   13.54
 264065.961   121.606    -5.00   16.54
 264442.215   116.492   -13.59   15.80
 264818.452   114.143    -6.24   15.58
 265194.672   112.379    -4.69   14.03
 265570.876   114.231     4.92   12.14
 265947.063   114.902     1.78   10.81
 266323.233   111.775    -8.31    9.62
 266699.387   108.938    -7.54    8.80
 267075.524   106.038    -7.71    7.22
 267451.645   104.783    -3.33    6.60
 267827.749   103.106    -4.46    6.84
 268203.837   100.359    -7.30    7.83
 268579.908    96.636    -9.90    7.98
 268955.962    91.720   -13.07    6.63
 269332.000    87.738   -10.59    5.21
 269708.022    84.811    -7.78    5.45
 270084.027    82.692    -5.63    5.00
 270460.015    83.402     1.89    5.89
 270835.987    84.217     2.17    6.32
 271211.942    85.008     2.10    6.29
 271587.880    84.473    -1.42    6.15
 271963.802    82.633    -4.89    4.63
 272339.708    81.083    -4.12    3.80
 272715.597    79.821    -3.36    3.11
 273091.470    78.287    -4.08    2.86
 273467.326    77.288    -2.66    2.41
 273843.165    75.915    -3.65    2.40
 274218.988    74.902    -2.70    2.48
 274594.795    74.077    -2.19    2.45
 274970.585    77.015     7.82   12.23
 275346.358    87.705    28.44   26.92
 275722.116   106.984    51.30   43.00
 276097.856   131.031    63.98   46.22
 276473.580   147.772    44.55   37.71
 276849.288   155.788    21.33   31.33
 277224.979   148.513   -19.36   26.42
 277600.654   144.636   -10.32   26.76
 277976.312   153.061    22.42   30.23
 278351.954   160.705    20.35   27.37
 278727.579   173.674    34.52   30.20
 279103.188   183.360    25.78   30.15
 279478.780   194.674    30.12   33.58
 279854.356   228.905    91.12   58.78
 280229.916   264.264    94.13   75.63
 280605.459   291.822    73.36   74.58
 280980.985   300.933    24.26   63.54
 281356.495   296.583   -11.58   64.86
 281731.989   306.026    25.14   63.28
 282107.467   289.938   -42.84   67.37
 282482.928   254.174   -95.23   84.80
 282858.372   200.612  -142.63   94.44
 283233.800   137.833  -167.18   66.21
 283609.212   100.175  -100.29   28.95
 283984.607    85.720   -38.50   17.26
 284359.986    80.041   -15.13   13.05
 284735.349    81.856     4.84   12.18
 285110.695    83.629     4.72   11.89
 285486.025    85.283     4.41   12.47
 285861.338    92.924    20.35   20.43
 286236.635   112.026    50.88   43.46
 286611.916   142.152    80.26   63.38
 286987.180   180.705   102.71   68.32
 287362.428   220.129   105.03   68.22
 287737.659   239.424    51.41   68.18
 288112.875   238.128    -3.45   69.57
 288488.073   207.061   -82.78   70.26
 288863.256   169.883   -99.07   43.94
 289238.422   148.984   -55.69   29.98
 289613.572   147.288    -4.52   32.36
 289988.705   154.595    19.47   37.97
 290363.822   164.788    27.17   36.36
 290738.923   175.649    28.95   34.16
 291114.008   169.015   -17.68   36.37
 291489.076   155.194   -36.84   28.28
 291864.128   152.720    -6.60   22.19
 292239.163   156.729    10.69   26.79
 292614.183   162.051    14.19   24.65
 292989.186   177.083    40.08   33.06
 293364.172   197.708    54.99   36.64
 293739.143   210.705    34.65   36.86
 294114.097   207.682    -8.06   38.89
 294489.034   201.868   -15.50   36.69
 294863.956   192.015   -26.27   37.80
 295238.861   194.462     6.52   42.65
 295613.750   196.152     4.51   45.92
 295988.623   191.667   -11.96   51.51
 296363.479   184.240   -19.81   45.36
 296738.319   177.238   -18.68   41.96
 297113.143   169.626   -20.30   40.98
 297487.950   175.583    15.89   43.15
 297862.742   176.183     1.60   43.15
 298237.517   178.379     5.86   38.38
 298612.276   162.217   -43.11   33.09
 298987.018   160.636    -4.22   34.34
 299361.745   157.690    -7.86   36.93
 299736.455   155.821    -4.99   34.98
 300111.149   143.015   -34.17   34.43
 300485.827   130.733   -32.77   26.76
 300860.488   121.905   -23.56   24.73
 301235.133   122.833     2.48   27.05
 301609.762   121.699    -3.03   24.82
 301984.375   121.543    -0.42   23.37
 302358.972   119.675    -4.98   21.28
 302733.552   119.629    -0.12   20.89
 303108.116   112.748   -18.37   20.49
 303482.665   112.729    -0.05   23.14
 303857.196   112.476    -0.67   21.55
 304231.712   109.524    -7.88   20.07
 304606.212   113.380    10.29   20.43
 304980.695   110.024    -8.96   18.15
 305355.162   109.856    -0.45   16.51
 305729.613   108.879    -2.61   17.51
 306104.048   102.984   -15.74   17.22
 306478.466    96.214   -18.08   13.37
 306852.869    92.217   -10.67   13.10
 307227.255    92.275     0.15   15.73
