# NaN NaN NaN ;Mean Elev.(m), Avg Gradient(m/km), RMS Gradient(m/km) - SRTM1     
#   21.378  -0.010   4.286 ;Mean Elev.(m), Avg Gradient(m/km), RMS Gradient(m/km) - ASTER GDEM
#   27.387  -0.004   2.371 ;Mean Elev.(m), Avg Gradient(m/km), RMS Gradient(m/km) - GMTED2010 
  7    36.248 52473.59087188 28.50 112.394134  29.831559 18.780
  7    36.211 52473.59087253 25.25 112.393244  29.834849 18.780
  7    33.879 52473.59087317 22.55 112.392354  29.838139 18.780
  7    33.848 52473.59087382 21.85 112.391474  29.841419 18.780
  7    33.393 52473.59087446 23.01 112.390584  29.844709 18.780
  7    33.492 52473.59087511 21.87 112.389694  29.847999 18.780
  7    33.922 52473.59087575 21.21 112.388804  29.851279 18.780
  7    33.919 52473.59087640 20.38 112.387924  29.854569 18.780
  7    33.870 52473.59087704 20.85 112.387034  29.857859 18.780
  7    34.165 52473.59087769 20.88 112.386148  29.861139 25.827
  7    34.269 52473.59087833 24.24 112.385258  29.864429 25.827
  7    34.521 52473.59087897 24.27 112.384368  29.867719 25.827
  8    36.363 52508.59084409 31.02 112.394924  29.855147 23.126
  8    35.798 52508.59084474 22.62 112.394034  29.858437 23.126
  8    35.329 52508.59084538 20.35 112.393144  29.861717 23.126
  8    35.186 52508.59084603 22.41 112.392254  29.865007 23.126
  8    34.555 52508.59084667 27.45 112.391374  29.868297 23.126
  8    34.416 52508.59084732 29.41 112.390484  29.871587 23.126
  8    34.300 52508.59084796 29.51 112.389594  29.874867 23.126
  8    35.220 52508.59084861 27.19 112.388704  29.878157 23.126
  9    31.010 52543.59083403 38.03 112.395495  29.856534 20.553
  9    31.053 52543.59083467 45.85 112.394605  29.859824 20.553
  9    31.143 52543.59083532 45.50 112.393715  29.863114 20.553
  9    31.316 52543.59083596 38.80 112.392825  29.866404 20.553
  9    31.415 52543.59083661 32.50 112.391939  29.869692 22.115
  9    31.282 52543.59083725 28.36 112.391049  29.872972 22.115
  9    31.422 52543.59083790 27.30 112.390159  29.876262 22.115
  9    31.586 52543.59083854 29.05 112.389279  29.879552 22.115
 10    37.216 52578.59087555 28.01 112.394345  29.831647 24.268
 10    37.078 52578.59087620 24.94 112.393455  29.834927 24.268
 10    33.136 52578.59087684 20.22 112.392575  29.838217 24.268
 10    32.896 52578.59087749 20.88 112.391685  29.841507 24.268
 10    32.548 52578.59087813 22.03 112.390795  29.844787 24.268
 10    29.602 52578.59087877 23.03 112.389905  29.848077 24.268
 10    32.125 52578.59087942 23.00 112.389015  29.851367 24.268
 10    30.285 52578.59088006 23.54 112.388135  29.854647 24.268
 10    30.520 52578.59088071 28.32 112.387245  29.857937 24.268
 10    30.433 52578.59088135 28.70 112.386355  29.861227 24.268
 10    30.295 52578.59088200 24.99 112.385465  29.864507 24.268
 10    31.846 52578.59088264 23.80 112.384575  29.867797 24.268
 10    33.619 52578.59088329 25.31 112.383695  29.871087 24.268
 11    34.627 52613.59084458 19.80 112.392927  29.849316 18.702
 11    34.581 52613.59084522 18.14 112.392037  29.852596 18.702
 11    33.827 52613.59084587 19.67 112.391147  29.855886 18.702
 11    32.795 52613.59084651 21.37 112.390257  29.859176 18.702
 11    27.925 52613.59084715 25.23 112.389377  29.862456 18.702
 11    27.989 52613.59084780 27.83 112.388487  29.865746 18.702
 11    28.063 52613.59084844 32.31 112.387597  29.869036 18.702
 11    32.305 52613.59084909 29.06 112.386707  29.872316 18.702
 12    33.463 52648.59082678 24.15 112.394206  29.851527 22.298
 12    33.105 52648.59082742 19.87 112.393326  29.854817 22.298
 12    33.107 52648.59082807 20.80 112.392436  29.858107 22.298
 12    27.169 52648.59082871 24.36 112.391546  29.861387 22.298
 12    27.166 52648.59082936 25.65 112.390656  29.864677 22.298
 12    26.950 52648.59083000 27.52 112.389766  29.867967 22.298
 12    27.044 52648.59083065 30.14 112.388886  29.871247 22.298
 12    27.068 52648.59083129 39.60 112.387996  29.874537 22.298
 13    25.516 52683.59080655 34.96 112.398159  29.864093 15.669
 13    25.741 52683.59080719 44.46 112.397269  29.867383 15.669
 13    25.562 52683.59080784 38.84 112.396379  29.870673 15.669
 13    25.521 52683.59080848 35.90 112.395489  29.873953 15.669
 13    25.622 52683.59080913 35.37 112.394609  29.877243 15.669
 13    25.769 52683.59080977 40.00 112.393719  29.880533 15.669
 13    25.766 52683.59081042 38.00 112.392832  29.883813 17.276
 16    31.000 52788.59082769 35.36 112.393134  29.832215 22.974
 16    30.978 52788.59082833 34.39 112.392244  29.835505 22.974
 16    30.918 52788.59082898 34.74 112.391364  29.838785 22.974
 16    30.975 52788.59082962 36.18 112.390474  29.842075 22.974
 16    31.036 52788.59083027 37.90 112.389584  29.845365 22.974
 16    31.298 52788.59083091 36.56 112.388694  29.848645 22.974
 16    31.995 52788.59083156 35.93 112.387804  29.851935 22.974
 16    31.959 52788.59083220 36.92 112.386914  29.855225 22.974
 16    31.427 52788.59083285 45.89 112.386034  29.858505 22.974
 16    31.379 52788.59083349 48.79 112.385144  29.861795 22.974
 16    31.509 52788.59083414 45.70 112.384254  29.865085 22.974
 16    31.516 52788.59083478 42.56 112.383364  29.868365 22.974
 17    34.449 52823.59090094 23.86 112.393207  29.843825 27.578
 17    34.859 52823.59090159 23.86 112.392327  29.847115 27.578
 17    34.744 52823.59090223 23.17 112.391437  29.850394 20.564
 17    34.725 52823.59090288 22.61 112.390547  29.853684 20.564
 17    34.637 52823.59090352 23.51 112.389657  29.856974 20.564
 17    34.770 52823.59090416 22.84 112.388767  29.860264 20.564
 17    35.280 52823.59090481 19.22 112.387887  29.863544 20.564
 17    35.401 52823.59090545 18.79 112.386997  29.866834 20.564
 17    35.534 52823.59090610 23.74 112.386107  29.870124 20.564
 17    35.820 52823.59090674 28.11 112.385217  29.873404 20.564
 18    33.882 52858.59094936 27.03 112.393312  29.854297 18.583
 18    33.941 52858.59095001 26.75 112.392422  29.857577 18.583
 18    34.037 52858.59095065 26.38 112.391542  29.860867 18.583
 18    34.146 52858.59095130 25.65 112.390652  29.864157 18.583
 18    34.099 52858.59095194 24.59 112.389762  29.867437 18.583
 18    34.035 52858.59095259 24.19 112.388872  29.870727 18.583
 18    33.810 52858.59095323 25.50 112.387982  29.874017 18.583
 19    34.933 52893.59097782 27.33 112.393646  29.838496 14.042
 19    35.446 52893.59097847 26.60 112.392756  29.841786 14.042
 19    35.685 52893.59097911 26.61 112.391876  29.845076 14.042
 19    35.856 52893.59097976 27.06 112.390986  29.848366 14.042
 19    35.950 52893.59098040 26.54 112.390096  29.851646 14.042
 19    35.921 52893.59098105 25.42 112.389206  29.854936 14.042
 19    35.921 52893.59098169 25.50 112.388316  29.858226 14.042
 19    36.009 52893.59098234 24.59 112.387436  29.861506 14.042
 19    36.088 52893.59098298 24.26 112.386546  29.864796 14.042
 19    36.181 52893.59098363 22.48 112.385656  29.868086 14.042
 19    36.346 52893.59098427 28.22 112.384766  29.871366 14.042
 20    31.078 52928.59093083 30.67 112.394009  29.851758 21.179
 20    31.344 52928.59093148 31.86 112.393119  29.855048 21.179
 20    31.488 52928.59093212 31.33 112.392239  29.858338 21.179
 20    31.836 52928.59093276 32.63 112.391349  29.861618 21.179
 20    31.968 52928.59093341 32.45 112.390459  29.864908 21.179
 20    32.079 52928.59093405 32.50 112.389569  29.868198 21.179
 20    32.011 52928.59093470 33.69 112.388689  29.871488 21.179
 20    31.997 52928.59093534 33.40 112.387799  29.874768 21.179
 21    28.571 52963.59091208 31.97 112.394089  29.855225 21.037
 21    28.649 52963.59091272 33.61 112.393209  29.858505 21.037
 21    28.762 52963.59091337 34.44 112.392319  29.861795 21.037
 21    28.793 52963.59091401 37.42 112.391429  29.865085 21.037
 21    28.874 52963.59091466 39.90 112.390539  29.868365 21.037
 21    28.799 52963.59091530 43.55 112.389649  29.871655 21.037
 21    28.851 52963.59091594 43.84 112.388759  29.874945 21.037
 21    28.888 52963.59091659 43.18 112.387879  29.878225 21.037
 22    32.378 52998.59094507 25.85 112.393912  29.830613  8.172
 22    32.122 52998.59094572 25.90 112.393022  29.833893  8.172
 22    27.084 52998.59094636 28.39 112.392132  29.837183  8.172
 22    27.121 52998.59094701 28.78 112.391252  29.840473  8.172
 22    27.290 52998.59094765 28.24 112.390362  29.843763  8.172
 22    27.467 52998.59094829 33.48 112.389470  29.847042 22.811
 22    27.404 52998.59094894 44.28 112.388590  29.850332 22.811
 22    27.175 52998.59094958 35.05 112.387700  29.853622 22.811
 22    27.652 52998.59095023 27.25 112.386810  29.856912 22.811
 22    27.792 52998.59095087 28.11 112.385920  29.860192 22.811
 22    27.775 52998.59095152 29.10 112.385040  29.863482 22.811
 22    27.785 52998.59095216 40.93 112.384150  29.866772 22.811
 22    27.674 52998.59095281 50.92 112.383260  29.870052 22.811
 23    26.240 53033.59090305 39.42 112.394043  29.852036 22.873
 23    26.262 53033.59090369 38.64 112.393163  29.855326 22.873
 23    26.386 53033.59090433 41.56 112.392273  29.858616 22.873
 23    26.334 53033.59090498 43.41 112.391383  29.861896 22.873
 23    26.368 53033.59090562 39.73 112.390493  29.865186 22.873
 23    26.580 53033.59090627 40.81 112.389613  29.868476 22.873
 23    26.436 53033.59090691 38.80 112.388723  29.871756 22.873
 23    26.726 53033.59090756 44.84 112.387833  29.875046 22.873
 24    33.283 53068.59091771 17.70 112.393449  29.853899 21.316
 24    32.731 53068.59091836 19.98 112.392559  29.857179 21.316
 24    32.491 53068.59091900 18.29 112.391669  29.860469 21.316
 24    31.622 53068.59091965 22.05 112.390789  29.863759 21.316
 24    27.437 53068.59092029 27.20 112.389899  29.867049 21.316
 24    27.635 53068.59092094 26.41 112.389009  29.870329 21.316
 24    31.772 53068.59092158 25.26 112.388119  29.873619 21.316
 24    31.892 53068.59092223 28.13 112.387229  29.876909 21.316
 25    32.225 53103.59090524 23.36 112.393472  29.853960 18.337
 25    32.327 53103.59090589 24.28 112.392582  29.857250 18.337
 25    27.524 53103.59090653 26.73 112.391692  29.860540 18.337
 25    27.336 53103.59090717 29.80 112.390812  29.863820 18.337
 25    27.655 53103.59090782 39.80 112.389922  29.867110 18.337
 25    27.534 53103.59090846 44.91 112.389032  29.870400 18.337
 25    27.443 53103.59090911 39.16 112.388143  29.873680 30.432
 25    27.567 53103.59090975 43.87 112.387263  29.876970 30.432
 26    29.704 53138.59092237 30.68 112.393651  29.854144 17.530
 26    33.985 53138.59092302 29.86 112.392761  29.857424 17.530
 26    30.656 53138.59092366 29.72 112.391871  29.860714 17.530
 26    30.784 53138.59092431 28.77 112.390991  29.864004 17.530
 26    30.977 53138.59092495 28.07 112.390099  29.867284 21.285
 26    31.173 53138.59092559 27.50 112.389209  29.870574 21.285
 26    31.704 53138.59092624 26.98 112.388319  29.873864 21.285
 26    32.325 53138.59092688 27.99 112.387429  29.877154 21.285
 27    34.934 53173.59096145 27.20 112.393412  29.841835 22.133
 27    34.533 53173.59096209 25.35 112.392522  29.845125 22.133
 27    34.595 53173.59096274 24.78 112.391632  29.848405 22.133
 27    34.425 53173.59096338 25.15 112.390752  29.851695 22.133
 27    34.386 53173.59096403 26.08 112.389862  29.854985 22.133
 27    34.400 53173.59096467 24.09 112.388972  29.858275 22.133
 27    34.402 53173.59096532 23.66 112.388082  29.861555 22.133
 27    34.480 53173.59096596 23.86 112.387192  29.864845 22.133
 27    34.463 53173.59096661 24.86 112.386312  29.868135 22.133
 27    34.308 53173.59096725 26.48 112.385421  29.871415 30.428
 28    34.348 53208.59097818 25.98 112.393303  29.845585 16.590
 28    34.134 53208.59097882 26.39 112.392413  29.848865 16.590
 28    34.681 53208.59097947 24.88 112.391533  29.852155 16.590
 28    34.935 53208.59098011 25.13 112.390643  29.855445 16.590
 28    35.031 53208.59098076 25.91 112.389753  29.858725 16.590
 28    35.140 53208.59098140 26.29 112.388863  29.862015 16.590
 28    35.202 53208.59098205 26.81 112.387973  29.865305 16.590
 28    35.346 53208.59098269 25.74 112.387093  29.868595 16.590
 28    35.457 53208.59098334 26.94 112.386205  29.871875 31.547
 29    33.733 53243.59094762 27.57 112.395820  29.856017 25.930
 29    33.457 53243.59094827 21.16 112.394930  29.859307 25.930
 29    33.239 53243.59094891 15.40 112.394040  29.862587 25.930
 29    33.805 53243.59094955 13.56 112.393160  29.865877 25.930
 29    33.321 53243.59095020 15.69 112.392270  29.869167 25.930
 29    33.107 53243.59095084 16.94 112.391385  29.872447 26.439
 29    32.427 53243.59095149 21.15 112.390495  29.875737 26.439
 29    32.785 53243.59095213 23.84 112.389605  29.879027 26.439
 30    32.591 53278.59092055 22.63 112.393963  29.832256 19.478
 30    32.343 53278.59092120 23.07 112.393083  29.835536 19.478
 30    33.010 53278.59092184 17.96 112.392193  29.838826 19.478
 30    33.158 53278.59092248 16.77 112.391303  29.842116 19.478
 30    33.187 53278.59092313 18.51 112.390413  29.845396 19.478
 30    33.167 53278.59092377 18.51 112.389523  29.848686 19.478
 30    33.523 53278.59092442 16.81 112.388643  29.851976 19.478
 30    33.601 53278.59092506 14.73 112.387753  29.855256 19.478
 30    34.145 53278.59092571 15.98 112.386863  29.858546 19.478
 30    35.428 53278.59092635 15.97 112.385973  29.861836 19.478
 30    35.489 53278.59092700 18.64 112.385083  29.865126 19.478
 30    32.129 53278.59092764 22.10 112.384196  29.868414 26.888
 31    30.171 53313.59094986 40.21 112.393442  29.842168 22.238
 31    30.221 53313.59095050 39.06 112.392552  29.845458 22.238
 31    30.269 53313.59095115 36.24 112.391662  29.848748 22.238
 31    30.260 53313.59095179 33.61 112.390772  29.852028 22.238
 31    30.374 53313.59095244 31.92 112.389892  29.855318 22.238
 31    30.375 53313.59095308 32.58 112.389002  29.858608 22.238
 31    30.536 53313.59095373 34.30 112.388112  29.861898 22.238
 31    30.514 53313.59095437 38.24 112.387222  29.865178 22.238
 31    30.480 53313.59095502 44.70 112.386332  29.868468 22.238
 31    30.505 53313.59095566 49.06 112.385452  29.871758 22.238
 32    33.317 53348.59091812 28.47 112.395451  29.856148 17.640
 32    28.759 53348.59091876 27.77 112.394561  29.859438 17.640
 32    28.863 53348.59091941 28.46 112.393681  29.862728 17.640
 32    28.904 53348.59092005 29.24 112.392791  29.866008 17.640
 32    28.975 53348.59092070 31.19 112.391901  29.869298 17.640
 32    29.152 53348.59092134 36.92 112.391011  29.872588 17.640
 32    29.115 53348.59092199 36.63 112.390131  29.875878 17.640
 32    29.087 53348.59092263 37.76 112.389243  29.879157 26.655
 33    27.243 53383.59088556 43.30 112.393796  29.839147 18.953
 33    27.178 53383.59088621 39.24 112.392906  29.842437 18.953
 33    27.220 53383.59088685 37.79 112.392016  29.845727 18.953
 33    27.202 53383.59088750 37.14 112.391126  29.849007 18.953
 33    27.191 53383.59088814 39.37 112.390236  29.852297 18.953
 33    27.319 53383.59088879 41.34 112.389356  29.855587 18.953
 33    27.346 53383.59088943 46.52 112.388466  29.858867 18.953
 33    27.248 53383.59089008 37.93 112.387576  29.862157 18.953
 33    27.106 53383.59089072 34.52 112.386686  29.865447 18.953
 33    27.116 53383.59089137 32.96 112.385796  29.868727 18.953
 33    27.655 53383.59089201 45.95 112.384909  29.872024 25.094
 34    35.025 53418.59089891 20.95 112.398479  29.862760 20.125
 34    34.932 53418.59089956 19.41 112.397589  29.866050 20.125
 34    34.622 53418.59090020 22.13 112.396699  29.869330 20.125
 34    34.307 53418.59090085 21.41 112.395809  29.872620 20.125
 34    32.878 53418.59090149 24.52 112.394929  29.875910 20.125
 34    31.567 53418.59090214 26.57 112.394039  29.879189 25.120
 34    32.732 53418.59090278 31.11 112.393149  29.882479 25.120
 35    33.181 53453.59089994 22.11 112.393130  29.844478 15.270
 35    32.917 53453.59090059 22.64 112.392240  29.847768 15.270
 35    27.862 53453.59090123 25.04 112.391350  29.851048 15.270
 35    27.798 53453.59090187 25.63 112.390460  29.854338 15.270
 35    27.947 53453.59090252 24.79 112.389570  29.857628 15.270
 35    27.918 53453.59090316 24.79 112.388690  29.860918 15.270
 35    27.914 53453.59090381 27.21 112.387800  29.864198 15.270
 35    27.973 53453.59090445 28.99 112.386910  29.867488 15.270
 35    28.111 53453.59090510 33.73 112.386020  29.870778 15.270
 36    32.066 53488.59098235 21.53 112.390851  29.828735 16.880
 36    32.270 53488.59098300 19.15 112.389961  29.832025 16.880
 36    33.516 53488.59098364 20.19 112.389071  29.835315 16.880
 36    32.111 53488.59098429 21.96 112.388191  29.838595 16.880
 36    28.235 53488.59098493 23.41 112.387301  29.841885 16.880
 36    28.213 53488.59098558 25.44 112.386411  29.845175 16.880
 36    28.344 53488.59098622 24.08 112.385521  29.848455 16.880
 36    28.442 53488.59098686 22.20 112.384641  29.851745 16.880
 36    28.418 53488.59098751 23.91 112.383751  29.855035 16.880
 36    28.453 53488.59098815 26.01 112.382861  29.858315 16.880
 36    28.564 53488.59098880 34.79 112.381971  29.861605 16.880
 36    28.584 53488.59098944 36.72 112.381081  29.864895 16.880
 37    34.016 53523.59097600 32.76 112.394577  29.856773 20.277
 37    33.557 53523.59097664 25.92 112.393687  29.860063 20.277
 37    33.631 53523.59097729 24.88 112.392797  29.863343 20.277
 37    33.692 53523.59097793 25.19 112.391907  29.866633 20.277
 37    33.829 53523.59097858 25.64 112.391027  29.869923 20.277
 37    33.891 53523.59097922 25.44 112.390137  29.873204 28.670
 37    33.910 53523.59097987 26.30 112.389247  29.876494 28.670
 38    32.943 53558.59099714 24.58 112.392367  29.830460 10.644
 38    33.475 53558.59099778 21.92 112.391477  29.833750 10.644
 38    34.131 53558.59099843 17.88 112.390587  29.837040 10.644
 38    34.517 53558.59099907 17.17 112.389707  29.840320 10.644
 38    34.002 53558.59099972 17.05 112.388817  29.843610 10.644
 38    33.893 53558.59100036 18.04 112.387927  29.846900 10.644
 38    33.952 53558.59100100 18.34 112.387037  29.850180 10.644
 38    33.804 53558.59100165 19.22 112.386157  29.853470 10.644
 38    33.789 53558.59100229 20.43 112.385267  29.856760 10.644
 38    34.183 53558.59100294 20.09 112.384377  29.860050 10.644
 38    34.749 53558.59100358 22.34 112.383487  29.863330 10.644
 38    34.752 53558.59100423 22.36 112.382597  29.866620 10.644
 39    33.912 53593.59094082 27.75 112.399011  29.865610 12.562
 39    34.118 53593.59094146 26.49 112.398131  29.868900 12.562
 39    34.191 53593.59094211 25.31 112.397241  29.872190 12.562
 39    34.187 53593.59094275 24.74 112.396348  29.875470 26.939
 39    34.313 53593.59094340 23.70 112.395468  29.878760 26.939
 39    34.058 53593.59094404 23.99 112.394578  29.882050 26.939
 39    33.092 53593.59094469 26.97 112.393688  29.885340 26.939
 40    33.837 53628.59092588 22.03 112.388732  29.828257 14.178
 40    33.740 53628.59092653 24.26 112.387842  29.831547 14.178
 40    33.497 53628.59092717 26.90 112.386952  29.834837 14.178
 40    33.840 53628.59092782 26.58 112.386072  29.838117 14.178
 40    34.232 53628.59092846 30.94 112.385182  29.841407 14.178
 40    34.244 53628.59092910 36.85 112.384292  29.844697 14.178
 40    34.197 53628.59092975 37.63 112.383402  29.847977 14.178
 40    34.326 53628.59093039 37.26 112.382512  29.851267 14.178
 40    34.428 53628.59093104 34.08 112.381622  29.854557 14.178
 40    34.096 53628.59093168 26.57 112.380742  29.857837 14.178
 40    34.319 53628.59093233 24.28 112.379852  29.861127 14.178
 41    32.660 53663.59095068 25.22 112.394663  29.831533 22.485
 41    32.540 53663.59095133 23.48 112.393773  29.834823 22.485
 41    33.070 53663.59095197 21.03 112.392883  29.838113 22.485
 41    33.016 53663.59095262 19.55 112.392003  29.841393 22.485
 41    32.862 53663.59095326 19.92 112.391113  29.844683 22.485
 41    32.465 53663.59095391 20.89 112.390223  29.847973 22.485
 41    32.206 53663.59095455 21.69 112.389333  29.851253 22.485
 41    31.762 53663.59095520 23.57 112.388443  29.854543 22.485
 41    31.804 53663.59095584 23.35 112.387563  29.857833 22.485
 41    31.740 53663.59095648 24.82 112.386673  29.861113 22.485
 41    31.569 53663.59095713 24.50 112.385783  29.864403 22.485
 41    31.741 53663.59095777 23.10 112.384893  29.867693 22.485
 41    31.990 53663.59095842 25.75 112.384013  29.870983 22.485
 42    33.409 53698.59091605 26.29 112.394594  29.856992 20.091
 42    29.664 53698.59091669 22.70 112.393704  29.860282 20.091
 42    29.802 53698.59091734 25.91 112.392814  29.863562 20.091
 42    29.822 53698.59091798 26.98 112.391934  29.866852 20.091
 42    30.015 53698.59091863 28.89 112.391044  29.870142 20.091
 42    30.060 53698.59091927 26.99 112.390150  29.873421 25.871
 42    32.048 53698.59091991 25.73 112.389270  29.876711 25.871
 43    26.898 53733.59083984 26.45 112.398179  29.864586 13.568
 43    26.924 53733.59084049 28.10 112.397289  29.867876 13.568
 43    27.014 53733.59084113 29.03 112.396399  29.871166 13.568
 43    27.195 53733.59084177 35.77 112.395510  29.874447 24.022
 43    27.162 53733.59084242 33.56 112.394620  29.877737 24.022
 43    26.937 53733.59084306 29.26 112.393740  29.881027 24.022
 43    31.675 53733.59084371 27.51 112.392850  29.884307 24.022
 44    33.062 53768.59081995 20.84 112.395994  29.859007 21.777
 44    32.411 53768.59082060 22.68 112.395114  29.862297 21.777
 44    26.741 53768.59082124 24.50 112.394224  29.865587 21.777
 44    26.774 53768.59082188 29.13 112.393334  29.868867 21.777
 44    26.955 53768.59082253 30.88 112.392444  29.872157 21.777
 44    26.843 53768.59082317 36.95 112.391554  29.875447 21.777
 44    26.892 53768.59082382 36.21 112.390670  29.878726 24.987
 45    27.949 53803.59081777 28.27 112.397048  29.862758 19.495
 45    27.956 53803.59081842 30.47 112.396158  29.866048 19.495
 45    28.083 53803.59081906 33.37 112.395267  29.869328 24.454
 45    28.241 53803.59081971 37.87 112.394387  29.872618 24.454
 45    28.206 53803.59082035 39.30 112.393497  29.875908 24.454
 45    28.265 53803.59082099 40.83 112.392607  29.879188 24.454
 45    28.190 53803.59082164 38.74 112.391717  29.882478 24.454
 46    34.408 53838.59082912 25.76 112.394349  29.831911 16.417
 46    32.396 53838.59082977 24.39 112.393459  29.835201 16.417
 46    32.647 53838.59083041 25.45 112.392579  29.838481 16.417
 46    32.717 53838.59083106 23.27 112.391689  29.841771 16.417
 46    32.553 53838.59083170 23.57 112.390799  29.845061 16.417
 46    28.616 53838.59083235 23.94 112.389909  29.848341 16.417
 46    28.335 53838.59083299 25.31 112.389019  29.851631 16.417
 46    28.206 53838.59083363 27.46 112.388129  29.854921 16.417
 46    28.221 53838.59083428 28.92 112.387249  29.858211 16.417
 46    28.477 53838.59083492 31.55 112.386359  29.861491 16.417
 46    28.604 53838.59083557 34.45 112.385469  29.864781 16.417
 46    28.539 53838.59083621 35.95 112.384579  29.868071 16.417
 47    34.195 53873.59088119 26.87 112.393186  29.851488 22.713
 47    31.579 53873.59088184 27.22 112.392296  29.854768 22.713
 47    33.904 53873.59088248 27.89 112.391406  29.858058 22.713
 47    31.721 53873.59088312 29.79 112.390526  29.861348 22.713
 47    31.762 53873.59088377 30.12 112.389637  29.864628 24.987
 47    31.853 53873.59088441 29.18 112.388747  29.867918 24.987
 47    32.013 53873.59088506 29.54 112.387857  29.871208 24.987
 47    32.090 53873.59088570 30.47 112.386967  29.874498 24.987
 48    32.121 53908.59092033 30.20 112.393246  29.829298 12.324
 48    33.489 53908.59092097 28.66 112.392356  29.832588 12.324
 48    33.945 53908.59092162 26.44 112.391466  29.835878 12.324
 48    34.632 53908.59092226 25.74 112.390586  29.839158 12.324
 48    34.483 53908.59092291 24.21 112.389696  29.842448 12.324
 48    32.201 53908.59092355 23.38 112.388806  29.845738 12.324
 48    34.082 53908.59092420 23.32 112.387916  29.849018 12.324
 48    33.647 53908.59092484 22.46 112.387036  29.852308 12.324
 48    32.998 53908.59092549 22.57 112.386146  29.855598 12.324
 48    32.898 53908.59092613 22.76 112.385256  29.858878 12.324
 48    35.071 53908.59092678 21.70 112.384366  29.862168 12.324
 48    32.134 53908.59092742 25.93 112.383476  29.865458 12.324
 48    32.066 53908.59092806 35.96 112.382596  29.868748 12.324
 49    32.679 53943.59094473 19.31 112.389843  29.830271 16.561
 49    32.558 53943.59094538 18.23 112.388953  29.833551 16.561
 49    32.684 53943.59094602 18.04 112.388063  29.836841 16.561
 49    33.065 53943.59094666 20.96 112.387173  29.840131 16.561
 49    33.103 53943.59094731 24.75 112.386293  29.843411 16.561
 49    32.945 53943.59094795 29.88 112.385403  29.846701 16.561
 49    33.116 53943.59094860 27.80 112.384513  29.849991 16.561
 49    33.012 53943.59094924 26.16 112.383623  29.853271 16.561
 49    32.930 53943.59094989 25.44 112.382743  29.856561 16.561
 49    32.966 53943.59095053 21.36 112.381853  29.859851 16.561
 49    35.610 53943.59095118 24.65 112.380963  29.863141 16.561
 50    32.932 53978.59089904 25.82 112.394021  29.851692 14.948
 50    28.961 53978.59089969 26.69 112.393131  29.854982 14.948
 50    29.419 53978.59090033 28.48 112.392241  29.858272 14.948
 50    29.865 53978.59090098 29.32 112.391351  29.861552 14.948
 50    29.967 53978.59090162 32.22 112.390471  29.864842 14.948
 50    30.100 53978.59090227 34.41 112.389581  29.868132 14.948
 50    30.250 53978.59090291 34.03 112.388691  29.871422 14.948
 50    30.259 53978.59090356 33.89 112.387801  29.874702 14.948
 51    32.723 54013.59090847 21.24 112.393667  29.840807 13.363
 51    32.846 54013.59090911 20.25 112.392777  29.844097 13.363
 51    32.726 54013.59090976 20.65 112.391887  29.847387 13.363
 51    32.622 54013.59091040 20.62 112.390997  29.850667 13.363
 51    28.284 54013.59091105 23.05 112.390107  29.853957 13.363
 51    28.239 54013.59091169 27.08 112.389217  29.857247 13.363
 51    28.483 54013.59091234 36.24 112.388337  29.860527 13.363
 51    28.503 54013.59091298 46.37 112.387447  29.863817 13.363
 51    28.633 54013.59091363 49.03 112.386557  29.867107 13.363
 51    28.596 54013.59091427 40.22 112.385667  29.870397 13.363
 52    27.913 54048.59091958 33.19 112.396976  29.862303 15.181
 52    27.985 54048.59092023 34.26 112.396086  29.865593 15.181
 52    28.068 54048.59092087 35.09 112.395206  29.868883 15.181
 52    28.232 54048.59092152 36.59 112.394316  29.872163 15.181
 52    28.420 54048.59092216 37.77 112.393426  29.875453 15.181
 52    28.398 54048.59092281 37.96 112.392536  29.878743 15.181
 52    28.322 54048.59092345 36.24 112.391646  29.882033 15.181
 54    33.321 54118.59084126 25.78 112.396190  29.859403 24.812
 54    26.098 54118.59084190 26.38 112.395300  29.862683 24.812
 54    26.309 54118.59084255 27.54 112.394420  29.865973 24.812
 54    26.440 54118.59084319 31.14 112.393530  29.869263 24.812
 54    26.486 54118.59084384 34.24 112.392640  29.872553 24.812
 54    26.558 54118.59084448 41.57 112.391760  29.875833 24.812
 54    26.392 54118.59084513 51.72 112.390870  29.879123 24.812
 55    32.772 54153.59086449 23.22 112.393011  29.849004 22.301
 55    32.555 54153.59086514 23.95 112.392121  29.852294 22.301
 55    26.494 54153.59086578 25.13 112.391231  29.855574 22.301
 55    26.734 54153.59086643 27.20 112.390351  29.858864 22.301
 55    26.515 54153.59086707 31.96 112.389461  29.862154 22.301
 55    26.350 54153.59086772 43.47 112.388571  29.865444 22.301
 55    26.588 54153.59086836 52.86 112.387681  29.868724 22.301
 55    26.803 54153.59086901 40.84 112.386791  29.872014 22.301
 56    33.297 54188.59083530 28.70 112.396040  29.856557 29.644
 56    33.044 54188.59083595 19.08 112.395160  29.859837 29.644
 56    26.578 54188.59083659 23.82 112.394270  29.863127 29.644
 56    26.589 54188.59083724 27.30 112.393380  29.866417 29.644
 56    26.791 54188.59083788 31.77 112.392490  29.869707 29.644
 56    26.873 54188.59083853 38.07 112.391610  29.872987 29.644
 56    26.855 54188.59083917 39.43 112.390720  29.876277 29.644
 56    31.701 54188.59083982 32.15 112.389830  29.879567 29.644
 57    29.394 54223.59087344 31.94 112.393364  29.842532 17.141
 57    29.265 54223.59087409 27.76 112.392474  29.845822 17.141
 57    34.379 54223.59087473 23.31 112.391594  29.849112 17.141
 57    29.407 54223.59087538 22.95 112.390707  29.852400 21.667
 57    29.320 54223.59087602 23.51 112.389817  29.855680 21.667
 57    33.753 54223.59087667 23.12 112.388927  29.858970 21.667
 57    29.409 54223.59087731 23.40 112.388037  29.862260 21.667
 57    29.440 54223.59087796 27.40 112.387157  29.865540 21.667
 57    31.655 54223.59087860 27.40 112.386267  29.868830 21.667
 57    29.558 54223.59087925 35.39 112.385377  29.872120 21.667
 58    34.559 54258.59089694 25.13 112.393511  29.851588 17.129
 58    34.484 54258.59089759 25.79 112.392617  29.854870 23.478
 58    34.147 54258.59089823 26.40 112.391737  29.858160 23.478
 58    29.986 54258.59089888 27.47 112.390847  29.861450 23.478
 58    30.106 54258.59089952 28.85 112.389957  29.864730 23.478
 58    30.009 54258.59090017 32.15 112.389067  29.868020 23.478
 58    30.213 54258.59090081 30.33 112.388187  29.871310 23.478
 58    31.617 54258.59090146 29.46 112.387297  29.874600 23.478
 59    34.899 54293.59090000 29.29 112.393839  29.853769 19.797
 59    35.166 54293.59090065 29.72 112.392949  29.857059 19.797
 59    35.218 54293.59090129 29.81 112.392059  29.860349 19.797
 59    35.369 54293.59090194 28.26 112.391169  29.863629 19.797
 59    35.374 54293.59090258 28.11 112.390279  29.866919 19.797
 59    35.457 54293.59090322 26.09 112.389399  29.870209 19.797
 59    35.603 54293.59090387 25.55 112.388509  29.873499 19.797
 59    35.498 54293.59090451 26.45 112.387619  29.876779 19.797
 60    34.122 54328.59089528 24.49 112.395365  29.857178 16.616
 60    34.027 54328.59089593 24.41 112.394485  29.860468 16.616
 60    34.003 54328.59089657 24.73 112.393595  29.863758 16.616
 60    34.189 54328.59089722 24.14 112.392705  29.867048 16.616
 60    34.316 54328.59089786 24.17 112.391815  29.870328 16.616
 60    34.406 54328.59089851 25.01 112.390935  29.873618 16.616
 60    34.505 54328.59089915 25.68 112.390045  29.876908 16.616
 61    33.768 54363.59084289 33.81 112.396203  29.857284  9.931
 61    35.517 54363.59084353 28.64 112.395317  29.860566 15.743
 61    35.545 54363.59084418 27.97 112.394427  29.863856 15.743
 61    35.522 54363.59084482 29.00 112.393547  29.867146 15.743
 61    35.555 54363.59084547 29.04 112.392657  29.870426 15.743
 61    35.676 54363.59084611 28.78 112.391767  29.873716 15.743
 61    35.806 54363.59084676 26.91 112.390877  29.877006 15.743
 61    35.859 54363.59084740 27.85 112.389997  29.880296 15.743
 62    33.067 54398.59083466 22.70 112.394429  29.853283 11.409
 62    33.225 54398.59083530 22.56 112.393539  29.856573 11.409
 62    30.100 54398.59083595 24.22 112.392659  29.859863 11.409
 62    30.071 54398.59083659 27.52 112.391771  29.863143 22.461
 62    30.219 54398.59083724 28.94 112.390881  29.866433 22.461
 62    30.310 54398.59083788 28.88 112.389991  29.869723 22.461
 62    30.455 54398.59083853 28.06 112.389101  29.873013 22.461
 62    31.718 54398.59083917 27.10 112.388221  29.876293 22.461
 63    33.481 54433.59079339 29.75 112.396206  29.858329 11.939
 63    27.514 54433.59079403 26.92 112.395316  29.861619 11.939
 63    27.530 54433.59079468 28.35 112.394426  29.864899 32.273
 63    27.654 54433.59079532 29.77 112.393546  29.868189 32.273
 63    27.798 54433.59079597 34.69 112.392656  29.871479 32.273
 63    27.964 54433.59079661 35.30 112.391766  29.874769 32.273
 63    27.887 54433.59079726 39.90 112.390876  29.878049 32.273
 64    26.469 54468.59081701 37.89 112.394084  29.851594 15.413
 64    26.588 54468.59081766 44.96 112.393194  29.854884 15.413
 64    26.723 54468.59081830 49.09 112.392314  29.858174 15.413
 64    26.627 54468.59081895 49.44 112.391423  29.861463 26.151
 64    26.800 54468.59081959 48.56 112.390533  29.864743 26.151
 64    26.739 54468.59082024 47.40 112.389643  29.868033 26.151
 64    26.704 54468.59082088 37.76 112.388753  29.871323 26.151
 64    27.511 54468.59082153 32.03 112.387873  29.874603 26.151
 66    26.588 54538.59083320 38.55 112.394431  29.856071 19.305
 66    26.673 54538.59083385 39.14 112.393541  29.859361 19.305
 66    26.807 54538.59083449 39.24 112.392651  29.862641 19.305
 66    26.898 54538.59083514 40.91 112.391761  29.865931 19.305
 66    26.834 54538.59083578 43.82 112.390881  29.869221 19.305
 66    26.717 54538.59083643 38.97 112.389991  29.872501 19.305
 66    26.911 54538.59083707 35.96 112.389101  29.875791 19.305
 67    32.941 54573.59080984 33.82 112.396272  29.857309 17.381
 67    29.234 54573.59081049 27.92 112.395382  29.860599 17.381
 67    29.320 54573.59081113 28.13 112.394502  29.863879 17.381
 67    29.303 54573.59081178 28.46 112.393612  29.867169 17.381
 67    29.215 54573.59081242 30.75 112.392722  29.870459 17.381
 67    29.353 54573.59081307 29.18 112.391832  29.873739 17.381
 67    29.568 54573.59081371 29.23 112.390952  29.877029 17.381
 67    31.595 54573.59081435 30.38 112.390062  29.880319 17.381
 68    33.116 54608.59082558 25.19 112.393768  29.850648 11.490
 68    29.726 54608.59082623 25.76 112.392888  29.853928 11.490
 68    29.845 54608.59082687 27.89 112.391998  29.857218 11.490
 68    29.919 54608.59082752 26.49 112.391108  29.860508 11.490
 68    29.851 54608.59082816 27.70 112.390218  29.863788 11.490
 68    29.780 54608.59082880 29.55 112.389328  29.867078 11.490
 68    29.863 54608.59082945 30.75 112.388448  29.870368 11.490
 68    30.056 54608.59083009 32.50 112.387558  29.873658 11.490
 69    34.840 54643.59083403 26.47 112.393425  29.853294 14.826
 69    32.718 54643.59083468 27.22 112.392545  29.856574 14.826
 69    32.545 54643.59083532 27.23 112.391655  29.859864 14.826
 69    32.406 54643.59083597 29.36 112.390765  29.863154 14.826
 69    32.453 54643.59083661 30.55 112.389875  29.866434 14.826
 69    32.586 54643.59083726 30.79 112.388985  29.869724 14.826
 69    32.713 54643.59083790 31.23 112.388105  29.873014 14.826
 69    32.772 54643.59083854 31.72 112.387215  29.876294 14.826
 70    33.388 54678.59083536 26.82 112.392988  29.850820 13.399
 70    33.394 54678.59083601 25.82 112.392098  29.854110 13.399
 70    33.558 54678.59083665 25.09 112.391218  29.857390 13.399
 70    33.643 54678.59083730 24.31 112.390328  29.860680 13.399
 70    33.648 54678.59083794 24.94 112.389438  29.863970 13.399
 70    33.850 54678.59083858 24.51 112.388548  29.867260 13.399
 70    33.958 54678.59083923 22.91 112.387658  29.870540 13.399
 70    34.008 54678.59083987 24.77 112.386778  29.873830 13.399
 71    35.411 54713.59078997 22.28 112.396269  29.861718 18.747
 71    35.294 54713.59079062 23.46 112.395389  29.864998 18.747
 71    35.385 54713.59079126 23.48 112.394499  29.868288 18.747
 71    35.533 54713.59079191 23.62 112.393609  29.871578 18.747
 71    35.835 54713.59079255 22.58 112.392719  29.874858 18.747
 71    36.059 54713.59079320 22.78 112.391839  29.878148 18.747
 71    36.096 54713.59079384 25.36 112.390949  29.881438 18.747
 72    34.490 54748.59080403 23.14 112.393084  29.847087  9.257
 72    34.665 54748.59080467 23.82 112.392194  29.850367  9.257
 72    32.035 54748.59080531 25.24 112.391304  29.853657  9.257
 72    32.005 54748.59080596 26.33 112.390424  29.856947  9.257
 72    31.949 54748.59080660 28.70 112.389536  29.860227 25.685
 72    32.106 54748.59080725 29.35 112.388646  29.863517 25.685
 72    32.198 54748.59080789 28.31 112.387756  29.866807 25.685
 72    32.159 54748.59080854 27.77 112.386866  29.870097 25.685
 72    32.281 54748.59080918 28.35 112.385986  29.873377 25.685
 73    33.487 54783.59077575 30.57 112.395190  29.856062 13.597
 73    32.778 54783.59077640 30.73 112.394310  29.859342 13.597
 73    32.844 54783.59077704 31.59 112.393420  29.862632 13.597
 73    32.849 54783.59077769 31.35 112.392530  29.865922 13.597
 73    32.877 54783.59077833 30.87 112.391640  29.869202 13.597
 73    32.974 54783.59077898 30.58 112.390750  29.872492 13.597
 73    32.988 54783.59077962 30.21 112.389870  29.875782 13.597
 73    33.036 54783.59078027 30.94 112.388980  29.879062 13.597
 74    26.883 54818.59079747 28.21 112.392720  29.852293 12.961
 74    26.902 54818.59079812 29.58 112.391840  29.855573 12.961
 74    27.009 54818.59079876 31.11 112.390950  29.858863 12.961
 74    27.135 54818.59079941 32.60 112.390060  29.862153 12.961
 74    27.664 54818.59080005 31.87 112.389170  29.865433 12.961
 74    28.152 54818.59080070 30.58 112.388280  29.868723 12.961
 74    28.387 54818.59080134 36.14 112.387400  29.872013 12.961
 74    28.419 54818.59080199 47.65 112.386510  29.875293 12.961
 75    32.540 54853.59077355 21.81 112.394686  29.857919 19.898
 75    32.190 54853.59077419 16.98 112.393806  29.861199 19.898
 75    31.695 54853.59077484 18.12 112.392916  29.864489 19.898
 75    30.925 54853.59077548 20.54 112.392026  29.867779 19.898
 75    31.150 54853.59077612 20.98 112.391136  29.871059 19.898
 75    28.319 54853.59077677 25.94 112.390246  29.874349 19.898
 75    28.327 54853.59077741 31.67 112.389366  29.877639 19.898
 76    34.661 54888.59080165 24.72 112.392640  29.850517 17.427
 76    34.639 54888.59080229 19.05 112.391760  29.853797 17.427
 76    34.195 54888.59080294 20.15 112.390870  29.857087 17.427
 76    30.066 54888.59080358 24.08 112.389980  29.860377 17.427
 76    28.340 54888.59080422 27.08 112.389090  29.863657 17.427
 76    28.183 54888.59080487 29.48 112.388210  29.866947 17.427
 76    28.196 54888.59080551 32.45 112.387320  29.870237 17.427
 76    28.376 54888.59080616 41.03 112.386430  29.873517 17.427
 77    27.251 54923.59077296 43.44 112.394911  29.856699 23.628
 77    27.237 54923.59077361 45.57 112.394021  29.859989 23.628
 77    27.235 54923.59077425 46.70 112.393141  29.863269 23.628
 77    27.270 54923.59077489 48.01 112.392251  29.866559 23.628
 77    27.250 54923.59077554 44.41 112.391361  29.869849 23.628
 77    27.875 54923.59077618 32.10 112.390471  29.873139 23.628
 77    28.355 54923.59077683 39.39 112.389591  29.876419 23.628
 78    34.243 54958.59079808 27.08 112.393014  29.844130 13.745
 78    34.504 54958.59079873 25.38 112.392124  29.847420 13.745
 78    34.004 54958.59079937 25.51 112.391244  29.850700 13.745
 78    33.945 54958.59080002 25.31 112.390354  29.853990 13.745
 78    32.735 54958.59080066 24.93 112.389464  29.857280 13.745
 78    31.347 54958.59080131 26.44 112.388574  29.860560 13.745
 78    31.345 54958.59080195 27.06 112.387684  29.863850 13.745
 78    31.489 54958.59080260 27.14 112.386804  29.867140 13.745
 78    31.928 54958.59080324 26.28 112.385914  29.870430 13.745
 79    34.978 54993.59082001 27.25 112.393614  29.842619 20.963
 79    34.811 54993.59082065 26.12 112.392724  29.845909 20.963
 79    34.620 54993.59082130 27.64 112.391834  29.849199 20.963
 79    34.420 54993.59082194 26.76 112.390954  29.852479 20.963
 79    34.029 54993.59082259 25.88 112.390064  29.855769 20.963
 79    33.830 54993.59082323 26.10 112.389174  29.859059 20.963
 79    31.911 54993.59082388 26.41 112.388284  29.862349 20.963
 79    31.819 54993.59082452 27.15 112.387394  29.865629 20.963
 79    31.904 54993.59082516 26.61 112.386514  29.868919 20.963
 79    33.910 54993.59082581 26.91 112.385624  29.872209 20.963
 80    33.335 55028.59081225 24.48 112.393862  29.854838 20.189
 80    33.325 55028.59081290 22.17 112.392972  29.858128 20.189
 80    34.553 55028.59081354 15.98 112.392082  29.861418 20.189
 80    34.612 55028.59081419 16.09 112.391192  29.864698 20.189
 80    34.560 55028.59081483 17.19 112.390312  29.867988 20.189
 80    34.644 55028.59081548 16.89 112.389422  29.871278 20.189
 80    33.604 55028.59081612 21.47 112.388532  29.874568 20.189
 80    33.353 55028.59081676 27.63 112.387642  29.877848 20.189
 81    34.165 55063.59080435 26.09 112.394196  29.854536 13.546
 81    34.471 55063.59080499 25.82 112.393316  29.857816 13.546
 81    34.785 55063.59080564 24.10 112.392426  29.861106 13.546
 81    34.805 55063.59080628 25.37 112.391536  29.864396 13.546
 81    34.849 55063.59080693 27.09 112.390646  29.867676 13.546
 81    35.025 55063.59080757 27.11 112.389756  29.870966 13.546
 81    35.132 55063.59080822 28.61 112.388876  29.874256 13.546
 81    35.239 55063.59080886 27.53 112.387986  29.877536 13.546
 82    33.345 55098.59075038 28.30 112.395706  29.856520 21.857
 82    32.766 55098.59075103 22.27 112.394816  29.859810 21.857
 82    30.855 55098.59075167 23.19 112.393926  29.863100 21.857
 82    31.172 55098.59075232 24.10 112.393046  29.866380 21.857
 82    31.391 55098.59075296 24.00 112.392156  29.869670 21.857
 82    31.685 55098.59075361 27.60 112.391266  29.872960 21.857
 82    31.845 55098.59075425 28.02 112.390376  29.876240 21.857
 82    31.987 55098.59075490 29.01 112.389496  29.879530 21.857
 83    29.072 55133.59074743 29.25 112.392543  29.851565 17.479
 83    28.933 55133.59074808 28.01 112.391663  29.854845 17.479
 83    29.070 55133.59074872 28.11 112.390773  29.858135 17.479
 83    29.206 55133.59074936 31.42 112.389883  29.861425 17.479
 83    29.305 55133.59075001 37.53 112.388993  29.864705 17.479
 83    29.345 55133.59075065 43.72 112.388103  29.867995 17.479
 83    29.237 55133.59075130 34.96 112.387223  29.871285 17.479
 83    29.547 55133.59075194 46.20 112.386333  29.874575 17.479
 84    26.828 55168.59071372 32.37 112.395384  29.859157 25.052
 84    26.798 55168.59071436 30.36 112.394494  29.862447 25.052
 84    26.853 55168.59071501 27.60 112.393604  29.865727 25.052
 84    26.790 55168.59071565 41.31 112.392724  29.869017 25.052
 84    28.024 55168.59071630 26.11 112.391834  29.872307 25.052
 84    31.544 55168.59071694 23.17 112.390944  29.875587 25.052
 84    28.045 55168.59071758 37.02 112.390054  29.878877 25.052
 85    32.545 55203.59074033 23.44 112.392360  29.851074 11.609
 85    26.583 55203.59074097 22.95 112.391480  29.854354 11.609
 85    27.042 55203.59074162 23.72 112.390590  29.857644 11.609
 85    27.923 55203.59074226 21.62 112.389700  29.860934 11.609
 85    31.040 55203.59074291 21.63 112.388810  29.864214 11.609
 85    28.392 55203.59074355 24.57 112.387920  29.867504 11.609
 85    31.666 55203.59074420 22.59 112.387040  29.870794 11.609
 85    32.109 55203.59074484 25.00 112.386150  29.874084 11.609
 86    32.836 55238.59072043 26.10 112.394800  29.855754 26.414
 86    32.604 55238.59072108 19.23 112.393910  29.859044 26.414
 86    32.175 55238.59072172 16.56 112.393030  29.862324 26.414
 86    31.448 55238.59072236 16.81 112.392140  29.865614 26.414
 86    31.093 55238.59072301 20.28 112.391250  29.868904 26.414
 86    31.305 55238.59072365 20.64 112.390360  29.872184 26.414
 86    31.627 55238.59072430 21.95 112.389480  29.875474 26.414
 86    27.779 55238.59072494 35.63 112.388590  29.878764 26.414
 87    34.695 55273.59073402 23.86 112.394052  29.852250 19.806
 87    32.916 55273.59073467 19.91 112.393172  29.855530 19.806
 87    32.810 55273.59073531 19.53 112.392282  29.858820 19.806
 87    32.895 55273.59073596 17.21 112.391392  29.862110 19.806
 87    31.678 55273.59073660 19.64 112.390502  29.865390 19.806
 87    31.315 55273.59073725 19.15 112.389622  29.868680 19.806
 87    31.972 55273.59073789 20.69 112.388732  29.871970 19.806
 87    32.046 55273.59073854 24.20 112.387842  29.875250 19.806
 88    33.985 55308.59070448 28.67 112.395811  29.859649 18.229
 88    27.831 55308.59070512 28.15 112.394921  29.862939 18.229
 88    27.919 55308.59070577 28.27 112.394031  29.866229 18.229
 88    27.860 55308.59070641 29.87 112.393141  29.869509 18.229
 88    28.029 55308.59070706 26.31 112.392261  29.872799 18.229
 88    31.481 55308.59070770 26.00 112.391371  29.876089 18.229
 88    28.014 55308.59070835 42.53 112.390481  29.879379 18.229
 89    31.616 55343.59070353 43.71 112.394297  29.854118 19.438
 89    31.524 55343.59070418 40.69 112.393407  29.857408 19.438
 89    31.555 55343.59070482 38.57 112.392527  29.860688 19.438
 89    31.588 55343.59070547 36.82 112.391637  29.863978 19.438
 89    31.239 55343.59070611 33.28 112.390747  29.867268 19.438
 89    31.213 55343.59070676 31.23 112.389857  29.870548 19.438
 89    33.419 55343.59070740 29.48 112.388967  29.873838 19.438
 89    33.530 55343.59070804 30.68 112.388087  29.877128 19.438
 90    33.749 55378.59069815 28.95 112.394548  29.856397 21.905
 90    34.131 55378.59069879 21.18 112.393658  29.859687 21.905
 90    34.381 55378.59069944 15.79 112.392768  29.862977 21.905
 90    34.306 55378.59070008 17.60 112.391878  29.866257 21.905
 90    34.328 55378.59070073 17.76 112.390998  29.869547 21.905
 90    33.389 55378.59070137 19.15 112.390108  29.872837 21.905
 90    32.679 55378.59070202 25.01 112.389218  29.876127 21.905
 91    33.397 55413.59072223 24.98 112.392833  29.851813 14.421
 91    33.923 55413.59072287 22.81 112.391943  29.855103 14.421
 91    34.906 55413.59072352 19.43 112.391053  29.858393 14.421
 91    35.660 55413.59072416 16.51 112.390163  29.861673 14.421
 91    35.701 55413.59072481 16.53 112.389273  29.864963 14.421
 91    35.744 55413.59072545 17.55 112.388393  29.868253 14.421
 91    36.139 55413.59072610 19.11 112.387503  29.871533 14.421
 91    36.054 55413.59072674 24.27 112.386613  29.874823 14.421
 92    33.645 55448.59071191 23.86 112.394836  29.856622 23.817
 92    33.240 55448.59071255 22.53 112.393946  29.859912 23.817
 92    33.613 55448.59071320 21.64 112.393066  29.863192 23.817
 92    33.918 55448.59071384 20.74 112.392176  29.866482 23.817
 92    34.229 55448.59071449 21.27 112.391286  29.869772 23.817
 92    34.350 55448.59071513 21.46 112.390396  29.873052 23.817
 92    34.385 55448.59071578 23.00 112.389516  29.876342 23.817
 93    28.905 55483.59064000 34.02 112.397118  29.861652 21.427
 93    28.831 55483.59064064 32.42 112.396228  29.864942 21.427
 93    29.406 55483.59064129 31.32 112.395338  29.868232 21.427
 93    29.119 55483.59064193 36.94 112.394458  29.871512 21.427
 93    29.041 55483.59064258 31.35 112.393568  29.874802 21.427
 93    29.172 55483.59064322 29.99 112.392678  29.878092 21.427
 93    29.216 55483.59064387 48.69 112.391788  29.881372 21.427
