# NaN NaN NaN ;Mean Elev.(m), Avg Gradient(m/km), RMS Gradient(m/km) - SRTM1     
#    4.085  -0.245   0.936 ;Mean Elev.(m), Avg Gradient(m/km), RMS Gradient(m/km) - ASTER GDEM
#    0.016  -0.279   0.854 ;Mean Elev.(m), Avg Gradient(m/km), RMS Gradient(m/km) - GMTED2010 
  7     4.101 52471.09866087 32.53 119.905724  32.188130 25.245
  7     3.426 52471.09866152 28.16 119.904804  32.184850 25.245
  7     3.285 52471.09866216 27.33 119.903884  32.181560 25.245
  7     3.441 52471.09866281 25.03 119.902964  32.178280 25.245
  7     3.987 52471.09866345 23.73 119.902044  32.175000 25.245
  7     4.064 52471.09866410 22.89 119.901124  32.171710 25.245
  7     3.805 52471.09866474 24.19 119.900204  32.168430 25.245
  7     3.469 52471.09866539 25.51 119.899284  32.165150 25.245
  7     3.161 52471.09866603 26.66 119.898364  32.161860 25.245
  7     3.139 52471.09866668 26.48 119.897444  32.158580 25.245
  7     3.480 52471.09866732 23.64 119.896524  32.155290 25.245
  7     3.677 52471.09866797 22.92 119.895606  32.152016 21.840
  7     3.959 52471.09866861 22.41 119.894686  32.148726 21.840
  7     4.172 52471.09866926 21.32 119.893766  32.145446 21.840
  7     4.252 52471.09866990 22.12 119.892846  32.142156 21.840
  7     4.144 52471.09867054 25.32 119.891926  32.138876 21.840
  8    -2.864 52506.09864117 34.41 119.906310  32.186341 42.472
  8    -3.145 52506.09864182 27.94 119.905380  32.183061 42.472
  8    -3.460 52506.09864246 25.73 119.904465  32.179768 20.728
  8    -3.725 52506.09864311 28.08 119.903545  32.176488 20.728
  8    -3.292 52506.09864375 24.50 119.902625  32.173208 20.728
  8    -3.399 52506.09864440 25.28 119.901705  32.169918 20.728
  8    -3.421 52506.09864504 24.82 119.900785  32.166638 20.728
  8    -3.704 52506.09864569 24.93 119.899865  32.163358 20.728
  8    -3.932 52506.09864633 24.30 119.898945  32.160068 20.728
  8    -3.565 52506.09864698 22.32 119.898025  32.156788 20.728
  8    -3.576 52506.09864762 22.34 119.897105  32.153508 20.728
  8    -3.420 52506.09864826 21.55 119.896185  32.150218 20.728
  8    -3.230 52506.09864891 21.41 119.895265  32.146938 20.728
  8    -3.139 52506.09864955 22.36 119.894345  32.143648 20.728
  8    -3.160 52506.09865020 26.23 119.893425  32.140368 20.728
  8    -3.204 52506.09865084 31.96 119.892505  32.137088 20.728
  9     3.458 52541.09862853 35.14 119.910226  32.159527 26.252
  9     3.281 52541.09862917 29.97 119.909306  32.156247 26.252
  9     3.065 52541.09862982 28.28 119.908386  32.152957 26.252
  9     2.976 52541.09863046 22.26 119.907466  32.149677 26.252
  9     3.238 52541.09863111 21.00 119.906546  32.146397 26.252
  9     2.940 52541.09863175 20.49 119.905626  32.143107 26.252
  9     4.459 52541.09863240 20.15 119.904706  32.139827 26.252
  9     2.719 52541.09863304 20.98 119.903786  32.136547 26.252
  9     2.856 52541.09863369 20.15 119.902866  32.133257 26.252
  9     3.003 52541.09863433 22.74 119.901946  32.129977 26.252
  9     3.304 52541.09863498 23.04 119.901026  32.126697 26.252
  9     3.602 52541.09863562 26.66 119.900105  32.123403 35.057
  9     3.883 52541.09863627 31.24 119.899185  32.120123 35.057
  9     3.559 52541.09863691 37.42 119.898265  32.116843 35.057
 10     3.243 52576.09867070 35.31 119.906107  32.189388 39.101
 10     2.938 52576.09867134 32.29 119.905187  32.186108 39.101
 10     2.739 52576.09867199 26.96 119.904267  32.182828 39.101
 10     2.368 52576.09867263 24.75 119.903347  32.179546 22.758
 10     1.997 52576.09867327 26.97 119.902427  32.176256 22.758
 10     2.242 52576.09867392 22.83 119.901507  32.172976 22.758
 10     1.732 52576.09867456 23.63 119.900587  32.169686 22.758
 10     2.025 52576.09867521 20.94 119.899667  32.166406 22.758
 10     1.676 52576.09867585 21.77 119.898747  32.163126 22.758
 10     1.499 52576.09867650 21.04 119.897827  32.159836 22.758
 10     1.532 52576.09867714 21.39 119.896907  32.156556 22.758
 10     2.226 52576.09867779 19.01 119.895987  32.153276 22.758
 10     2.509 52576.09867843 19.68 119.895067  32.149986 22.758
 10     3.025 52576.09867908 19.48 119.894147  32.146706 22.758
 10     3.003 52576.09867972 22.20 119.893227  32.143416 22.758
 10     2.598 52576.09868037 30.54 119.892307  32.140136 22.758
 10     2.527 52576.09868101 33.11 119.891387  32.136856 22.758
 11     2.801 52611.09863355 32.12 119.905754  32.185228 18.652
 11     2.538 52611.09863420 29.33 119.904834  32.181938 18.652
 11     2.363 52611.09863484 26.82 119.903914  32.178658 18.652
 11     2.073 52611.09863549 25.51 119.902994  32.175378 18.652
 11     1.997 52611.09863613 23.11 119.902074  32.172088 18.652
 11     2.023 52611.09863678 23.33 119.901154  32.168808 18.652
 11     2.166 52611.09863742 21.09 119.900234  32.165528 18.652
 11     1.576 52611.09863807 21.55 119.899314  32.162238 18.652
 11     1.274 52611.09863871 22.50 119.898394  32.158958 18.652
 11     1.462 52611.09863935 21.13 119.897474  32.155668 18.652
 11     1.751 52611.09864000 21.48 119.896554  32.152388 18.652
 11     2.340 52611.09864064 20.35 119.895634  32.149108 18.652
 11     2.627 52611.09864129 21.14 119.894714  32.145818 18.652
 11     2.549 52611.09864193 22.70 119.893794  32.142538 18.652
 11     2.410 52611.09864258 30.89 119.892874  32.139258 18.652
 11     2.374 52611.09864322 34.41 119.891954  32.135968 18.652
 12     2.126 52646.09862305 33.81 119.907152  32.173903 15.794
 12     1.978 52646.09862369 33.76 119.906232  32.170623 15.794
 12     2.141 52646.09862434 28.13 119.905312  32.167333 15.794
 12     1.872 52646.09862498 25.42 119.904392  32.164053 15.794
 12     1.717 52646.09862563 23.46 119.903472  32.160773 15.794
 12     1.553 52646.09862627 23.56 119.902552  32.157483 15.794
 12     1.668 52646.09862692 22.62 119.901632  32.154203 15.794
 12     1.682 52646.09862756 22.32 119.900712  32.150913 15.794
 12     1.814 52646.09862821 22.00 119.899792  32.147633 15.794
 12     1.817 52646.09862885 22.31 119.898872  32.144353 15.794
 12     1.940 52646.09862949 22.98 119.897952  32.141063 15.794
 12     2.049 52646.09863014 23.55 119.897032  32.137783 15.794
 12     2.025 52646.09863078 27.42 119.896112  32.134503 15.794
 12     2.056 52646.09863143 29.36 119.895192  32.131213 15.794
 12     2.140 52646.09863207 31.67 119.894272  32.127933 15.794
 13     1.575 52681.09859781 28.71 119.908101  32.163406 19.605
 13     1.595 52681.09859846 26.05 119.907181  32.160126 19.605
 13     2.050 52681.09859910 23.15 119.906261  32.156846 19.605
 13     2.418 52681.09859975 19.94 119.905341  32.153556 19.605
 13     2.580 52681.09860039 18.46 119.904421  32.150276 19.605
 13     2.671 52681.09860104 17.94 119.903501  32.146996 19.605
 13     4.852 52681.09860168 17.48 119.902581  32.143706 19.605
 13     2.064 52681.09860233 19.12 119.901661  32.140426 19.605
 13     1.698 52681.09860297 20.68 119.900741  32.137136 19.605
 13     1.801 52681.09860362 20.85 119.899821  32.133856 19.605
 13     2.151 52681.09860426 23.11 119.898901  32.130576 19.605
 13     2.198 52681.09860490 30.21 119.897981  32.127286 19.605
 13     3.202 52681.09860555 34.72 119.897061  32.124006 19.605
 15     3.752 52751.09866943 31.51 119.900750  32.206640 33.702
 15     3.507 52751.09867007 25.30 119.899830  32.203350 33.702
 15     3.449 52751.09867072 24.30 119.898910  32.200070 33.702
 15     3.227 52751.09867136 22.85 119.897980  32.196790 33.702
 15     3.112 52751.09867201 20.19 119.897064  32.193497 18.834
 15     2.639 52751.09867265 20.32 119.896144  32.190217 18.834
 15     2.168 52751.09867330 21.49 119.895224  32.186937 18.834
 15     2.194 52751.09867394 21.11 119.894304  32.183647 18.834
 15     2.133 52751.09867459 21.36 119.893384  32.180367 18.834
 15     2.489 52751.09867523 21.01 119.892464  32.177087 18.834
 15     2.785 52751.09867588 21.12 119.891544  32.173797 18.834
 15     3.122 52751.09867652 20.89 119.890624  32.170517 18.834
 15     3.245 52751.09867716 20.98 119.889704  32.167237 18.834
 15     3.251 52751.09867781 22.64 119.888784  32.163947 18.834
 15     3.431 52751.09867845 23.64 119.887864  32.160667 18.834
 15     3.487 52751.09867910 28.29 119.886944  32.157377 18.834
 15     2.418 52751.09867974 35.38 119.886024  32.154097 18.834
 16     3.327 52786.09861939 33.77 119.907634  32.170844 22.278
 16     3.115 52786.09862003 31.86 119.906714  32.167564 22.278
 16     2.966 52786.09862068 27.13 119.905794  32.164284 22.278
 16     2.629 52786.09862132 25.36 119.904874  32.160994 22.278
 16     2.570 52786.09862197 21.86 119.903954  32.157714 22.278
 16     2.451 52786.09862261 21.51 119.903034  32.154424 22.278
 16     2.439 52786.09862326 19.26 119.902114  32.151144 22.278
 16     2.327 52786.09862390 19.20 119.901194  32.147864 22.278
 16     2.365 52786.09862455 19.03 119.900274  32.144574 22.278
 16     2.433 52786.09862519 20.08 119.899354  32.141294 22.278
 16     2.247 52786.09862584 23.45 119.898434  32.138014 22.278
 16     2.693 52786.09862648 24.94 119.897514  32.134724 22.278
 16     2.507 52786.09862712 29.18 119.896594  32.131444 22.278
 16     2.609 52786.09862777 33.56 119.895674  32.128164 22.278
 17     3.890 52821.09869319 32.17 119.907515  32.172277 22.190
 17     3.637 52821.09869383 31.95 119.906595  32.168987 22.190
 17     3.450 52821.09869448 31.04 119.905675  32.165707 22.190
 17     3.392 52821.09869512 30.80 119.904755  32.162427 22.190
 17     3.331 52821.09869576 27.98 119.903835  32.159137 22.190
 17     3.145 52821.09869641 27.60 119.902915  32.155857 22.190
 17     3.025 52821.09869705 25.58 119.901995  32.152567 22.190
 17     2.768 52821.09869770 25.25 119.901075  32.149287 22.190
 17     2.519 52821.09869834 24.00 119.900155  32.146007 22.190
 17     2.727 52821.09869899 23.96 119.899235  32.142717 22.190
 17     3.392 52821.09869963 24.66 119.898315  32.139437 22.190
 17     3.264 52821.09870028 27.58 119.897395  32.136157 22.190
 17     2.477 52821.09870092 31.58 119.896475  32.132867 22.190
 17     2.726 52821.09870157 37.48 119.895555  32.129587 22.190
 18     4.068 52856.09874169 25.31 119.908138  32.167817 15.679
 18     3.893 52856.09874234 20.45 119.907218  32.164537 15.679
 18     3.864 52856.09874298 20.66 119.906298  32.161257 15.679
 18     3.896 52856.09874363 20.18 119.905378  32.157967 15.679
 18     3.757 52856.09874427 20.16 119.904458  32.154687 15.679
 18     3.544 52856.09874491 20.52 119.903538  32.151397 15.679
 18     3.231 52856.09874556 20.67 119.902618  32.148117 15.679
 18     3.237 52856.09874620 19.82 119.901698  32.144837 15.679
 18     3.499 52856.09874685 19.62 119.900778  32.141547 15.679
 18     3.761 52856.09874749 21.08 119.899858  32.138267 15.679
 18     3.803 52856.09874814 24.00 119.898938  32.134987 15.679
 18     3.922 52856.09874878 26.25 119.898018  32.131697 15.679
 18     4.064 52856.09874943 32.94 119.897098  32.128417 15.679
 18     4.127 52856.09875007 39.91 119.896178  32.125137 15.679
 19     3.524 52891.09877056 33.12 119.905942  32.188099 18.368
 19     3.230 52891.09877121 28.67 119.905022  32.184819 18.368
 19     2.902 52891.09877185 25.28 119.904102  32.181539 18.368
 19     2.828 52891.09877250 27.84 119.903182  32.178249 18.368
 19     2.750 52891.09877314 27.29 119.902262  32.174969 18.368
 19     2.986 52891.09877379 23.28 119.901342  32.171689 18.368
 19     2.874 52891.09877443 24.14 119.900422  32.168399 18.368
 19     2.682 52891.09877508 21.96 119.899502  32.165119 18.368
 19     2.440 52891.09877572 22.09 119.898582  32.161839 18.368
 19     2.642 52891.09877637 20.27 119.897662  32.158549 18.368
 19     2.734 52891.09877701 20.63 119.896742  32.155269 18.368
 19     2.797 52891.09877766 20.23 119.895822  32.151979 18.368
 19     3.085 52891.09877830 20.42 119.894902  32.148699 18.368
 19     3.299 52891.09877895 21.83 119.893982  32.145419 18.368
 19     3.303 52891.09877959 22.52 119.893062  32.142129 18.368
 19     2.828 52891.09878023 32.54 119.892142  32.138849 18.368
 20     3.368 52926.09872294 29.53 119.904526  32.190555 41.678
 20     3.184 52926.09872359 27.34 119.903605  32.187271 17.284
 20     3.041 52926.09872423 24.42 119.902685  32.183991 17.284
 20     2.767 52926.09872488 24.19 119.901765  32.180711 17.284
 20     2.679 52926.09872552 24.71 119.900845  32.177421 17.284
 20     2.751 52926.09872617 22.98 119.899925  32.174141 17.284
 20     2.811 52926.09872681 21.04 119.899005  32.170861 17.284
 20     2.618 52926.09872746 20.72 119.898085  32.167571 17.284
 20     2.340 52926.09872810 20.16 119.897165  32.164291 17.284
 20     2.264 52926.09872874 20.68 119.896245  32.161011 17.284
 20     2.735 52926.09872939 20.29 119.895325  32.157721 17.284
 20     2.843 52926.09873003 20.83 119.894405  32.154441 17.284
 20     2.995 52926.09873068 21.25 119.893485  32.151151 17.284
 20     3.146 52926.09873132 22.25 119.892565  32.147871 17.284
 20     3.349 52926.09873197 23.94 119.891645  32.144591 17.284
 20     3.238 52926.09873261 30.31 119.890725  32.141301 17.284
 21     2.321 52961.09869762 27.40 119.910316  32.153887 24.493
 21     1.538 52961.09869827 24.63 119.909396  32.150597 24.493
 21     1.517 52961.09869891 21.06 119.908476  32.147317 24.493
 21     3.298 52961.09869956 17.74 119.907556  32.144037 24.493
 21     5.047 52961.09870020 18.88 119.906636  32.140747 24.493
 21     1.978 52961.09870085 20.04 119.905716  32.137467 24.493
 21     1.535 52961.09870149 20.96 119.904796  32.134187 24.493
 21     1.610 52961.09870214 21.17 119.903876  32.130897 24.493
 21     2.284 52961.09870278 20.65 119.902956  32.127617 24.493
 21     2.835 52961.09870343 21.87 119.902036  32.124337 24.493
 21     3.230 52961.09870407 25.37 119.901117  32.121054 35.179
 21     3.022 52961.09870472 28.94 119.900197  32.117764 35.179
 21     2.427 52961.09870536 36.42 119.899277  32.114484 35.179
 22     2.210 52996.09873127 37.06 119.906769  32.181054 22.517
 22     2.127 52996.09873192 34.56 119.905849  32.177764 22.517
 22     2.024 52996.09873256 29.16 119.904929  32.174484 22.517
 22     1.875 52996.09873320 27.61 119.904009  32.171204 22.517
 22     1.288 52996.09873385 24.68 119.903089  32.167914 22.517
 22     1.487 52996.09873449 22.17 119.902169  32.164634 22.517
 22     1.173 52996.09873514 22.86 119.901249  32.161344 22.517
 22     0.940 52996.09873578 23.50 119.900329  32.158064 22.517
 22     1.132 52996.09873643 21.38 119.899409  32.154784 22.517
 22     1.373 52996.09873707 20.60 119.898489  32.151494 22.517
 22     1.699 52996.09873772 20.78 119.897569  32.148214 22.517
 22     2.393 52996.09873836 20.71 119.896649  32.144934 22.517
 22     2.456 52996.09873901 20.70 119.895729  32.141644 22.517
 22     2.133 52996.09873965 25.95 119.894809  32.138364 22.517
 22     2.216 52996.09874030 29.90 119.893889  32.135084 22.517
 22     2.289 52996.09874094 41.71 119.892974  32.131801 36.816
 23     2.196 53031.09869169 33.82 119.905726  32.190879 16.216
 23     2.085 53031.09869234 32.32 119.904806  32.187599 16.216
 23     1.875 53031.09869298 30.20 119.903886  32.184309 16.216
 23     1.803 53031.09869363 29.88 119.902966  32.181029 16.216
 23     1.739 53031.09869427 28.18 119.902046  32.177749 16.216
 23     1.602 53031.09869492 27.22 119.901126  32.174459 16.216
 23     1.449 53031.09869556 25.46 119.900206  32.171179 16.216
 23     1.146 53031.09869621 25.79 119.899286  32.167899 16.216
 23     0.866 53031.09869685 23.47 119.898366  32.164609 16.216
 23     1.138 53031.09869750 22.23 119.897446  32.161329 16.216
 23     1.423 53031.09869814 21.57 119.896526  32.158039 16.216
 23     1.634 53031.09869879 22.21 119.895606  32.154759 16.216
 23     1.860 53031.09869943 24.47 119.894686  32.151479 16.216
 23     2.344 53031.09870007 24.63 119.893766  32.148189 16.216
 23     2.571 53031.09870072 25.72 119.892846  32.144909 16.216
 23     2.561 53031.09870136 29.60 119.891926  32.141629 16.216
 23     2.429 53031.09870201 32.08 119.891006  32.138339 16.216
 24     1.801 53066.09870392 29.58 119.907855  32.165115 21.953
 24     1.314 53066.09870457 27.68 119.906935  32.161835 21.953
 24     1.060 53066.09870521 26.62 119.906015  32.158545 21.953
 24     0.864 53066.09870586 20.66 119.905095  32.155265 21.953
 24     1.935 53066.09870650 20.02 119.904175  32.151985 21.953
 24     1.646 53066.09870715 19.27 119.903255  32.148695 21.953
 24     1.808 53066.09870779 18.79 119.902335  32.145415 21.953
 24     4.303 53066.09870844 18.82 119.901415  32.142135 21.953
 24     1.742 53066.09870908 20.24 119.900495  32.138845 21.953
 24     1.777 53066.09870973 21.92 119.899575  32.135565 21.953
 24     2.238 53066.09871037 22.53 119.898655  32.132285 21.953
 24     2.177 53066.09871102 28.58 119.897739  32.128992 35.811
 24     2.454 53066.09871166 35.29 119.896819  32.125712 35.811
 25     2.252 53101.09869881 31.78 119.903658  32.195440 35.884
 25     1.900 53101.09869945 26.50 119.902738  32.192150 35.884
 25     1.831 53101.09870009 28.59 119.901818  32.188870 35.884
 25     1.698 53101.09870074 25.83 119.900898  32.185580 35.884
 25     1.709 53101.09870138 22.54 119.899978  32.182305 19.988
 25     1.744 53101.09870203 21.99 119.899058  32.179015 19.988
 25     1.632 53101.09870267 22.43 119.898138  32.175735 19.988
 25     1.689 53101.09870332 21.63 119.897218  32.172445 19.988
 25     1.421 53101.09870396 22.45 119.896298  32.169165 19.988
 25     1.497 53101.09870461 22.41 119.895378  32.165885 19.988
 25     1.750 53101.09870525 20.63 119.894458  32.162595 19.988
 25     1.830 53101.09870590 20.68 119.893538  32.159315 19.988
 25     1.931 53101.09870654 22.55 119.892618  32.156035 19.988
 25     2.103 53101.09870719 22.40 119.891698  32.152745 19.988
 25     2.307 53101.09870783 23.40 119.890778  32.149465 19.988
 25     2.802 53101.09870848 29.11 119.889858  32.146175 19.988
 25     2.665 53101.09870912 34.91 119.888938  32.142895 19.988
 26     3.244 53136.09870551 32.48 119.909125  32.162055 21.720
 26     3.091 53136.09870615 28.82 119.908205  32.158765 21.720
 26     2.908 53136.09870680 26.66 119.907285  32.155485 21.720
 26     2.882 53136.09870744 21.39 119.906365  32.152205 21.720
 26     2.799 53136.09870809 21.62 119.905445  32.148915 21.720
 26     2.771 53136.09870873 19.79 119.904525  32.145635 21.720
 26     2.617 53136.09870938 19.90 119.903605  32.142355 21.720
 26     2.518 53136.09871002 20.32 119.902685  32.139065 21.720
 26     2.369 53136.09871067 21.65 119.901765  32.135785 21.720
 26     2.812 53136.09871131 22.06 119.900845  32.132505 21.720
 26     2.775 53136.09871196 25.30 119.899928  32.129221 36.601
 26     3.036 53136.09871260 27.41 119.899008  32.125931 36.601
 26     2.880 53136.09871325 40.11 119.898088  32.122651 36.601
 26     2.808 53136.09871389 48.38 119.897168  32.119361 36.601
 27     2.852 53171.09875437 35.60 119.906760  32.183295 17.969
 27     2.719 53171.09875501 30.61 119.905840  32.180015 17.969
 27     2.441 53171.09875565 31.05 119.904920  32.176725 17.969
 27     2.356 53171.09875630 27.98 119.904000  32.173445 17.969
 27     2.334 53171.09875694 26.42 119.903080  32.170165 17.969
 27     2.449 53171.09875759 22.88 119.902160  32.166875 17.969
 27     2.152 53171.09875823 23.62 119.901240  32.163595 17.969
 27     2.035 53171.09875888 23.48 119.900320  32.160315 17.969
 27     1.580 53171.09875952 23.81 119.899400  32.157025 17.969
 27     1.572 53171.09876017 24.67 119.898480  32.153745 17.969
 27     1.524 53171.09876081 24.62 119.897560  32.150455 17.969
 27     1.091 53171.09876146 27.91 119.896640  32.147175 17.969
 27     2.576 53171.09876210 26.35 119.895720  32.143895 17.969
 27     2.639 53171.09876275 28.20 119.894800  32.140605 17.969
 27     2.608 53171.09876339 32.62 119.893880  32.137325 17.969
 27     2.628 53171.09876404 36.40 119.892960  32.134045 17.969
 28     3.270 53206.09876716 33.89 119.906683  32.185138 32.841
 28     3.012 53206.09876780 32.05 119.905763  32.181848 32.841
 28     2.743 53206.09876845 29.58 119.904843  32.178568 32.841
 28     3.048 53206.09876909 27.44 119.903923  32.175288 32.841
 28     3.323 53206.09876974 24.68 119.903003  32.171998 32.841
 28     3.313 53206.09877038 24.55 119.902083  32.168718 32.841
 28     3.085 53206.09877103 26.21 119.901163  32.165438 32.841
 28     2.817 53206.09877167 27.23 119.900243  32.162148 32.841
 28     2.490 53206.09877232 26.69 119.899323  32.158868 32.841
 28     2.396 53206.09877296 23.50 119.898403  32.155588 32.841
 28     2.383 53206.09877361 22.32 119.897484  32.152295 34.547
 28     2.640 53206.09877425 22.76 119.896564  32.149015 34.547
 28     3.206 53206.09877490 21.68 119.895644  32.145735 34.547
 28     3.354 53206.09877554 21.96 119.894724  32.142445 34.547
 28     3.119 53206.09877619 27.90 119.893804  32.139165 34.547
 28     3.285 53206.09877683 32.24 119.892884  32.135885 34.547
 29     3.379 53241.09873719 31.30 119.907174  32.173065 20.932
 29     3.593 53241.09873783 27.56 119.906254  32.169775 20.932
 29     3.311 53241.09873848 25.51 119.905334  32.166495 20.932
 29     3.190 53241.09873912 25.29 119.904414  32.163215 20.932
 29     2.917 53241.09873977 24.19 119.903494  32.159925 20.932
 29     2.887 53241.09874041 22.49 119.902574  32.156645 20.932
 29     2.704 53241.09874105 21.28 119.901654  32.153355 20.932
 29     2.473 53241.09874170 21.78 119.900734  32.150075 20.932
 29     2.461 53241.09874234 21.17 119.899814  32.146795 20.932
 29     2.932 53241.09874299 19.40 119.898894  32.143505 20.932
 29     3.022 53241.09874363 20.39 119.897974  32.140225 20.932
 29     3.231 53241.09874428 22.68 119.897054  32.136945 20.932
 29     3.048 53241.09874492 29.10 119.896134  32.133655 20.932
 29     3.309 53241.09874557 31.99 119.895214  32.130375 20.932
 30     3.065 53276.09870803 28.55 119.908724  32.164638 27.787
 30     2.912 53276.09870868 29.15 119.907804  32.161348 27.787
 30     2.825 53276.09870932 25.94 119.906884  32.158068 27.787
 30     2.832 53276.09870997 23.11 119.905964  32.154788 27.787
 30     2.739 53276.09871061 22.46 119.905044  32.151498 27.787
 30     2.539 53276.09871125 20.00 119.904124  32.148218 27.787
 30     2.599 53276.09871190 19.26 119.903204  32.144938 27.787
 30     2.524 53276.09871254 18.97 119.902274  32.141648 27.787
 30     2.283 53276.09871319 20.67 119.901364  32.138368 27.787
 30     2.596 53276.09871383 20.72 119.900434  32.135088 27.787
 30     3.035 53276.09871448 22.41 119.899518  32.131795 34.666
 30     3.103 53276.09871512 27.09 119.898598  32.128515 34.666
 30     3.380 53276.09871577 31.06 119.897678  32.125235 34.666
 30     3.583 53276.09871641 45.18 119.896758  32.121945 34.666
 31     2.847 53311.09874693 32.17 119.905962  32.184771 22.203
 31     2.700 53311.09874757 28.18 119.905042  32.181491 22.203
 31     2.496 53311.09874822 28.17 119.904122  32.178211 22.203
 31     2.551 53311.09874886 24.49 119.903202  32.174921 22.203
 31     2.298 53311.09874950 25.09 119.902282  32.171641 22.203
 31     1.941 53311.09875015 24.81 119.901362  32.168361 22.203
 31     1.926 53311.09875079 22.85 119.900442  32.165071 22.203
 31     1.649 53311.09875144 23.69 119.899522  32.161791 22.203
 31     1.350 53311.09875208 23.42 119.898602  32.158511 22.203
 31     1.704 53311.09875273 22.37 119.897682  32.155221 22.203
 31     1.788 53311.09875337 22.30 119.896762  32.151941 22.203
 31     2.242 53311.09875402 20.96 119.895842  32.148651 22.203
 31     2.538 53311.09875466 20.97 119.894922  32.145371 22.203
 31     2.532 53311.09875531 22.76 119.894002  32.142091 22.203
 31     2.410 53311.09875595 28.97 119.893082  32.138801 22.203
 31     2.368 53311.09875660 34.34 119.892162  32.135521 22.203
 32     2.538 53346.09871361 37.32 119.907086  32.180936 19.388
 32     2.707 53346.09871426 33.91 119.906166  32.177656 19.388
 32     3.035 53346.09871490 27.55 119.905246  32.174366 19.388
 32     3.045 53346.09871555 23.90 119.904326  32.171086 19.388
 32     2.202 53346.09871619 23.71 119.903406  32.167806 19.388
 32     2.052 53346.09871683 23.00 119.902486  32.164516 19.388
 32     1.522 53346.09871748 22.68 119.901566  32.161236 19.388
 32     1.065 53346.09871812 22.93 119.900646  32.157956 19.388
 32     0.948 53346.09871877 22.10 119.899726  32.154666 19.388
 32     1.347 53346.09871941 20.77 119.898806  32.151386 19.388
 32     1.514 53346.09872006 20.82 119.897886  32.148096 19.388
 32     2.267 53346.09872070 20.78 119.896966  32.144816 19.388
 32     2.306 53346.09872135 20.10 119.896046  32.141536 19.388
 32     2.253 53346.09872199 25.95 119.895126  32.138246 19.388
 32     2.382 53346.09872264 28.86 119.894206  32.134966 19.388
 32     2.247 53346.09872328 38.32 119.893286  32.131686 19.388
 33     1.417 53381.09867358 31.65 119.909070  32.162415 20.833
 33     1.507 53381.09867422 28.53 119.908150  32.159125 20.833
 33     1.657 53381.09867487 25.39 119.907230  32.155845 20.833
 33     2.497 53381.09867551 21.24 119.906310  32.152565 20.833
 33     2.505 53381.09867616 20.62 119.905390  32.149275 20.833
 33     1.479 53381.09867680 21.12 119.904470  32.145995 20.833
 33     1.429 53381.09867745 20.14 119.903550  32.142715 20.833
 33     1.245 53381.09867809 20.76 119.902630  32.139425 20.833
 33     1.425 53381.09867874 21.70 119.901710  32.136145 20.833
 33     1.652 53381.09867938 21.26 119.900790  32.132865 20.833
 33     1.914 53381.09868002 24.36 119.899866  32.129572 35.009
 33     2.205 53381.09868067 27.94 119.898946  32.126292 35.009
 33     2.432 53381.09868131 36.10 119.898026  32.123012 35.009
 33     2.448 53381.09868196 41.25 119.897106  32.119722 35.009
 34     2.509 53416.09869435 31.05 119.909085  32.165269 19.256
 34     2.497 53416.09869500 30.04 119.908165  32.161989 19.256
 34     2.384 53416.09869564 25.48 119.907245  32.158709 19.256
 34     2.635 53416.09869629 23.66 119.906325  32.155419 19.256
 34     2.832 53416.09869693 21.47 119.905405  32.152139 19.256
 34     2.796 53416.09869758 21.47 119.904485  32.148849 19.256
 34     2.703 53416.09869822 21.06 119.903565  32.145569 19.256
 34     4.892 53416.09869886 21.79 119.902645  32.142289 19.256
 34     4.666 53416.09869951 21.88 119.901725  32.138999 19.256
 34     1.990 53416.09870015 23.31 119.900805  32.135719 19.256
 34     3.015 53416.09870080 22.66 119.899885  32.132439 19.256
 34     2.255 53416.09870144 27.41 119.898965  32.129149 19.256
 34     2.306 53416.09870209 30.95 119.898045  32.125869 19.256
 34     2.487 53416.09870273 41.52 119.897125  32.122579 19.256
 35     1.410 53451.09869152 29.70 119.909076  32.162088 20.622
 35     1.128 53451.09869216 28.04 119.908156  32.158808 20.622
 35     2.530 53451.09869281 23.93 119.907236  32.155518 20.622
 35     2.922 53451.09869345 20.84 119.906316  32.152238 20.622
 35     2.753 53451.09869410 21.20 119.905396  32.148958 20.622
 35     2.632 53451.09869474 20.78 119.904476  32.145668 20.622
 35     2.532 53451.09869539 20.06 119.903556  32.142388 20.622
 35     2.050 53451.09869603 21.71 119.902636  32.139108 20.622
 35     1.608 53451.09869667 22.16 119.901716  32.135818 20.622
 35     2.513 53451.09869732 21.89 119.900796  32.132538 20.622
 35     2.244 53451.09869796 24.22 119.899876  32.129258 20.622
 35     2.394 53451.09869861 27.69 119.898951  32.125966 38.090
 35     2.516 53451.09869925 39.33 119.898031  32.122686 38.090
 36     2.789 53486.09877107 29.36 119.904085  32.192204 16.292
 36     2.617 53486.09877172 27.90 119.903155  32.188924 16.292
 36     2.283 53486.09877236 24.67 119.902235  32.185644 16.292
 36     2.220 53486.09877300 21.69 119.901315  32.182354 16.292
 36     2.359 53486.09877365 21.69 119.900395  32.179074 16.292
 36     2.436 53486.09877429 21.36 119.899475  32.175794 16.292
 36     2.154 53486.09877494 20.92 119.898555  32.172504 16.292
 36     1.807 53486.09877558 20.78 119.897635  32.169224 16.292
 36     1.617 53486.09877623 20.83 119.896715  32.165944 16.292
 36     1.308 53486.09877687 22.88 119.895795  32.162654 16.292
 36     1.855 53486.09877752 21.49 119.894875  32.159374 16.292
 36     1.972 53486.09877816 21.38 119.893955  32.156084 16.292
 36     2.166 53486.09877881 21.46 119.893035  32.152804 16.292
 36     2.635 53486.09877945 20.94 119.892115  32.149524 16.292
 36     2.860 53486.09878010 24.51 119.891195  32.146234 16.292
 36     2.900 53486.09878074 29.46 119.890275  32.142954 16.292
 37     3.564 53521.09876797 31.86 119.907364  32.173585 23.011
 37     3.323 53521.09876861 27.20 119.906444  32.170305 23.011
 37     3.196 53521.09876925 24.58 119.905524  32.167025 23.011
 37     2.954 53521.09876990 27.06 119.904604  32.163735 23.011
 37     2.849 53521.09877054 24.65 119.903684  32.160455 23.011
 37     2.791 53521.09877119 22.78 119.902764  32.157175 23.011
 37     2.638 53521.09877183 21.44 119.901844  32.153885 23.011
 37     2.381 53521.09877248 20.81 119.900924  32.150605 23.011
 37     2.403 53521.09877312 20.28 119.900004  32.147315 23.011
 37     2.587 53521.09877377 20.23 119.899084  32.144035 23.011
 37     2.858 53521.09877441 20.25 119.898164  32.140755 23.011
 37     3.115 53521.09877506 21.54 119.897244  32.137465 23.011
 37     2.491 53521.09877570 27.18 119.896324  32.134185 23.011
 37     2.496 53521.09877635 31.15 119.895404  32.130895 23.011
 37     2.188 53521.09877699 39.68 119.894484  32.127615 23.011
 38     3.208 53556.09878866 27.95 119.903353  32.193171 42.568
 38     3.037 53556.09878931 25.83 119.902433  32.189891 42.568
 38     2.718 53556.09878995 23.48 119.901514  32.186599 16.735
 38     2.280 53556.09879060 23.26 119.900594  32.183319 16.735
 38     2.222 53556.09879124 21.80 119.899674  32.180039 16.735
 38     2.352 53556.09879189 20.29 119.898754  32.176749 16.735
 38     2.101 53556.09879253 21.52 119.897834  32.173469 16.735
 38     1.846 53556.09879318 20.68 119.896914  32.170189 16.735
 38     1.839 53556.09879382 20.10 119.895994  32.166899 16.735
 38     1.899 53556.09879446 21.50 119.895074  32.163619 16.735
 38     2.197 53556.09879511 21.95 119.894154  32.160339 16.735
 38     2.222 53556.09879575 23.91 119.893234  32.157049 16.735
 38     2.462 53556.09879640 25.86 119.892314  32.153769 16.735
 38     2.524 53556.09879704 28.18 119.891394  32.150479 16.735
 38     3.087 53556.09879769 29.08 119.890474  32.147199 16.735
 38     3.187 53556.09879833 30.44 119.889554  32.143919 16.735
 39     3.912 53591.09873351 33.67 119.908158  32.166657 21.538
 39     3.689 53591.09873416 33.82 119.907238  32.163377 21.538
 39     3.599 53591.09873480 31.13 119.906318  32.160087 21.538
 39     3.501 53591.09873545 27.09 119.905398  32.156807 21.538
 39     3.378 53591.09873609 25.93 119.904478  32.153527 21.538
 39     3.005 53591.09873674 25.19 119.903558  32.150237 21.538
 39     3.033 53591.09873738 22.17 119.902638  32.146957 21.538
 39     2.789 53591.09873803 22.09 119.901718  32.143667 21.538
 39     3.007 53591.09873867 21.59 119.900798  32.140387 21.538
 39     3.517 53591.09873931 22.16 119.899878  32.137107 21.538
 39     3.652 53591.09873996 24.07 119.898958  32.133817 21.538
 39     3.877 53591.09874060 26.97 119.898038  32.130537 21.538
 39     4.060 53591.09874125 30.97 119.897118  32.127257 21.538
 39     3.826 53591.09874189 41.24 119.896198  32.123967 21.538
 40     3.314 53626.09871581 35.00 119.906471  32.183782 39.108
 40     3.271 53626.09871646 32.68 119.905551  32.180492 39.108
 40     3.175 53626.09871710 28.94 119.904631  32.177212 39.108
 40     3.286 53626.09871775 25.79 119.903711  32.173932 39.108
 40     3.354 53626.09871839 22.14 119.902794  32.170640 21.425
 40     3.181 53626.09871904 23.67 119.901864  32.167360 21.425
 40     2.921 53626.09871968 23.48 119.900944  32.164080 21.425
 40     2.669 53626.09872033 23.24 119.900024  32.160790 21.425
 40     2.312 53626.09872097 22.20 119.899104  32.157510 21.425
 40     2.329 53626.09872161 21.07 119.898184  32.154230 21.425
 40     2.996 53626.09872226 20.71 119.897264  32.150940 21.425
 40     3.229 53626.09872290 20.75 119.896344  32.147660 21.425
 40     3.395 53626.09872355 21.08 119.895424  32.144380 21.425
 40     3.427 53626.09872419 22.28 119.894504  32.141090 21.425
 40     2.937 53626.09872484 28.92 119.893584  32.137810 21.425
 40     3.649 53626.09872548 31.54 119.892664  32.134520 21.425
 41     2.812 53661.09874221 37.81 119.906952  32.182064 22.466
 41     2.897 53661.09874285 32.58 119.906032  32.178784 22.466
 41     3.181 53661.09874350 28.22 119.905112  32.175504 22.466
 41     3.100 53661.09874414 25.71 119.904192  32.172214 22.466
 41     3.047 53661.09874479 23.26 119.903272  32.168934 22.466
 41     2.734 53661.09874543 24.69 119.902352  32.165654 22.466
 41     2.591 53661.09874607 23.64 119.901432  32.162364 22.466
 41     2.331 53661.09874672 23.05 119.900512  32.159084 22.466
 41     2.218 53661.09874736 21.29 119.899592  32.155794 22.466
 41     2.157 53661.09874801 20.24 119.898672  32.152514 22.466
 41     2.437 53661.09874865 20.31 119.897752  32.149234 22.466
 41     2.799 53661.09874930 20.20 119.896832  32.145944 22.466
 41     3.092 53661.09874994 20.44 119.895912  32.142664 22.466
 41     3.085 53661.09875059 22.81 119.894992  32.139384 22.466
 41     2.582 53661.09875123 28.65 119.894072  32.136094 22.466
 41     2.486 53661.09875188 39.67 119.893152  32.132814 22.466
 42     2.456 53696.09871214 32.90 119.906105  32.183795 19.663
 42     2.464 53696.09871278 28.03 119.905185  32.180515 19.663
 42     2.808 53696.09871343 28.95 119.904265  32.177235 19.663
 42     2.398 53696.09871407 22.19 119.903345  32.173945 19.663
 42     2.121 53696.09871472 22.34 119.902425  32.170665 19.663
 42     2.066 53696.09871536 21.67 119.901505  32.167385 19.663
 42     1.939 53696.09871601 22.30 119.900585  32.164095 19.663
 42     1.794 53696.09871665 22.99 119.899665  32.160815 19.663
 42     1.475 53696.09871730 24.00 119.898745  32.157535 19.663
 42     2.028 53696.09871794 21.83 119.897825  32.154245 19.663
 42     2.056 53696.09871859 20.87 119.896905  32.150965 19.663
 42     2.408 53696.09871923 20.51 119.895985  32.147675 19.663
 42     2.637 53696.09871988 20.73 119.895065  32.144395 19.663
 42     2.518 53696.09872052 22.34 119.894145  32.141115 19.663
 42     2.245 53696.09872116 31.88 119.893225  32.137825 19.663
 42     2.375 53696.09872181 36.56 119.892305  32.134545 19.663
 43     2.616 53731.09863606 32.20 119.906405  32.177391 19.857
 43     2.553 53731.09863671 24.60 119.905485  32.174111 19.857
 43     2.351 53731.09863735 22.81 119.904565  32.170821 19.857
 43     1.568 53731.09863800 21.95 119.903645  32.167541 19.857
 43     1.437 53731.09863864 22.03 119.902725  32.164261 19.857
 43     1.073 53731.09863928 21.79 119.901805  32.160971 19.857
 43     0.783 53731.09863993 20.80 119.900885  32.157691 19.857
 43     1.321 53731.09864057 19.76 119.899965  32.154411 19.857
 43     1.625 53731.09864122 18.50 119.899045  32.151121 19.857
 43     1.800 53731.09864186 19.94 119.898125  32.147841 19.857
 43     2.542 53731.09864251 18.77 119.897205  32.144551 19.857
 43     2.408 53731.09864315 20.94 119.896285  32.141271 19.857
 43     2.063 53731.09864380 26.78 119.895365  32.137991 19.857
 43     2.218 53731.09864444 28.31 119.894445  32.134701 19.857
 43     2.140 53731.09864509 37.23 119.893525  32.131421 19.857
 44     2.203 53766.09861016 30.77 119.909431  32.157763 23.421
 44     2.837 53766.09861081 26.51 119.908511  32.154473 23.421
 44     3.127 53766.09861145 22.50 119.907591  32.151193 23.421
 44     3.161 53766.09861210 21.78 119.906671  32.147913 23.421
 44     2.906 53766.09861274 20.78 119.905751  32.144623 23.421
 44     4.877 53766.09861339 20.12 119.904831  32.141343 23.421
 44     1.850 53766.09861403 23.03 119.903911  32.138063 23.421
 44     1.753 53766.09861468 22.17 119.902991  32.134773 23.421
 44     1.808 53766.09861532 22.03 119.902071  32.131493 23.421
 44     2.151 53766.09861597 22.92 119.901151  32.128213 23.421
 44     2.520 53766.09861661 24.38 119.900234  32.124920 35.037
 44     2.521 53766.09861725 35.66 119.899314  32.121640 35.037
 44     2.664 53766.09861790 39.50 119.898394  32.118360 35.037
 45     2.938 53801.09861006 25.70 119.906717  32.173254 19.670
 45     3.006 53801.09861070 24.92 119.905797  32.169974 19.670
 45     3.013 53801.09861135 24.59 119.904877  32.166684 19.670
 45     2.298 53801.09861199 26.45 119.903957  32.163404 19.670
 45     1.995 53801.09861264 26.22 119.903037  32.160124 19.670
 45     1.897 53801.09861328 24.41 119.902117  32.156834 19.670
 45     1.985 53801.09861393 21.85 119.901197  32.153554 19.670
 45     1.987 53801.09861457 20.87 119.900277  32.150264 19.670
 45     2.093 53801.09861522 20.30 119.899357  32.146984 19.670
 45     2.336 53801.09861586 20.29 119.898437  32.143704 19.670
 45     2.243 53801.09861651 21.25 119.897517  32.140414 19.670
 45     2.244 53801.09861715 23.91 119.896597  32.137134 19.670
 45     2.170 53801.09861779 28.13 119.895677  32.133854 19.670
 45     2.283 53801.09861844 32.99 119.894757  32.130564 19.670
 46     2.560 53836.09861708 28.11 119.908260  32.166893 19.693
 46     1.654 53836.09861772 30.00 119.907340  32.163613 19.693
 46     1.633 53836.09861837 25.96 119.906420  32.160323 19.693
 46     2.004 53836.09861901 23.70 119.905500  32.157043 19.693
 46     2.524 53836.09861966 22.63 119.904580  32.153763 19.693
 46     2.428 53836.09862030 21.84 119.903660  32.150473 19.693
 46     2.529 53836.09862095 21.13 119.902740  32.147193 19.693
 46     2.325 53836.09862159 21.90 119.901820  32.143903 19.693
 46     2.142 53836.09862224 21.54 119.900900  32.140623 19.693
 46     1.887 53836.09862288 23.44 119.899980  32.137343 19.693
 46     2.194 53836.09862352 22.95 119.899060  32.134053 19.693
 46     2.060 53836.09862417 26.34 119.898140  32.130773 19.693
 46     2.160 53836.09862481 32.06 119.897220  32.127493 19.693
 46     2.944 53836.09862546 41.13 119.896300  32.124203 19.693
 47     3.243 53871.09867248 28.45 119.906554  32.174889 22.202
 47     3.208 53871.09867313 25.05 119.905634  32.171609 22.202
 47     2.769 53871.09867377 25.53 119.904714  32.168319 22.202
 47     2.766 53871.09867441 25.41 119.903794  32.165039 22.202
 47     2.756 53871.09867506 24.56 119.902874  32.161759 22.202
 47     2.637 53871.09867570 23.39 119.901954  32.158469 22.202
 47     2.418 53871.09867635 20.29 119.901034  32.155189 22.202
 47     2.213 53871.09867699 20.19 119.900114  32.151899 22.202
 47     2.242 53871.09867764 20.05 119.899194  32.148619 22.202
 47     2.538 53871.09867828 19.72 119.898274  32.145339 22.202
 47     2.793 53871.09867893 19.75 119.897354  32.142049 22.202
 47     2.318 53871.09867957 24.10 119.896434  32.138769 22.202
 47     2.414 53871.09868022 25.72 119.895514  32.135489 22.202
 47     2.329 53871.09868086 31.73 119.894594  32.132199 22.202
 49     3.733 53941.09873557 29.50 119.902773  32.198513 30.227
 49     3.692 53941.09873621 26.28 119.901853  32.195233 30.227
 49     3.509 53941.09873686 23.92 119.900933  32.191943 30.227
 49     3.411 53941.09873750 22.82 119.900013  32.188663 30.227
 49     3.319 53941.09873815 21.38 119.899093  32.185383 30.227
 49     3.090 53941.09873879 20.72 119.898163  32.182093 30.227
 49     3.012 53941.09873944 20.64 119.897243  32.178813 30.227
 49     2.894 53941.09874008 20.54 119.896323  32.175533 30.227
 49     2.519 53941.09874073 20.94 119.895406  32.172240 26.393
 49     2.522 53941.09874137 21.53 119.894486  32.168960 26.393
 49     2.319 53941.09874201 23.08 119.893566  32.165680 26.393
 49     2.761 53941.09874266 23.13 119.892646  32.162390 26.393
 49     3.039 53941.09874330 22.47 119.891726  32.159110 26.393
 49     3.302 53941.09874395 22.87 119.890806  32.155830 26.393
 49     3.288 53941.09874459 25.38 119.889886  32.152540 26.393
 49     3.423 53941.09874524 27.56 119.888966  32.149260 26.393
 49     3.427 53941.09874588 37.11 119.888046  32.145980 26.393
 50     3.263 53976.09869316 35.00 119.905097  32.191481 35.369
 50     3.272 53976.09869381 30.31 119.904177  32.188191 35.369
 50     3.213 53976.09869445 24.91 119.903257  32.184911 35.369
 50     2.762 53976.09869510 21.29 119.902337  32.181631 35.369
 50     2.626 53976.09869574 22.57 119.901417  32.178341 35.369
 50     2.379 53976.09869639 22.52 119.900497  32.175061 35.369
 50     2.085 53976.09869703 21.73 119.899577  32.171781 35.369
 50     1.748 53976.09869768 23.09 119.898660  32.168497 28.672
 50     1.613 53976.09869832 23.07 119.897740  32.165207 28.672
 50     1.244 53976.09869897 24.73 119.896820  32.161927 28.672
 50     1.553 53976.09869961 24.05 119.895900  32.158637 28.672
 50     1.898 53976.09870026 23.50 119.894980  32.155357 28.672
 50     2.308 53976.09870090 21.88 119.894060  32.152077 28.672
 50     2.674 53976.09870155 21.25 119.893140  32.148787 28.672
 50     2.904 53976.09870219 26.97 119.892220  32.145507 28.672
 50     2.961 53976.09870283 26.85 119.891300  32.142227 28.672
 50     2.878 53976.09870348 35.78 119.890380  32.138937 28.672
 51     1.235 54011.09869878 33.57 119.909059  32.164384 19.668
 51     1.312 54011.09869942 31.75 119.908139  32.161104 19.668
 51     0.993 54011.09870007 31.58 119.907219  32.157824 19.668
 51     1.026 54011.09870071 25.53 119.906299  32.154534 19.668
 51     1.101 54011.09870136 23.57 119.905379  32.151254 19.668
 51     1.054 54011.09870200 23.47 119.904459  32.147974 19.668
 51     1.257 54011.09870265 22.00 119.903539  32.144684 19.668
 51     1.525 54011.09870329 22.07 119.902619  32.141404 19.668
 51     1.579 54011.09870394 21.82 119.901699  32.138114 19.668
 51     1.901 54011.09870458 21.85 119.900779  32.134834 19.668
 51     2.238 54011.09870523 21.98 119.899859  32.131554 19.668
 51     2.541 54011.09870587 25.70 119.898939  32.128264 19.668
 51     2.970 54011.09870652 29.75 119.898019  32.124984 19.668
 51     3.222 54011.09870716 42.49 119.897099  32.121704 19.668
 52     1.933 54046.09871466 31.09 119.909305  32.160618 20.922
 52     1.839 54046.09871530 27.34 119.908385  32.157338 20.922
 52     2.274 54046.09871595 22.30 119.907465  32.154058 20.922
 52     2.889 54046.09871659 18.56 119.906545  32.150768 20.922
 52     2.894 54046.09871724 18.35 119.905625  32.147488 20.922
 52     2.629 54046.09871788 17.52 119.904705  32.144208 20.922
 52     2.295 54046.09871852 18.36 119.903785  32.140918 20.922
 52     1.507 54046.09871917 20.39 119.902865  32.137638 20.922
 52     1.642 54046.09871981 20.40 119.901945  32.134348 20.922
 52     1.932 54046.09872046 21.48 119.901025  32.131068 20.922
 52     2.210 54046.09872110 24.61 119.900105  32.127788 20.922
 52     2.894 54046.09872175 25.88 119.899185  32.124498 20.922
 52     2.856 54046.09872239 36.61 119.898265  32.121218 20.922
 53     3.184 54081.09870318 34.16 119.906727  32.184923 28.656
 53     2.533 54081.09870383 31.83 119.905807  32.181633 28.656
 53     2.496 54081.09870447 29.16 119.904887  32.178353 28.656
 53     2.423 54081.09870512 28.84 119.903967  32.175063 28.656
 53     1.903 54081.09870576 29.76 119.903045  32.171779 15.600
 53     1.824 54081.09870641 28.63 119.902125  32.168499 15.600
 53     1.752 54081.09870705 29.81 119.901205  32.165219 15.600
 53     1.812 54081.09870770 30.04 119.900285  32.161929 15.600
 53     1.853 54081.09870834 29.31 119.899365  32.158649 15.600
 53     1.882 54081.09870899 28.81 119.898445  32.155369 15.600
 53     1.914 54081.09870963 29.38 119.897525  32.152079 15.600
 53     1.948 54081.09871027 29.47 119.896605  32.148799 15.600
 53     1.989 54081.09871092 29.72 119.895685  32.145519 15.600
 53     1.980 54081.09871156 29.82 119.894765  32.142229 15.600
 53     2.177 54081.09871221 30.01 119.893845  32.138949 15.600
 53     2.217 54081.09871285 31.86 119.892925  32.135659 15.600
 54     2.589 54116.09863542 35.12 119.905902  32.189928 26.863
 54     3.087 54116.09863606 25.66 119.904982  32.186638 26.863
 54     2.931 54116.09863671 24.24 119.904062  32.183358 26.863
 54     5.320 54116.09863735 21.65 119.903142  32.180078 26.863
 54     2.348 54116.09863800 25.08 119.902222  32.176788 26.863
 54     5.430 54116.09863864 20.45 119.901302  32.173508 26.863
 54     5.352 54116.09863929 20.42 119.900382  32.170218 26.863
 54     5.333 54116.09863993 21.24 119.899459  32.166942 22.526
 54     0.821 54116.09864058 21.69 119.898549  32.163652 22.526
 54     5.623 54116.09864122 20.57 119.897629  32.160372 22.526
 54     5.183 54116.09864187 20.64 119.896709  32.157082 22.526
 54     5.379 54116.09864251 20.26 119.895789  32.153802 22.526
 54     2.098 54116.09864316 20.30 119.894869  32.150522 22.526
 54     2.501 54116.09864380 21.19 119.893949  32.147232 22.526
 54     2.796 54116.09864445 23.16 119.893029  32.143952 22.526
 54     2.572 54116.09864509 24.50 119.892109  32.140672 22.526
 54     2.240 54116.09864573 33.88 119.891189  32.137382 22.526
 55     2.274 54151.09865414 29.33 119.906297  32.178460 37.645
 55     2.409 54151.09865479 25.99 119.905379  32.175169 22.603
 55     1.814 54151.09865543 24.80 119.904459  32.171889 22.603
 55     1.858 54151.09865608 23.09 119.903539  32.168609 22.603
 55     1.517 54151.09865672 22.10 119.902619  32.165319 22.603
 55     1.332 54151.09865737 25.09 119.901699  32.162039 22.603
 55     1.135 54151.09865801 24.29 119.900779  32.158759 22.603
 55     0.938 54151.09865866 25.35 119.899859  32.155469 22.603
 55     1.328 54151.09865930 22.65 119.898939  32.152189 22.603
 55     1.651 54151.09865995 21.02 119.898019  32.148909 22.603
 55     1.875 54151.09866059 20.41 119.897099  32.145619 22.603
 55     2.222 54151.09866123 20.56 119.896179  32.142339 22.603
 55     2.227 54151.09866188 26.02 119.895259  32.139049 22.603
 55     2.170 54151.09866252 28.78 119.894339  32.135769 22.603
 55     2.065 54151.09866317 39.34 119.893419  32.132489 22.603
 56     2.992 54186.09862796 34.20 119.906124  32.188356 27.134
 56     2.956 54186.09862860 26.98 119.905204  32.185066 27.134
 56     3.088 54186.09862925 22.75 119.904284  32.181786 27.134
 56     3.238 54186.09862989 21.73 119.903364  32.178506 27.134
 56     3.570 54186.09863054 18.61 119.902444  32.175216 27.134
 56     2.276 54186.09863118 19.36 119.901524  32.171936 27.134
 56     1.953 54186.09863183 19.24 119.900604  32.168656 27.134
 56     1.785 54186.09863247 19.04 119.899680  32.165372 24.431
 56     1.754 54186.09863311 19.11 119.898770  32.162082 24.431
 56     1.827 54186.09863376 19.64 119.897850  32.158802 24.431
 56     1.587 54186.09863440 20.77 119.896930  32.155512 24.431
 56     1.747 54186.09863505 20.79 119.896010  32.152232 24.431
 56     2.027 54186.09863569 20.66 119.895090  32.148952 24.431
 56     2.465 54186.09863634 20.97 119.894170  32.145662 24.431
 56     2.694 54186.09863698 24.58 119.893250  32.142382 24.431
 56     2.287 54186.09863763 30.28 119.892330  32.139102 24.431
 56     2.242 54186.09863827 33.84 119.891410  32.135812 24.431
 57     3.352 54221.09866393 23.63 119.906574  32.175090 30.417
 57     1.905 54221.09866458 23.85 119.905654  32.171810 30.417
 57     1.665 54221.09866522 22.68 119.904734  32.168516 20.503
 57     1.812 54221.09866587 20.39 119.903814  32.165236 20.503
 57     2.091 54221.09866651 19.42 119.902894  32.161956 20.503
 57     2.073 54221.09866716 18.45 119.901974  32.158666 20.503
 57     2.662 54221.09866780 18.27 119.901054  32.155386 20.503
 57     2.209 54221.09866845 18.22 119.900134  32.152106 20.503
 57     2.050 54221.09866909 18.51 119.899214  32.148816 20.503
 57     2.070 54221.09866973 18.41 119.898294  32.145536 20.503
 57     1.920 54221.09867038 20.88 119.897374  32.142256 20.503
 57     1.894 54221.09867102 24.39 119.896454  32.138966 20.503
 57     1.960 54221.09867167 24.90 119.895534  32.135686 20.503
 57     2.075 54221.09867231 32.72 119.894614  32.132396 20.503
 58     3.192 54256.09868654 28.76 119.906605  32.177928 29.854
 58     2.587 54256.09868719 22.56 119.905685  32.174648 29.854
 58     2.389 54256.09868783 23.36 119.904765  32.171368 29.854
 58     2.408 54256.09868848 22.66 119.903841  32.168074 20.606
 58     2.574 54256.09868912 20.77 119.902921  32.164794 20.606
 58     2.539 54256.09868977 21.41 119.902001  32.161514 20.606
 58     2.416 54256.09869041 20.94 119.901081  32.158224 20.606
 58     2.712 54256.09869106 19.82 119.900161  32.154944 20.606
 58     2.454 54256.09869170 19.34 119.899241  32.151664 20.606
 58     2.463 54256.09869234 19.77 119.898321  32.148374 20.606
 58     2.538 54256.09869299 19.60 119.897401  32.145094 20.606
 58     2.482 54256.09869363 21.40 119.896481  32.141814 20.606
 58     2.512 54256.09869428 25.48 119.895561  32.138524 20.606
 58     2.509 54256.09869492 28.85 119.894641  32.135244 20.606
 58     2.473 54256.09869557 34.84 119.893721  32.131954 20.606
 59     5.652 54291.09868950 29.03 119.907369  32.173267 37.057
 59     3.138 54291.09869015 27.15 119.906449  32.169987 37.057
 59     3.060 54291.09869079 27.00 119.905526  32.166695 22.444
 59     3.132 54291.09869144 26.60 119.904606  32.163415 22.444
 59     2.953 54291.09869208 26.75 119.903686  32.160135 22.444
 59     3.015 54291.09869273 25.36 119.902766  32.156845 22.444
 59     3.028 54291.09869337 24.20 119.901846  32.153565 22.444
 59     2.811 54291.09869402 24.55 119.900926  32.150285 22.444
 59     2.790 54291.09869466 24.35 119.900006  32.146995 22.444
 59     2.920 54291.09869530 24.40 119.899086  32.143715 22.444
 59     2.659 54291.09869595 25.19 119.898166  32.140435 22.444
 59     2.808 54291.09869659 25.60 119.897246  32.137145 22.444
 59     2.964 54291.09869724 26.77 119.896326  32.133865 22.444
 59     2.858 54291.09869788 32.53 119.895406  32.130575 22.444
 59     3.018 54291.09869853 41.54 119.894486  32.127295 22.444
 60     3.826 54326.09868706 28.64 119.906718  32.173100 33.658
 60     3.771 54326.09868771 29.38 119.905798  32.169820 33.658
 60     3.805 54326.09868835 30.41 119.904876  32.166527 23.761
 60     3.650 54326.09868900 29.34 119.903956  32.163247 23.761
 60     3.600 54326.09868964 27.81 119.903036  32.159967 23.761
 60     3.355 54326.09869029 27.25 119.902116  32.156677 23.761
 60     3.184 54326.09869093 25.13 119.901196  32.153397 23.761
 60     2.816 54326.09869158 25.10 119.900276  32.150117 23.761
 60     3.094 54326.09869222 23.39 119.899356  32.146827 23.761
 60     3.603 54326.09869287 22.00 119.898436  32.143547 23.761
 60     3.718 54326.09869351 22.50 119.897516  32.140267 23.761
 60     3.765 54326.09869416 23.27 119.896596  32.136977 23.761
 60     3.780 54326.09869480 29.35 119.895676  32.133697 23.761
 60     4.060 54326.09869545 35.13 119.894756  32.130407 23.761
 61     2.998 54361.09863623 29.36 119.905929  32.187003 30.587
 61     3.401 54361.09863688 24.10 119.905009  32.183713 30.587
 61     3.681 54361.09863752 20.67 119.904089  32.180433 30.587
 61     5.626 54361.09863816 20.22 119.903169  32.177153 30.587
 61     5.614 54361.09863881 19.59 119.902249  32.173863 30.587
 61     5.730 54361.09863945 19.74 119.901329  32.170583 30.587
 61     5.681 54361.09864010 19.66 119.900409  32.167293 30.587
 61     5.250 54361.09864074 19.67 119.899496  32.164018 22.915
 61     5.883 54361.09864139 19.90 119.898566  32.160728 22.915
 61     3.229 54361.09864203 20.23 119.897656  32.157448 22.915
 61     2.854 54361.09864268 21.38 119.896736  32.154158 22.915
 61     2.936 54361.09864332 21.51 119.895816  32.150878 22.915
 61     2.903 54361.09864397 23.04 119.894896  32.147598 22.915
 61     3.101 54361.09864461 22.94 119.893976  32.144308 22.915
 61     3.261 54361.09864526 22.97 119.893056  32.141028 22.915
 61     2.799 54361.09864590 31.64 119.892136  32.137748 22.915
 62     2.330 54396.09862775 21.57 119.906904  32.169923 30.065
 62     1.525 54396.09862839 25.15 119.905984  32.166643 30.065
 62     1.760 54396.09862903 24.61 119.905054  32.163363 30.065
 62     2.049 54396.09862968 21.23 119.904140  32.160071 24.533
 62     2.194 54396.09863032 19.72 119.903220  32.156791 24.533
 62     2.458 54396.09863097 19.34 119.902300  32.153511 24.533
 62     2.185 54396.09863161 18.95 119.901380  32.150221 24.533
 62     1.986 54396.09863226 19.39 119.900460  32.146941 24.533
 62     2.138 54396.09863290 19.29 119.899540  32.143661 24.533
 62     2.023 54396.09863355 19.30 119.898620  32.140371 24.533
 62     2.045 54396.09863419 23.01 119.897700  32.137091 24.533
 62     2.279 54396.09863484 25.86 119.896780  32.133811 24.533
 62     2.330 54396.09863548 28.99 119.895860  32.130521 24.533
 62     2.378 54396.09863613 38.38 119.894940  32.127241 24.533
 63     2.484 54431.09858768 26.58 119.906689  32.180446 31.968
 63     2.280 54431.09858833 22.02 119.905769  32.177156 31.968
 63     2.190 54431.09858897 19.82 119.904849  32.173876 31.968
 63     1.555 54431.09858962 21.88 119.903929  32.170596 31.968
 63     6.837 54431.09859026 19.72 119.903009  32.167306 31.968
 63     4.914 54431.09859091 18.48 119.902089  32.164026 31.968
 63     1.741 54431.09859155 19.31 119.901169  32.160746 31.968
 63     1.918 54431.09859219 18.39 119.900244  32.157451 26.368
 63     2.227 54431.09859284 18.32 119.899334  32.154171 26.368
 63     1.924 54431.09859348 18.82 119.898414  32.150891 26.368
 63     2.202 54431.09859413 18.45 119.897494  32.147601 26.368
 63     2.415 54431.09859477 18.82 119.896574  32.144321 26.368
 63     2.196 54431.09859542 21.34 119.895654  32.141041 26.368
 63     2.241 54431.09859606 26.83 119.894734  32.137751 26.368
 63     2.292 54431.09859671 31.07 119.893814  32.134471 26.368
 64     1.536 54466.09860875 26.75 119.907788  32.167423 28.579
 64     1.488 54466.09860940 24.64 119.906858  32.164143 28.579
 64     1.738 54466.09861004 22.86 119.905941  32.160851 19.965
 64     1.932 54466.09861069 20.65 119.905021  32.157571 19.965
 64     3.027 54466.09861133 18.84 119.904101  32.154291 19.965
 64     2.618 54466.09861198 18.20 119.903181  32.151001 19.965
 64     2.192 54466.09861262 18.73 119.902261  32.147721 19.965
 64     1.984 54466.09861327 18.76 119.901341  32.144441 19.965
 64     1.799 54466.09861391 19.35 119.900421  32.141151 19.965
 64     1.749 54466.09861456 20.96 119.899501  32.137871 19.965
 64     2.052 54466.09861520 21.23 119.898581  32.134591 19.965
 64     2.091 54466.09861584 24.52 119.897661  32.131301 19.965
 64     2.307 54466.09861649 30.92 119.896741  32.128021 19.965
 64     3.443 54466.09861713 38.56 119.895821  32.124731 19.965
 65     4.588 54501.09860134 25.71 119.906372  32.177725 15.370
 65     3.141 54501.09860198 23.48 119.905452  32.174445 15.370
 65     1.520 54501.09860263 24.06 119.904532  32.171165 15.370
 65     1.435 54501.09860327 23.66 119.903612  32.167875 15.370
 65     0.724 54501.09860392 24.34 119.902692  32.164595 15.370
 65     1.181 54501.09860456 23.58 119.901772  32.161315 15.370
 65     0.917 54501.09860521 23.78 119.900852  32.158025 15.370
 65     1.317 54501.09860585 22.87 119.899932  32.154745 15.370
 65     1.677 54501.09860650 21.53 119.899012  32.151455 15.370
 65     1.913 54501.09860714 21.10 119.898092  32.148175 15.370
 65     2.139 54501.09860779 21.23 119.897172  32.144895 15.370
 65     2.188 54501.09860843 21.97 119.896252  32.141605 15.370
 65     2.284 54501.09860907 23.44 119.895332  32.138325 15.370
 65     2.248 54501.09860972 28.76 119.894412  32.135045 15.370
 65     2.161 54501.09861036 37.77 119.893492  32.131755 15.370
 66     1.800 54536.09862242 28.47 119.907400  32.174379 18.276
 66     1.784 54536.09862306 28.50 119.906480  32.171099 18.276
 66     1.878 54536.09862371 28.36 119.905560  32.167809 18.276
 66     1.889 54536.09862435 26.86 119.904640  32.164529 18.276
 66     1.863 54536.09862500 25.71 119.903720  32.161239 18.276
 66     1.623 54536.09862564 25.66 119.902800  32.157959 18.276
 66     1.721 54536.09862629 24.03 119.901880  32.154679 18.276
 66     1.808 54536.09862693 23.44 119.900960  32.151389 18.276
 66     1.891 54536.09862758 22.75 119.900040  32.148109 18.276
 66     1.901 54536.09862822 22.28 119.899120  32.144829 18.276
 66     1.990 54536.09862887 21.78 119.898200  32.141539 18.276
 66     1.986 54536.09862951 24.31 119.897280  32.138259 18.276
 66     2.322 54536.09863015 26.22 119.896360  32.134979 18.276
 66     2.265 54536.09863080 30.87 119.895437  32.131695 36.969
 66     2.168 54536.09863144 36.66 119.894517  32.128405 36.969
 67     2.611 54571.09860217 29.05 119.906635  32.183934 16.594
 67     2.807 54571.09860282 21.76 119.905715  32.180644 16.594
 67     3.923 54571.09860346 20.08 119.904795  32.177364 16.594
 67     5.277 54571.09860410 21.92 119.903875  32.174084 16.594
 67     1.408 54571.09860475 22.64 119.902955  32.170794 16.594
 67     1.380 54571.09860539 21.52 119.902035  32.167514 16.594
 67     1.343 54571.09860604 21.09 119.901115  32.164234 16.594
 67     1.566 54571.09860668 20.24 119.900195  32.160944 16.594
 67     1.639 54571.09860733 19.26 119.899275  32.157664 16.594
 67     2.045 54571.09860797 19.48 119.898355  32.154374 16.594
 67     1.797 54571.09860862 19.75 119.897435  32.151094 16.594
 67     2.116 54571.09860926 18.87 119.896515  32.147814 16.594
 67     2.422 54571.09860991 21.34 119.895595  32.144524 16.594
 67     2.425 54571.09861055 21.90 119.894675  32.141244 16.594
 67     2.364 54571.09861120 28.36 119.893755  32.137954 16.594
 67     2.233 54571.09861184 35.17 119.892835  32.134674 16.594
 68     4.234 54606.09861568 21.97 119.906966  32.176818 14.917
 68     6.077 54606.09861632 21.21 119.906046  32.173528 14.917
 68     2.218 54606.09861697 22.44 119.905126  32.170248 14.917
 68     2.153 54606.09861761 23.17 119.904206  32.166968 14.917
 68     2.169 54606.09861826 22.10 119.903286  32.163678 14.917
 68     2.430 54606.09861890 19.86 119.902366  32.160398 14.917
 68     2.996 54606.09861955 19.32 119.901446  32.157108 14.917
 68     2.495 54606.09862019 18.90 119.900526  32.153828 14.917
 68     2.280 54606.09862084 18.70 119.899606  32.150548 14.917
 68     2.241 54606.09862148 18.97 119.898686  32.147258 14.917
 68     2.239 54606.09862212 20.13 119.897766  32.143978 14.917
 68     2.016 54606.09862277 21.22 119.896846  32.140698 14.917
 68     2.056 54606.09862341 25.11 119.895926  32.137408 14.917
 68     2.327 54606.09862406 28.22 119.895006  32.134128 14.917
 68     2.274 54606.09862470 34.92 119.894086  32.130848 14.917
 69     3.468 54641.09862431 33.34 119.906825  32.182430 16.726
 69     6.303 54641.09862624 21.30 119.904065  32.172580 16.726
 69     5.941 54641.09862689 21.90 119.903145  32.169300 16.726
 69     5.535 54641.09862753 21.47 119.902225  32.166010 16.726
 69     4.623 54641.09862818 22.10 119.901305  32.162730 16.726
 69     3.601 54641.09862882 22.05 119.900385  32.159440 16.726
 69     3.443 54641.09862947 22.38 119.899465  32.156160 16.726
 69     2.608 54641.09863011 23.55 119.898545  32.152880 16.726
 69     2.170 54641.09863075 24.53 119.897625  32.149590 16.726
 69     1.803 54641.09863140 26.36 119.896705  32.146310 16.726
 69     2.472 54641.09863204 26.78 119.895785  32.143030 16.726
 69     3.151 54641.09863269 26.46 119.894865  32.139740 16.726
 69     2.758 54641.09863333 29.92 119.893945  32.136460 16.726
 69     2.636 54641.09863398 39.88 119.893025  32.133180 16.726
 70     3.113 54676.09862662 24.77 119.906316  32.180464 18.715
 70     3.746 54676.09862727 21.43 119.905396  32.177184 18.715
 70     2.854 54676.09862791 22.58 119.904476  32.173894 18.715
 70     5.895 54676.09862856 20.47 119.903556  32.170614 18.715
 70     5.353 54676.09862920 20.39 119.902636  32.167334 18.715
 70     5.069 54676.09862985 20.17 119.901716  32.164044 18.715
 70     2.662 54676.09863049 20.55 119.900796  32.160764 18.715
 70     3.293 54676.09863114 19.21 119.899876  32.157474 18.715
 70     2.110 54676.09863178 21.10 119.898956  32.154194 18.715
 70     2.364 54676.09863242 19.40 119.898036  32.150914 18.715
 70     2.484 54676.09863307 20.22 119.897116  32.147624 18.715
 70     2.787 54676.09863371 20.48 119.896196  32.144344 18.715
 70     2.565 54676.09863436 23.32 119.895276  32.141064 18.715
 70     2.517 54676.09863500 28.65 119.894356  32.137774 18.715
 70     2.456 54676.09863565 36.68 119.893436  32.134494 18.715
 71     3.436 54711.09858219 28.26 119.906611  32.180225 18.879
 71     3.254 54711.09858283 26.84 119.905691  32.176945 18.879
 71     3.426 54711.09858348 27.53 119.904771  32.173665 18.879
 71     3.517 54711.09858412 26.80 119.903851  32.170375 18.879
 71     3.622 54711.09858477 25.39 119.902931  32.167095 18.879
 71     3.435 54711.09858541 26.90 119.902011  32.163815 18.879
 71     3.358 54711.09858606 25.95 119.901091  32.160525 18.879
 71     3.186 54711.09858670 24.80 119.900171  32.157245 18.879
 71     3.304 54711.09858735 23.31 119.899251  32.153955 18.879
 71     3.211 54711.09858799 23.71 119.898331  32.150675 18.879
 71     3.532 54711.09858863 22.33 119.897411  32.147395 18.879
 71     3.671 54711.09858928 21.60 119.896491  32.144105 18.879
 71     3.779 54711.09858992 22.08 119.895571  32.140825 18.879
 71     3.429 54711.09859057 27.40 119.894651  32.137545 18.879
 71     2.547 54711.09859121 31.86 119.893731  32.134255 18.879
 72     3.196 54746.09859567 22.11 119.906669  32.175418 16.869
 72     6.159 54746.09859632 22.36 119.905749  32.172138 16.869
 72     5.808 54746.09859696 22.08 119.904829  32.168858 16.869
 72     5.559 54746.09859761 20.43 119.903909  32.165568 16.869
 72     5.121 54746.09859825 19.67 119.902989  32.162288 16.869
 72     4.373 54746.09859889 18.58 119.902069  32.158998 16.869
 72     3.385 54746.09859954 19.08 119.901149  32.155718 16.869
 72     7.015 54746.09860018 19.20 119.900229  32.152438 16.869
 72     7.391 54746.09860083 19.29 119.899309  32.149148 16.869
 72     2.460 54746.09860147 19.59 119.898389  32.145868 16.869
 72     7.265 54746.09860212 19.64 119.897469  32.142588 16.869
 72     2.518 54746.09860276 21.73 119.896549  32.139298 16.869
 72     2.543 54746.09860341 24.56 119.895629  32.136018 16.869
 72     2.585 54746.09860405 31.73 119.894709  32.132738 16.869
 72     2.359 54746.09860470 40.87 119.893794  32.129446 35.489
 73     2.593 54781.09856828 24.02 119.906929  32.176635 16.738
 73     6.197 54781.09856893 21.69 119.906009  32.173355 16.738
 73     5.990 54781.09856957 21.59 119.905089  32.170075 16.738
 73     5.690 54781.09857022 22.11 119.904169  32.166785 16.738
 73     5.473 54781.09857086 20.17 119.903249  32.163505 16.738
 73     5.302 54781.09857151 18.70 119.902329  32.160215 16.738
 73     4.681 54781.09857215 19.65 119.901409  32.156935 16.738
 73     3.748 54781.09857279 19.31 119.900489  32.153655 16.738
 73     2.218 54781.09857344 19.24 119.899569  32.150365 16.738
 73     2.408 54781.09857408 18.73 119.898649  32.147085 16.738
 73     2.476 54781.09857473 19.16 119.897729  32.143805 16.738
 73     2.223 54781.09857537 21.09 119.896809  32.140515 16.738
 73     2.206 54781.09857602 23.49 119.895889  32.137235 16.738
 73     2.329 54781.09857666 30.69 119.894969  32.133955 16.738
 73     2.392 54781.09857731 34.44 119.894048  32.130671 37.453
 74     6.139 54816.09858911 22.54 119.906941  32.171835 15.125
 74     6.082 54816.09858976 21.41 119.906021  32.168555 15.125
 74     5.388 54816.09859040 22.54 119.905101  32.165265 15.125
 74     4.642 54816.09859105 20.69 119.904181  32.161985 15.125
 74     4.149 54816.09859169 19.61 119.903261  32.158695 15.125
 74     3.554 54816.09859233 19.30 119.902341  32.155415 15.125
 74     2.492 54816.09859298 19.55 119.901421  32.152135 15.125
 74     2.311 54816.09859362 19.29 119.900501  32.148845 15.125
 74     2.230 54816.09859427 19.73 119.899581  32.145565 15.125
 74     1.854 54816.09859491 20.85 119.898661  32.142285 15.125
 74     1.903 54816.09859556 24.22 119.897741  32.138995 15.125
 74     2.082 54816.09859620 24.44 119.896821  32.135715 15.125
 74     2.279 54816.09859685 27.54 119.895901  32.132435 15.125
 74     2.293 54816.09859749 32.28 119.894985  32.129141 35.104
 75     2.734 54851.09856561 25.19 119.906668  32.179902 14.824
 75     6.519 54851.09856626 21.31 119.905748  32.176622 14.824
 75     6.434 54851.09856690 22.05 119.904828  32.173332 14.824
 75     6.195 54851.09856755 21.30 119.903908  32.170052 14.824
 75     5.888 54851.09856819 21.79 119.902988  32.166772 14.824
 75     5.245 54851.09856884 21.54 119.902068  32.163482 14.824
 75     4.623 54851.09856948 20.23 119.901148  32.160202 14.824
 75     3.833 54851.09857013 20.41 119.900228  32.156912 14.824
 75     2.804 54851.09857077 20.79 119.899308  32.153632 14.824
 75     1.938 54851.09857142 20.57 119.898388  32.150352 14.824
 75     1.827 54851.09857206 21.96 119.897468  32.147062 14.824
 75     2.270 54851.09857270 21.61 119.896548  32.143782 14.824
 75     2.188 54851.09857335 23.44 119.895628  32.140502 14.824
 75     2.232 54851.09857399 26.75 119.894708  32.137212 14.824
 75     2.323 54851.09857464 30.26 119.893788  32.133932 14.824
 76     9.310 54886.09859224 23.02 119.906604  32.178708 15.826
 76     6.402 54886.09859289 24.21 119.905684  32.175428 15.826
 76     9.452 54886.09859353 21.38 119.904764  32.172148 15.826
 76     6.116 54886.09859418 23.19 119.903844  32.168858 15.826
 76     5.463 54886.09859482 22.44 119.902924  32.165578 15.826
 76     4.779 54886.09859547 23.35 119.902004  32.162288 15.826
 76     3.901 54886.09859611 22.04 119.901084  32.159008 15.826
 76     2.445 54886.09859676 23.47 119.900164  32.155728 15.826
 76     2.064 54886.09859740 22.57 119.899244  32.152438 15.826
 76     1.761 54886.09859804 22.07 119.898324  32.149158 15.826
 76     1.900 54886.09859869 23.06 119.897404  32.145878 15.826
 76     2.233 54886.09859933 21.86 119.896484  32.142588 15.826
 76     2.602 54886.09859998 23.76 119.895564  32.139308 15.826
 76     2.490 54886.09860062 26.77 119.894644  32.136028 15.826
 76     2.239 54886.09860127 35.83 119.893728  32.132736 36.728
 77     3.112 54921.09856469 25.98 119.904339  32.190581 12.121
 77     2.972 54921.09856533 21.39 119.903419  32.187291 12.121
 77     5.960 54921.09856597 19.92 119.902499  32.184011 12.121
 77     8.674 54921.09856662 19.55 119.901579  32.180731 12.121
 77     9.283 54921.09856726 17.51 119.900659  32.177441 12.121
 77     9.198 54921.09856791 17.58 119.899739  32.174161 12.121
 77     8.756 54921.09856855 17.70 119.898819  32.170871 12.121
 77     8.068 54921.09856920 17.78 119.897899  32.167591 12.121
 77     4.749 54921.09856984 18.10 119.896979  32.164311 12.121
 77     3.677 54921.09857049 18.87 119.896059  32.161021 12.121
 77     2.650 54921.09857113 20.19 119.895139  32.157741 12.121
 77     2.194 54921.09857178 20.26 119.894219  32.154451 12.121
 77     2.258 54921.09857242 21.27 119.893299  32.151171 12.121
 77     2.512 54921.09857307 21.63 119.892379  32.147891 12.121
 77     2.662 54921.09857371 26.96 119.891459  32.144601 12.121
 77     2.644 54921.09857436 30.31 119.890539  32.141321 12.121
 78     2.168 54956.09858758 23.82 119.907247  32.177018 14.321
 78     6.229 54956.09858823 21.96 119.906327  32.173728 14.321
 78     6.070 54956.09858887 21.44 119.905407  32.170448 14.321
 78     5.497 54956.09858952 22.29 119.904487  32.167168 14.321
 78     4.934 54956.09859016 21.73 119.903567  32.163878 14.321
 78     4.218 54956.09859081 20.67 119.902647  32.160598 14.321
 78     2.826 54956.09859145 19.46 119.901727  32.157308 14.321
 78     2.412 54956.09859210 19.27 119.900807  32.154028 14.321
 78     2.169 54956.09859274 19.10 119.899887  32.150748 14.321
 78     2.278 54956.09859338 19.08 119.898967  32.147458 14.321
 78     2.158 54956.09859403 19.77 119.898047  32.144178 14.321
 78     2.110 54956.09859467 20.35 119.897127  32.140898 14.321
 78     2.145 54956.09859532 23.08 119.896207  32.137608 14.321
 78     2.139 54956.09859596 27.86 119.895287  32.134328 14.321
 78     2.273 54956.09859661 33.35 119.894367  32.131038 14.321
 79     5.964 54991.09861017 26.84 119.905952  32.183038 13.730
 79     6.565 54991.09861082 23.78 119.905032  32.179758 13.730
 79     6.503 54991.09861146 25.15 119.904112  32.176468 13.730
 79     6.409 54991.09861211 23.79 119.903192  32.173188 13.730
 79     6.244 54991.09861275 22.88 119.902272  32.169908 13.730
 79     8.435 54991.09861340 21.46 119.901352  32.166618 13.730
 79     6.325 54991.09861404 20.64 119.900432  32.163338 13.730
 79     5.973 54991.09861468 20.97 119.899512  32.160048 13.730
 79     3.333 54991.09861533 22.50 119.898592  32.156768 13.730
 79     2.480 54991.09861597 23.12 119.897672  32.153488 13.730
 79     2.258 54991.09861662 23.91 119.896752  32.150198 13.730
 79     2.319 54991.09861726 25.49 119.895832  32.146918 13.730
 79     2.921 54991.09861791 24.77 119.894912  32.143638 13.730
 79     2.861 54991.09861855 25.88 119.893992  32.140348 13.730
 79     2.646 54991.09861920 31.60 119.893072  32.137068 13.730
 79     2.540 54991.09861984 37.41 119.892152  32.133788 13.730
 80     2.990 55026.09860178 26.12 119.907193  32.179661 16.255
 80    -4.479 55026.09860243 25.09 119.906273  32.176371 16.255
 80     2.922 55026.09860307 22.05 119.905353  32.173091 16.255
 80     2.972 55026.09860372 23.51 119.904433  32.169811 16.255
 80     3.089 55026.09860436 24.94 119.903513  32.166521 16.255
 80     4.763 55026.09860501 21.17 119.902593  32.163241 16.255
 80     4.124 55026.09860565 19.78 119.901673  32.159951 16.255
 80     3.211 55026.09860630 20.00 119.900753  32.156671 16.255
 80     3.026 55026.09860694 20.11 119.899833  32.153391 16.255
 80     2.543 55026.09860759 21.25 119.898913  32.150101 16.255
 80     2.344 55026.09860823 23.03 119.897993  32.146821 16.255
 80     2.746 55026.09860887 23.00 119.897073  32.143541 16.255
 80     2.772 55026.09860952 24.24 119.896153  32.140251 16.255
 80     2.657 55026.09861016 27.05 119.895233  32.136971 16.255
 80     2.651 55026.09861081 29.87 119.894313  32.133681 16.255
 80     2.730 55026.09861145 36.59 119.893392  32.130406 38.545
 81     2.985 55061.09859581 21.34 119.906374  32.175534 15.449
 81     5.761 55061.09859646 22.93 119.905454  32.172244 15.449
 81     2.934 55061.09859710 24.54 119.904534  32.168964 15.449
 81     2.923 55061.09859775 24.23 119.903614  32.165684 15.449
 81     2.977 55061.09859839 22.34 119.902694  32.162394 15.449
 81     3.706 55061.09859903 21.82 119.901774  32.159114 15.449
 81     3.338 55061.09859968 20.51 119.900854  32.155824 15.449
 81     2.672 55061.09860032 21.39 119.899934  32.152544 15.449
 81     2.749 55061.09860097 20.86 119.899014  32.149264 15.449
 81     2.885 55061.09860161 20.12 119.898094  32.145974 15.449
 81     3.856 55061.09860226 20.25 119.897174  32.142694 15.449
 81     2.524 55061.09860290 24.31 119.896254  32.139414 15.449
 81     2.748 55061.09860355 26.56 119.895334  32.136124 15.449
 81     2.685 55061.09860419 30.67 119.894414  32.132844 15.449
 82     3.357 55096.09854345 31.50 119.905769  32.190584 13.214
 82     3.294 55096.09854409 28.65 119.904849  32.187294 13.214
 82     5.762 55096.09854473 23.21 119.903929  32.184014 13.214
 82     6.348 55096.09854538 20.75 119.903009  32.180724 13.214
 82     6.307 55096.09854602 21.43 119.902089  32.177444 13.214
 82     6.032 55096.09854667 21.80 119.901169  32.174164 13.214
 82     5.657 55096.09854731 21.58 119.900249  32.170874 13.214
 82     5.257 55096.09854796 21.54 119.899329  32.167594 13.214
 82     4.503 55096.09854860 21.68 119.898409  32.164314 13.214
 82     3.346 55096.09854925 22.25 119.897489  32.161024 13.214
 82     3.124 55096.09854989 21.25 119.896569  32.157744 13.214
 82     2.496 55096.09855054 22.01 119.895649  32.154454 13.214
 82     2.585 55096.09855118 21.80 119.894729  32.151174 13.214
 82     2.885 55096.09855183 21.56 119.893809  32.147894 13.214
 82     3.202 55096.09855247 22.05 119.892889  32.144604 13.214
 82     2.989 55096.09855312 26.11 119.891969  32.141324 13.214
 82     2.827 55096.09855376 33.44 119.891049  32.138044 13.214
 83     1.281 55131.09853903 24.64 119.906433  32.174712 15.281
 83     5.828 55131.09853967 23.00 119.905513  32.171432 15.281
 83     1.302 55131.09854032 23.25 119.904593  32.168142 15.281
 83     1.242 55131.09854096 23.45 119.903673  32.164862 15.281
 83     1.357 55131.09854161 22.90 119.902753  32.161572 15.281
 83     1.541 55131.09854225 21.68 119.901833  32.158292 15.281
 83     1.477 55131.09854290 20.94 119.900913  32.155012 15.281
 83     1.512 55131.09854354 21.62 119.899993  32.151722 15.281
 83     2.075 55131.09854418 21.09 119.899073  32.148442 15.281
 83     2.428 55131.09854483 21.15 119.898153  32.145162 15.281
 83     2.116 55131.09854547 21.24 119.897233  32.141872 15.281
 83     2.245 55131.09854612 22.12 119.896313  32.138592 15.281
 83     2.352 55131.09854676 25.20 119.895393  32.135302 15.281
 83     2.425 55131.09854741 30.94 119.894478  32.132029 36.883
 84     3.138 55166.09850775 25.02 119.907002  32.178237 13.616
 84     0.805 55166.09850840 25.53 119.906082  32.174957 13.616
 84     1.039 55166.09850904 25.74 119.905162  32.171667 13.616
 84     0.856 55166.09850969 27.97 119.904242  32.168387 13.616
 84     0.805 55166.09851033 27.40 119.903322  32.165107 13.616
 84     0.887 55166.09851098 25.94 119.902402  32.161817 13.616
 84     0.979 55166.09851162 25.07 119.901482  32.158537 13.616
 84     1.141 55166.09851227 24.12 119.900562  32.155247 13.616
 84     1.305 55166.09851291 23.19 119.899642  32.151967 13.616
 84     1.587 55166.09851356 23.62 119.898722  32.148687 13.616
 84     2.331 55166.09851420 22.92 119.897802  32.145397 13.616
 84     2.465 55166.09851485 22.24 119.896882  32.142117 13.616
 84     2.291 55166.09851549 23.39 119.895962  32.138837 13.616
 84     2.253 55166.09851614 28.27 119.895042  32.135547 13.616
 84     2.259 55166.09851678 30.61 119.894122  32.132267 13.616
 85     2.767 55201.09853048 21.07 119.906817  32.176244 12.340
 85     6.474 55201.09853113 20.52 119.905897  32.172964 12.340
 85     6.140 55201.09853177 20.42 119.904977  32.169684 12.340
 85     5.678 55201.09853242 20.40 119.904057  32.166394 12.340
 85     5.065 55201.09853306 20.25 119.903137  32.163114 12.340
 85     5.731 55201.09853371 18.78 119.902217  32.159824 12.340
 85     4.604 55201.09853435 18.38 119.901297  32.156544 12.340
 85     4.121 55201.09853500 18.44 119.900377  32.153264 12.340
 85     2.066 55201.09853564 19.57 119.899457  32.149974 12.340
 85     2.255 55201.09853629 19.71 119.898537  32.146694 12.340
 85     2.446 55201.09853693 19.57 119.897617  32.143414 12.340
 85     2.193 55201.09853758 20.86 119.896697  32.140124 12.340
 85     2.172 55201.09853822 23.95 119.895777  32.136844 12.340
 85     2.348 55201.09853887 27.02 119.894857  32.133564 12.340
 85     2.310 55201.09853951 28.50 119.893942  32.130281 32.623
 86     2.585 55236.09851291 33.55 119.906151  32.185845 13.601
 86     6.138 55236.09851356 24.17 119.905231  32.182565 13.601
 86     6.461 55236.09851420 25.10 119.904311  32.179285 13.601
 86     6.415 55236.09851485 25.42 119.903391  32.175995 13.601
 86     6.250 55236.09851549 23.73 119.902471  32.172715 13.601
 86     6.011 55236.09851614 24.21 119.901551  32.169435 13.601
 86     6.193 55236.09851678 23.46 119.900631  32.166145 13.601
 86     4.872 55236.09851743 23.69 119.899711  32.162865 13.601
 86     3.910 55236.09851807 23.72 119.898791  32.159575 13.601
 86     2.054 55236.09851872 25.22 119.897871  32.156295 13.601
 86     1.619 55236.09851936 24.64 119.896951  32.153015 13.601
 86     1.693 55236.09852001 23.77 119.896031  32.149725 13.601
 86     2.696 55236.09852065 23.06 119.895111  32.146445 13.601
 86     3.891 55236.09852129 22.83 119.894191  32.143165 13.601
 86     2.416 55236.09852194 28.46 119.893271  32.139875 13.601
 86     2.229 55236.09852258 33.79 119.892351  32.136595 13.601
 87     2.871 55271.09852478 22.73 119.906467  32.176765 16.166
 87     6.117 55271.09852542 21.99 119.905547  32.173485 16.166
 87     1.858 55271.09852607 24.60 119.904627  32.170205 16.166
 87     2.063 55271.09852671 23.33 119.903707  32.166915 16.166
 87     4.381 55271.09852736 21.40 119.902787  32.163635 16.166
 87     2.220 55271.09852800 21.74 119.901867  32.160345 16.166
 87     3.041 55271.09852865 20.11 119.900947  32.157065 16.166
 87     2.010 55271.09852929 21.31 119.900027  32.153785 16.166
 87     2.102 55271.09852994 20.69 119.899107  32.150495 16.166
 87     2.460 55271.09853058 20.29 119.898187  32.147215 16.166
 87     2.265 55271.09853123 21.13 119.897267  32.143925 16.166
 87     2.293 55271.09853187 22.37 119.896347  32.140645 16.166
 87     2.322 55271.09853251 27.02 119.895427  32.137365 16.166
 87     2.199 55271.09853316 31.87 119.894507  32.134075 16.166
 87     2.350 55271.09853380 35.22 119.893584  32.130800 37.656
 88     2.954 55306.09849396 34.94 119.906379  32.184641 16.214
 88     6.079 55306.09849461 23.94 119.905459  32.181361 16.214
 88     6.359 55306.09849525 23.00 119.904539  32.178071 16.214
 88     6.294 55306.09849590 23.75 119.903619  32.174791 16.214
 88     6.097 55306.09849654 22.75 119.902699  32.171501 16.214
 88     5.630 55306.09849719 23.06 119.901779  32.168221 16.214
 88     4.988 55306.09849783 23.02 119.900859  32.164941 16.214
 88     4.315 55306.09849848 21.44 119.899939  32.161651 16.214
 88     3.384 55306.09849912 21.55 119.899019  32.158371 16.214
 88     2.888 55306.09849976 22.23 119.898099  32.155081 16.214
 88     2.557 55306.09850041 22.25 119.897179  32.151801 16.214
 88     2.963 55306.09850105 22.21 119.896259  32.148521 16.214
 88     3.156 55306.09850170 22.14 119.895339  32.145231 16.214
 88     3.638 55306.09850234 23.00 119.894419  32.141951 16.214
 88     2.621 55306.09850299 29.33 119.893499  32.138671 16.214
 88     3.332 55306.09850363 32.03 119.892579  32.135381 16.214
 89     2.497 55341.09849554 24.77 119.907164  32.175900 15.873
 89     2.464 55341.09849619 26.75 119.906244  32.172610 15.873
 89     2.356 55341.09849683 27.73 119.905324  32.169330 15.873
 89     2.354 55341.09849748 27.34 119.904404  32.166050 15.873
 89     2.446 55341.09849812 26.27 119.903484  32.162760 15.873
 89     2.280 55341.09849877 25.48 119.902564  32.159480 15.873
 89     2.276 55341.09849941 23.88 119.901644  32.156190 15.873
 89     2.201 55341.09850005 22.74 119.900724  32.152910 15.873
 89     2.004 55341.09850070 23.53 119.899804  32.149630 15.873
 89     2.372 55341.09850134 22.64 119.898884  32.146340 15.873
 89     2.617 55341.09850199 21.37 119.897964  32.143060 15.873
 89     2.369 55341.09850263 23.08 119.897044  32.139780 15.873
 89     2.448 55341.09850328 24.68 119.896124  32.136490 15.873
 89     2.481 55341.09850392 30.29 119.895204  32.133210 15.873
 89     2.537 55341.09850457 31.73 119.894284  32.129930 15.873
 90     3.445 55376.09848792 25.36 119.906812  32.179580 14.314
 90     6.438 55376.09848857 21.56 119.905892  32.176290 14.314
 90     6.391 55376.09848921 20.50 119.904972  32.173010 14.314
 90     6.030 55376.09848986 20.01 119.904052  32.169730 14.314
 90     5.793 55376.09849050 21.02 119.903132  32.166440 14.314
 90     5.430 55376.09849115 20.59 119.902212  32.163160 14.314
 90     4.854 55376.09849179 21.43 119.901292  32.159870 14.314
 90     4.248 55376.09849243 21.67 119.900372  32.156590 14.314
 90     3.569 55376.09849308 23.32 119.899452  32.153310 14.314
 90     3.379 55376.09849372 24.28 119.898532  32.150020 14.314
 90     3.268 55376.09849437 25.38 119.897612  32.146740 14.314
 90     3.616 55376.09849501 25.86 119.896692  32.143460 14.314
 90     3.772 55376.09849566 27.09 119.895772  32.140170 14.314
 90     2.614 55376.09849630 29.74 119.894852  32.136890 14.314
 90     2.640 55376.09849695 32.48 119.893932  32.133600 14.314
 91     3.936 55411.09851166 25.11 119.907694  32.172466 12.581
 91     5.695 55411.09851230 24.23 119.906774  32.169186 12.581
 91     5.830 55411.09851295 22.52 119.905854  32.165896 12.581
 91     3.994 55411.09851359 22.96 119.904934  32.162616 12.581
 91     4.455 55411.09851424 21.52 119.904014  32.159326 12.581
 91     3.875 55411.09851488 21.74 119.903094  32.156046 12.581
 91     3.824 55411.09851552 21.97 119.902174  32.152766 12.581
 91     4.309 55411.09851617 21.53 119.901254  32.149476 12.581
 91     3.978 55411.09851681 21.23 119.900334  32.146196 12.581
 91     4.480 55411.09851746 21.36 119.899414  32.142916 12.581
 91     4.357 55411.09851810 21.90 119.898494  32.139626 12.581
 91     3.739 55411.09851875 24.08 119.897574  32.136346 12.581
 91     3.735 55411.09851939 26.09 119.896654  32.133056 12.581
 91     4.241 55411.09852004 26.50 119.895738  32.129781 33.172
 91     2.595 55411.09852068 33.00 119.894818  32.126491 33.172
 92     3.115 55446.09850354 23.86 119.907232  32.178273 14.135
 92     7.537 55446.09850419 21.75 119.906312  32.174993 14.135
 92     6.080 55446.09850483 23.15 119.905392  32.171703 14.135
 92     5.593 55446.09850547 23.87 119.904472  32.168423 14.135
 92     5.470 55446.09850612 21.54 119.903552  32.165143 14.135
 92     4.875 55446.09850676 20.57 119.902632  32.161853 14.135
 92     4.277 55446.09850741 19.64 119.901712  32.158573 14.135
 92     3.224 55446.09850805 20.54 119.900792  32.155283 14.135
 92     3.141 55446.09850870 20.61 119.899872  32.152003 14.135
 92     2.577 55446.09850934 21.71 119.898952  32.148723 14.135
 92     2.902 55446.09850999 20.43 119.898032  32.145433 14.135
 92     4.052 55446.09851063 20.32 119.897112  32.142153 14.135
 92     3.121 55446.09851128 22.05 119.896192  32.138873 14.135
 92     2.902 55446.09851192 25.19 119.895272  32.135583 14.135
 92     2.814 55446.09851257 31.51 119.894352  32.132303 14.135
 93     3.270 55481.09843527 29.76 119.905935  32.186594 15.439
 93     3.242 55481.09843592 23.51 119.905015  32.183314 15.439
 93     6.432 55481.09843656 20.37 119.904095  32.180024 15.439
 93     6.294 55481.09843721 21.09 119.903175  32.176744 15.439
 93     6.294 55481.09843785 20.12 119.902255  32.173464 15.439
 93     6.791 55481.09843850 20.22 119.901335  32.170174 15.439
 93     5.861 55481.09843914 19.47 119.900415  32.166894 15.439
 93     6.054 55481.09843979 19.99 119.899495  32.163614 15.439
 93     4.701 55481.09844043 20.25 119.898575  32.160324 15.439
 93     3.167 55481.09844108 20.24 119.897655  32.157044 15.439
 93     2.949 55481.09844172 21.13 119.896735  32.153754 15.439
 93     2.862 55481.09844236 20.59 119.895815  32.150474 15.439
 93     2.896 55481.09844301 20.62 119.894895  32.147194 15.439
 93     3.198 55481.09844365 21.52 119.893975  32.143904 15.439
 93     2.735 55481.09844430 24.99 119.893055  32.140624 15.439
 93     2.561 55481.09844494 33.60 119.892145  32.137344 15.439
