# NaN NaN NaN ;Mean Elev.(m), Avg Gradient(m/km), RMS Gradient(m/km) - SRTM1     
#  133.247 -50.368  87.311 ;Mean Elev.(m), Avg Gradient(m/km), RMS Gradient(m/km) - ASTER GDEM
#  134.149 -50.323  86.328 ;Mean Elev.(m), Avg Gradient(m/km), RMS Gradient(m/km) - GMTED2010 
  7   121.970 52447.60292845 17.59 107.975653  30.202779 10.096
  7   123.945 52447.60292910 20.24 107.974763  30.206069 10.096
  7   120.070 52447.60292974 20.15 107.973873  30.209359 10.096
  9   220.848 52517.60287370 11.00 107.991176  30.205487  7.063
  9   134.075 52517.60287499 33.82 107.989396  30.212057  7.063
  9   132.772 52517.60287563 38.54 107.988506  30.215347  7.063
 10   130.670 52552.60292282 20.37 107.977871  30.202852 10.555
 10   133.289 52552.60292347 24.85 107.976981  30.206142 10.555
 10   131.563 52552.60292411 35.68 107.976091  30.209422 10.555
 11   468.810 52587.60290208  1.01 107.989299  30.210174  3.170
 11   473.172 52587.60290272  2.99 107.988399  30.213454  3.170
 12   135.031 52622.60286436 23.96 107.987300  30.211542 13.099
 12   128.026 52622.60286501 37.68 107.986400  30.214822 13.099
 13   129.507 52657.60287376 23.32 107.988667  30.204489 11.408
 13   131.981 52657.60287440 18.61 107.987777  30.207779 11.408
 13   134.833 52657.60287505 20.69 107.986877  30.211059 11.408
 13   129.306 52657.60287569 36.52 107.985987  30.214349 11.408
 16   475.388 52762.60291227  0.44 107.979584  30.206096  3.341
 16   475.431 52762.60291291  2.41 107.978694  30.209386  3.341
 16   476.176 52762.60291356  4.35 107.977804  30.212666  3.341
 17   470.931 52797.60287798  0.01 107.988719  30.207189  5.918
 17   471.198 52797.60287862  3.29 107.987829  30.210479  5.918
 17   453.703 52797.60287927  6.63 107.986939  30.213759  5.918
 19   148.357 52867.60299165 17.39 107.992606  30.205452 11.142
 19   146.567 52867.60299229 16.31 107.991706  30.208732 11.142
 19   146.747 52867.60299294 17.62 107.990816  30.212022 11.142
 20   161.942 52902.60301042 14.25 107.986964  30.203528 10.539
 20   151.198 52902.60301106 15.28 107.986074  30.206818 10.539
 20   152.053 52902.60301171 18.85 107.985184  30.210098 10.539
 22   473.213 52972.60298086  0.24 107.982579  30.206475  1.844
 22   472.610 52972.60298151  1.83 107.981679  30.209755  1.844
 22   475.245 52972.60298215  5.77 107.980789  30.213045  1.844
 24   467.065 53042.60294683  0.40 107.979526  30.206823  2.284
 24   473.876 53042.60294747  1.80 107.978626  30.210103  2.284
 26   231.986 53112.60294933 17.19 107.977692  30.202083  8.663
 26   147.597 53112.60294997 17.10 107.976792  30.205363  8.663
 26   147.452 53112.60295062 18.11 107.975902  30.208653  8.663
 26   325.928 53112.60295126 15.10 107.975012  30.211943  8.663
 27   176.192 53147.60299380 22.48 107.982063  30.203157  6.271
 27   143.004 53147.60299444 22.35 107.981163  30.206437  6.271
 27   141.957 53147.60299508 26.01 107.980273  30.209727  3.750
 27   141.882 53147.60299573 23.76 107.979383  30.213017  3.750
 28   146.769 53182.60299529 19.71 107.991365  30.204569 16.235
 28   144.872 53182.60299594 21.45 107.990475  30.207849 16.235
 28   146.138 53182.60299658 21.53 107.989575  30.211139 16.235
 28   146.945 53182.60299723 21.84 107.988685  30.214429 16.235
 30   165.747 53252.60299697 14.59 107.985945  30.203834  7.056
 30   143.148 53252.60299762 16.59 107.985055  30.207114  7.056
 30   143.145 53252.60299826 16.65 107.984155  30.210404  7.056
 31   193.382 53287.60299567 18.53 107.977122  30.201833  9.304
 31   145.477 53287.60299632 19.14 107.976227  30.205121  6.360
 31   145.160 53287.60299696 17.43 107.975337  30.208411  6.360
 32   338.002 53322.60297174  9.85 107.993518  30.204985  3.493
 32   332.627 53322.60297238 10.21 107.992628  30.208265  3.493
 32   333.950 53322.60297303 10.53 107.991728  30.211555  3.493
 32   442.047 53322.60297367  9.34 107.990838  30.214844  7.914
 33   190.533 53357.60293746 18.34 107.994600  30.204782 11.120
 33   145.684 53357.60293811 19.06 107.993710  30.208072 11.120
 33   146.672 53357.60293875 18.81 107.992820  30.211352 11.120
 33   146.834 53357.60293940 19.01 107.991928  30.214642  7.924
 34   472.899 53392.60295355  0.69 107.980961  30.208452  5.741
 34   467.343 53392.60295420  3.48 107.980071  30.211742  5.741
 35   453.672 53427.60294803  0.08 107.991484  30.207559  1.876
 35   454.948 53427.60294868  0.97 107.990594  30.210849  1.876
 35   459.875 53427.60294932  2.25 107.989700  30.214139  2.565
 36   469.172 53462.60296494  0.08 107.986002  30.207324  4.445
 36   464.346 53462.60296558  3.17 107.985102  30.210614  4.445
 36   453.892 53462.60296623  5.86 107.984212  30.213904  4.445
 37   473.209 53497.60303788  0.41 107.978129  30.204271  2.040
 37   476.137 53497.60303852  1.88 107.977240  30.207560  5.341
 37   473.174 53497.60303917  5.45 107.976350  30.210850  5.341
 38   224.344 53532.60301876 14.84 107.990951  30.204553  5.453
 38   255.131 53532.60301941  9.53 107.990061  30.207843  5.453
 38   190.637 53532.60302070 15.12 107.988271  30.214413  5.453
 40   148.102 53602.60298420 20.09 107.990521  30.206180  8.733
 40   148.723 53602.60298484 20.84 107.989631  30.209460  8.733
 40   146.207 53602.60298549 25.21 107.988740  30.212750  8.803
 41   470.102 53637.60298242  0.04 107.979685  30.205988  1.764
 41   475.514 53637.60298306  1.92 107.978790  30.209277  3.139
 41   474.370 53637.60298371  4.18 107.977900  30.212567  3.139
 43   473.095 53707.60293459  0.58 107.994160  30.208407  1.953
 43   472.760 53707.60293524  1.94 107.993270  30.211697  1.953
 43   475.056 53707.60293588  3.18 107.992377  30.214986  3.418
 44   468.076 53742.60284658  0.52 107.993859  30.210634  2.070
 44   469.184 53742.60284722  2.68 107.992969  30.213924  2.070
 45   456.383 53777.60287222  0.88 107.989739  30.208998  1.898
 45   456.271 53777.60287286  2.53 107.988849  30.212286  3.564
 46   461.052 53812.60284830  0.64 107.992995  30.207468  2.384
 46   470.649 53812.60284895  1.87 107.992105  30.210758  2.384
 46   471.019 53812.60284959  3.59 107.991215  30.214048  2.384
 47   474.964 53847.60290240  1.30 107.980299  30.206399  2.569
 47   477.985 53847.60290305  2.42 107.979409  30.209679  2.569
 47   475.890 53847.60290369  5.00 107.978519  30.212969  2.569
 49   141.604 53917.60298391 22.01 107.978959  30.202490 17.841
 49   142.155 53917.60298455 23.97 107.978069  30.205780 17.841
 49   140.687 53917.60298520 24.76 107.977179  30.209070 17.841
 49   140.964 53917.60298584 23.88 107.976289  30.212350 17.841
 50   140.166 53952.60298772 25.99 107.978780  30.200986 15.212
 50   139.443 53952.60298836 25.07 107.977890  30.204276 15.212
 50   140.484 53952.60298901 30.33 107.976990  30.207566 15.212
 50   139.317 53952.60298965 26.33 107.976100  30.210846 15.212
 52   157.610 54022.60296691 20.46 107.984939  30.203626  9.606
 52   157.069 54022.60296756 19.83 107.984049  30.206916  9.606
 52   157.621 54022.60296820 20.25 107.983159  30.210196  9.606
 52   157.390 54022.60296885 19.71 107.982269  30.213486  9.606
 53   162.850 54057.60295933 17.63 107.992852  30.207477 14.670
 53   164.731 54057.60295997 14.03 107.991952  30.210757 14.670
 53   162.256 54057.60296062 15.37 107.991062  30.214047 14.670
 55   454.234 54127.60287772  0.41 107.982612  30.210292  2.309
 55   447.736 54127.60287836  4.52 107.981712  30.213572  2.309
 56   471.081 54162.60291116  0.43 107.984685  30.210218  2.418
 56   468.212 54162.60291180  2.69 107.983795  30.213508  2.418
 57   160.581 54197.60287818 21.50 107.985070  30.202189 12.478
 57   159.345 54197.60287882 20.93 107.984180  30.205479 12.478
 57   158.742 54197.60287946 21.59 107.983290  30.208769 12.478
 57   157.663 54197.60288011 20.20 107.982390  30.212049 12.478
 58   205.778 54232.60292342 21.42 107.986559  30.203583 10.553
 58   163.099 54232.60292407 20.40 107.985669  30.206863 10.553
 58   154.540 54232.60292471 20.00 107.984779  30.210153 10.553
 58   154.851 54232.60292536 19.47 107.983889  30.213443 10.553
 59   434.407 54267.60294332  4.51 107.985851  30.210393  3.420
 59   433.341 54267.60294397  6.76 107.984961  30.213683  3.420
 61   148.819 54337.60293180 25.26 107.989203  30.203156 11.227
 61   149.065 54337.60293244 25.15 107.988303  30.206446 11.227
 61   150.451 54337.60293309 25.47 107.987413  30.209726 11.227
 61   146.389 54337.60293373 29.41 107.986523  30.213016 11.227
 63   468.454 54407.60287785  0.50 107.985986  30.207554  2.330
 63   471.092 54407.60287849  2.80 107.985096  30.210834  2.330
 63   472.364 54407.60287914  5.37 107.984196  30.214124  2.330
 64   172.594 54442.60283867 22.85 107.984280  30.202985 12.517
 64   163.607 54442.60283931 22.81 107.983390  30.206265 12.517
 64   163.886 54442.60283996 23.49 107.982500  30.209555 12.517
 64   162.381 54442.60284060 23.11 107.981600  30.212835 12.517
 65   285.192 54477.60286618 13.03 107.987930  30.204818  9.817
 65   245.850 54477.60286682 12.22 107.987040  30.208098  9.817
 65   161.431 54477.60286746 14.15 107.986150  30.211388  9.817
 65   200.841 54477.60286811 12.43 107.985260  30.214668  9.817
 66   167.098 54512.60285414 19.70 107.984777  30.204153 11.912
 66   154.708 54512.60285478 20.00 107.983887  30.207443 11.912
 66   154.952 54512.60285543 20.65 107.982997  30.210733 11.912
 67   466.532 54547.60288024  1.01 107.987821  30.205857  2.499
 67   470.832 54547.60288089  2.60 107.986931  30.209147  2.499
 67   455.027 54547.60288153  6.50 107.986031  30.212427  2.499
 68   231.724 54582.60284991 15.38 107.987916  30.203008  5.985
 68   237.472 54582.60285055 14.63 107.987026  30.206298  5.985
 68   331.036 54582.60285184 13.29 107.985246  30.212868  5.985
 69   195.800 54617.60287068 22.03 107.987697  30.203476  7.752
 69   152.410 54617.60287132 22.86 107.986807  30.206766  7.752
 69   150.081 54617.60287197 25.48 107.985917  30.210046  7.752
 69   151.503 54617.60287261 21.44 107.985027  30.213336  7.752
 71   150.463 54687.60287311 24.52 107.988106  30.204150 16.821
 71   151.278 54687.60287376 23.99 107.987216  30.207440 16.821
 71   151.184 54687.60287440 23.58 107.986326  30.210720 16.821
 71   150.540 54687.60287505 24.33 107.985426  30.214010 16.821
 72   403.380 54722.60282991  3.74 107.984807  30.203309  5.161
 72   434.489 54722.60283055  2.14 107.983917  30.206589  5.161
 72   469.734 54722.60283184  5.07 107.982127  30.213159  5.161
 73   470.631 54757.60284914  0.17 107.985734  30.208185  2.907
 73   471.530 54757.60284979  2.44 107.984844  30.211475  2.907
 74   174.972 54792.60282293 22.72 107.982437  30.203771 10.353
 74   175.493 54792.60282357 22.25 107.981547  30.207061 10.353
 74   175.060 54792.60282422 22.09 107.980647  30.210351 10.353
 75   460.178 54827.60284721  1.00 107.985344  30.208312  2.745
 75   455.317 54827.60284786  4.20 107.984444  30.211602  2.745
 76   455.208 54862.60281788  1.03 107.984184  30.207312  2.054
 76   454.235 54862.60281852  2.60 107.983294  30.210602  2.054
 77   166.799 54897.60284619 21.45 107.986590  30.204139 10.008
 77   166.851 54897.60284684 18.88 107.985700  30.207419 10.008
 77   165.962 54897.60284748 19.41 107.984810  30.210709 10.008
 77   166.454 54897.60284813 19.54 107.983910  30.213999 10.008
 81   161.586 55037.60285363 16.29 107.988419  30.203245 13.505
 81   148.796 55037.60285428 16.92 107.987529  30.206535 13.505
 81   148.251 55037.60285492 18.24 107.986629  30.209815 13.505
 81   148.406 55037.60285557 17.86 107.985739  30.213105 13.505
 82   253.579 55072.60284018  9.30 107.988759  30.203013  5.126
 82   332.169 55072.60284083  4.82 107.987869  30.206303  5.126
 82   405.064 55072.60284147  3.90 107.986979  30.209593  5.126
 82   328.421 55072.60284211  6.71 107.986089  30.212873  5.126
 84   468.997 55142.60279211  0.09 107.984914  30.210364  2.394
 84   472.716 55142.60279275  2.14 107.984024  30.213654  2.394
 85   180.240 55177.60275726 15.65 107.984532  30.203008 11.602
 85   176.908 55177.60275791 15.86 107.983642  30.206298 11.602
 85   179.116 55177.60275855 15.87 107.982742  30.209578 11.602
 85   177.367 55177.60275920 17.39 107.981852  30.212868 11.602
 86   169.232 55212.60278565 23.96 107.986910  30.203619 10.837
 86   169.188 55212.60278630 23.12 107.986020  30.206899 10.837
 86   168.879 55212.60278694 23.16 107.985120  30.210189 10.837
 86   168.510 55212.60278759 23.53 107.984230  30.213479 10.837
 87   163.702 55247.60275885 20.04 107.985729  30.203555 10.540
 87   164.253 55247.60275949 18.71 107.984839  30.206845 10.540
 87   164.295 55247.60276014 20.14 107.983946  30.210132 11.299
 87   164.048 55247.60276078 19.85 107.983056  30.213422 11.299
 88   457.136 55282.60278058  2.19 107.985461  30.210260  2.345
 88   469.865 55282.60278122  3.32 107.984561  30.213540  2.345
 90   157.429 55352.60275215 26.46 107.987494  30.204718 14.753
 90   158.642 55352.60275279 26.95 107.986604  30.208008 14.753
 90   155.531 55352.60275344 28.54 107.985704  30.211298 14.753
 93   164.611 55457.60274295 29.48 107.989422  30.204450 12.116
 93   165.702 55457.60274360 26.78 107.988532  30.207740 12.116
 93   164.779 55457.60274424 27.57 107.987642  30.211030 12.116
 93   164.072 55457.60274489 28.87 107.986752  30.214310 12.116
