# NaN NaN NaN ;Mean Elev.(m), Avg Gradient(m/km), RMS Gradient(m/km) - SRTM1     
#   28.363  -1.986  13.243 ;Mean Elev.(m), Avg Gradient(m/km), RMS Gradient(m/km) - ASTER GDEM
#   40.231  -2.305  12.583 ;Mean Elev.(m), Avg Gradient(m/km), RMS Gradient(m/km) - GMTED2010 
  7   103.447 52470.12096346  5.88 111.512079  30.413599  6.286
  7   104.543 52470.12096410  4.74 111.511179  30.410319  6.286
  8    54.913 52505.12094698 17.16 111.512332  30.413862 11.164
  8    52.199 52505.12094762 18.04 111.511432  30.410572 11.164
  9    71.030 52540.12093047 15.28 111.521317  30.409332 13.987
  9    53.335 52540.12093111 15.53 111.520417  30.406042 13.987
  9    50.894 52540.12093176 15.60 111.519527  30.402762 13.987
 10    77.725 52575.12097457 12.14 111.512620  30.417431 13.606
 10    69.519 52575.12097521 12.55 111.511720  30.414141 13.606
 10    67.263 52575.12097586 13.66 111.510830  30.410851 13.606
 11    37.739 52610.12093553 18.27 111.514021  30.415601 11.800
 11    37.658 52610.12093617 19.26 111.513121  30.412311 11.800
 11    48.894 52610.12093682 19.39 111.512231  30.409031 11.800
 12    36.725 52645.12092624 24.39 111.515858  30.411596 13.403
 12    37.122 52645.12092689 29.14 111.514968  30.408306 13.403
 13    51.529 52680.12090237 18.84 111.518927  30.411959 12.476
 13    36.328 52680.12090302 22.81 111.518027  30.408669 12.476
 13    36.563 52680.12090366 36.27 111.517137  30.405379 12.476
 16    49.987 52785.12091897 21.63 111.517021  30.410926  9.832
 16    50.494 52785.12091962 20.70 111.516121  30.407646  9.832
 17    53.284 52820.12099404 17.83 111.516736  30.412252 12.151
 17    53.351 52820.12099468 15.57 111.515836  30.408962 12.151
 17    53.439 52820.12099533 16.15 111.514936  30.405682 12.151
 18    52.426 52855.12104263 15.23 111.518231  30.410488 11.359
 18    50.706 52855.12104327 16.07 111.517331  30.407198 11.359
 18    50.648 52855.12104392 18.00 111.516441  30.403918 11.359
 20    46.515 52925.12102817 19.84 111.511304  30.416484 14.571
 20    61.376 52925.12102881 13.60 111.510404  30.413204 14.571
 20    54.702 52925.12102946 14.41 111.509514  30.409914 14.571
 22    37.278 52995.12103067 26.50 111.515784  30.412220 12.647
 22    37.551 52995.12103132 28.25 111.514884  30.408940 12.647
 23    36.561 53030.12099396 30.06 111.512395  30.412590 12.194
 23    36.630 53030.12099460 29.46 111.511495  30.409300 12.194
 24    37.113 53065.12100206 39.92 111.519160  30.407670 16.018
 24    37.341 53065.12100271 41.26 111.518270  30.404390 16.018
 25    47.797 53100.12100701 19.31 111.508103  30.416245 11.068
 25    37.160 53100.12100765 21.29 111.507213  30.412955 11.068
 28    54.791 53205.12107023 15.05 111.513371  30.412717 14.514
 28    59.145 53205.12107087 16.08 111.512471  30.409427 14.514
 29    55.557 53240.12103820 16.49 111.517612  30.412258 13.058
 29    51.317 53240.12103884 16.20 111.516712  30.408968 13.058
 29    51.689 53240.12103948 17.32 111.515822  30.405688 13.058
 31    62.391 53310.12105245 13.52 111.512278  30.414066 14.244
 31    53.972 53310.12105309 14.62 111.511378  30.410786 14.244
 33    36.877 53380.12097063 33.34 111.521138  30.407535 16.077
 33    37.050 53380.12097128 33.03 111.520238  30.404255 16.077
 34    36.745 53415.12099685 28.03 111.518984  30.407512 13.312
 34    36.666 53415.12099750 41.46 111.518084  30.404222 13.312
 36    61.442 53485.12107379 19.95 111.510239  30.418161 10.463
 36    43.092 53485.12107443 20.98 111.509349  30.414871 10.463
 36    38.235 53485.12107508 21.13 111.508449  30.411581 10.463
 37    57.654 53520.12107004 21.49 111.516746  30.413477 11.175
 37    49.870 53520.12107069 19.50 111.515846  30.410197 11.175
 37    50.017 53520.12107133 19.20 111.514956  30.406907 11.175
 38    61.483 53555.12109272 17.82 111.509322  30.418671 11.597
 38    48.857 53555.12109337 16.02 111.508422  30.415391 11.597
 38    50.466 53555.12109401 16.97 111.507532  30.412101 11.597
 39    48.337 53590.12103760 17.79 111.518355  30.409488  9.539
 39    49.544 53590.12103825 17.40 111.517455  30.406208  9.539
 40    48.868 53625.12101741 16.40 111.513348  30.414811 11.990
 40    49.804 53625.12101806 15.52 111.512448  30.411531 11.990
 41    61.846 53660.12104392 16.43 111.515187  30.414961 14.851
 41    48.464 53660.12104456 17.18 111.514287  30.411671 14.851
 41    49.831 53660.12104521 17.44 111.513397  30.408391 14.851
 42    48.867 53695.12101830 17.02 111.512804  30.413357 13.117
 42    50.002 53695.12101895 17.54 111.511904  30.410077 13.117
 43    36.728 53730.12094130 24.18 111.514716  30.412301 14.878
 43    37.328 53730.12094194 25.55 111.513816  30.409021 14.878
 45    38.182 53800.12091259 23.34 111.516481  30.412564 12.870
 45    38.393 53800.12091323 24.62 111.515591  30.409274 12.870
 45    38.229 53800.12091388 25.01 111.514691  30.405984 12.870
 46    37.163 53835.12091452 43.95 111.519310  30.409836 13.049
 46    37.407 53835.12091517 43.02 111.518410  30.406556 13.049
 46    37.715 53835.12091581 44.46 111.517520  30.403266 13.049
 47    57.559 53870.12097451 16.26 111.515133  30.411688 12.629
 47    55.400 53870.12097515 17.33 111.514243  30.408408 12.629
 48    49.828 53905.12100915 17.87 111.513717  30.413843 11.638
 48    50.026 53905.12100980 18.53 111.512817  30.410553 11.638
 49    50.904 53940.12104104 17.59 111.506877  30.418234  9.313
 49    50.853 53940.12104169 17.62 111.505987  30.414954  9.313
 49    47.561 53940.12104233 22.96 111.505087  30.411664  9.313
 50    43.126 53975.12099948 19.02 111.511220  30.417915 10.121
 50    42.378 53975.12100013 19.87 111.510320  30.414635 10.121
 50    38.683 53975.12100077 19.99 111.509430  30.411345 10.121
 51    51.765 54010.12099703 18.25 111.520482  30.411249  9.009
 51    47.070 54010.12099768 18.42 111.519592  30.407959  9.009
 51    49.650 54010.12099832 19.02 111.518692  30.404679  9.009
 52    51.457 54045.12101529 19.04 111.521577  30.409441  8.918
 52    46.929 54045.12101594 18.96 111.520687  30.406151  8.918
 52    47.482 54045.12101658 20.24 111.519787  30.402871  8.918
 53    48.472 54080.12100777 18.11 111.513822  30.414775 12.146
 53    36.781 54080.12100841 20.78 111.512922  30.411485 12.146
 54    35.881 54115.12094226 22.88 111.512049  30.416095 11.020
 54    36.034 54115.12094291 23.71 111.511159  30.412815 11.020
 54    36.051 54115.12094355 24.56 111.510259  30.409525 11.020
 56    36.598 54185.12093405 27.72 111.511810  30.413077 11.574
 56    36.897 54185.12093470 26.97 111.510910  30.409787 11.574
 57    52.111 54220.12096481 19.00 111.515871  30.413091 11.763
 57    49.194 54220.12096545 19.14 111.514971  30.409811 11.763
 57    50.342 54220.12096610 19.73 111.514081  30.406521 11.763
 58    53.772 54255.12098878 18.00 111.514832  30.412341 13.395
 58    49.965 54255.12098943 18.67 111.513932  30.409061 13.395
 59    46.446 54290.12099189 19.25 111.516330  30.410680 10.476
 59    46.438 54290.12099254 20.16 111.515440  30.407400 10.476
 60    53.889 54325.12098870 16.97 111.516994  30.414075 11.947
 60    49.166 54325.12098934 16.77 111.516094  30.410785 11.947
 60    49.711 54325.12098999 17.58 111.515204  30.407495 11.947
 61    45.585 54360.12094223 17.89 111.512847  30.414606 14.298
 61    49.653 54360.12094287 16.87 111.511957  30.411326 14.298
 62    39.720 54395.12092957 18.54 111.516574  30.410537 12.967
 62    47.707 54395.12093021 19.37 111.515684  30.407257 12.967
 63    88.361 54430.12089255 12.34 111.515281  30.414517 10.604
 63    86.628 54430.12089320 13.11 111.514391  30.411227 10.604
 63    50.063 54430.12089384 18.76 111.513491  30.407937 10.604
 64    48.936 54465.12090914 17.09 111.518345  30.411543 13.683
 64    37.017 54465.12090978 21.64 111.517455  30.408263 13.683
 64    37.152 54465.12091042 32.25 111.516555  30.404973 13.683
 65    36.087 54500.12090505 41.12 111.514638  30.410690 20.055
 65    37.194 54500.12090570 34.90 111.513738  30.407400 20.055
 66    36.410 54535.12092395 46.95 111.516483  30.410588 18.618
 66    37.018 54535.12092460 50.12 111.515583  30.407298 18.618
 67    37.886 54570.12090722 34.30 111.513591  30.413355 12.319
 67    38.391 54570.12090787 35.89 111.512691  30.410065 12.319
 68    49.701 54605.12091744 23.36 111.515932  30.413485 14.170
 68    39.139 54605.12091809 23.68 111.515042  30.410205 14.170
 68    39.418 54605.12091873 25.34 111.514142  30.406915 14.170
 69    64.915 54640.12092752 15.77 111.514396  30.414361 13.539
 69    52.312 54640.12092817 17.45 111.513506  30.411081 13.539
 70    50.549 54675.12092944 18.16 111.514700  30.415611 12.548
 70    43.893 54675.12093008 19.90 111.513800  30.412321 12.548
 70    49.073 54675.12093073 20.51 111.512910  30.409041 12.548
 71    45.377 54710.12088665 21.87 111.514812  30.412513 13.995
 71    45.576 54710.12088730 22.02 111.513912  30.409223 13.995
 72    53.172 54745.12089747 15.58 111.515749  30.412332 12.609
 72    50.745 54745.12089811 16.22 111.514849  30.409042 12.609
 73    47.434 54780.12087133 19.68 111.515493  30.411514 16.172
 73    48.547 54780.12087197 20.39 111.514593  30.408224 16.172
 74    37.130 54815.12089056 22.12 111.516842  30.411438 13.108
 74    37.679 54815.12089120 21.79 111.515942  30.408148 13.108
 75    37.186 54850.12086969 19.71 111.514255  30.412058 14.718
 75    49.194 54850.12087033 20.44 111.513365  30.408778 14.718
 76    85.393 54885.12089409 13.14 111.515661  30.414944 16.142
 76    38.082 54885.12089474 24.97 111.514761  30.411654 16.142
 76    38.066 54885.12089538 28.60 111.513861  30.408364 16.142
 77    36.661 54920.12087057 27.87 111.510404  30.416035 11.735
 77    37.163 54920.12087122 28.92 111.509504  30.412745 11.735
 78    56.044 54955.12088889 19.59 111.515955  30.413443 11.228
 78    40.334 54955.12088953 20.65 111.515065  30.410163 11.228
 78    49.641 54955.12089018 21.14 111.514165  30.406873 11.228
 79    39.810 54990.12091258 30.73 111.513791  30.415428 11.456
 79    40.438 54990.12091323 31.55 111.512901  30.412148 11.456
 79    40.501 54990.12091387 29.10 111.512001  30.408858 11.456
 80    49.994 55025.12090407 23.95 111.515922  30.414545 16.652
 80    44.280 55025.12090472 22.44 111.515032  30.411265 16.652
 80    43.962 55025.12090536 23.18 111.514132  30.407975 16.652
 81    61.684 55060.12089789 15.52 111.515946  30.414669 17.303
 81    50.907 55060.12089853 16.80 111.515046  30.411379 17.303
 81    50.741 55060.12089918 16.66 111.514156  30.408099 17.303
 82    55.069 55095.12084980 15.30 111.512266  30.416293 12.449
 82    53.397 55095.12085044 16.02 111.511376  30.413003 12.449
 82    52.170 55095.12085109 17.13 111.510476  30.409713 12.449
 83    38.432 55130.12084067 19.57 111.515752  30.412985 13.816
 83    39.097 55130.12084132 20.22 111.514852  30.409695 13.816
 85    71.106 55200.12083231 11.98 111.515681  30.412323 11.792
 85    51.562 55200.12083295 15.36 111.514781  30.409033 11.792
 87    36.912 55270.12082670 24.75 111.515647  30.413057 13.510
 87    36.990 55270.12082734 25.88 111.514747  30.409767 13.510
 88    37.274 55305.12079827 25.74 111.513564  30.413597 11.599
 88    37.121 55305.12079892 26.48 111.512664  30.410307 11.599
 89    51.380 55340.12079849 19.02 111.515501  30.411357 12.554
 89    49.488 55340.12079913 21.04 111.514611  30.408077 12.554
 90    42.476 55375.12079071 20.33 111.514990  30.412284 12.477
 90    49.430 55375.12079135 21.26 111.514090  30.408994 12.477
 91    48.781 55410.12081254 18.55 111.517298  30.411152  9.936
 91    49.593 55410.12081319 18.86 111.516398  30.407862  9.936
 91    49.875 55410.12081383 19.24 111.515508  30.404582  9.936
 92    49.571 55445.12080707 18.23 111.515199  30.411422 18.787
 92    49.857 55445.12080771 19.18 111.514309  30.408142 18.787
 93    73.707 55480.12074166 15.60 111.513330  30.415920 12.108
 93    54.521 55480.12074230 16.12 111.512440  30.412630 12.108
 93    54.898 55480.12074295 16.97 111.511540  30.409340 12.108
