# NaN NaN NaN ;Mean Elev.(m), Avg Gradient(m/km), RMS Gradient(m/km) - SRTM1     
#    4.078  -0.939   7.789 ;Mean Elev.(m), Avg Gradient(m/km), RMS Gradient(m/km) - ASTER GDEM
#    0.502  -1.167   8.615 ;Mean Elev.(m), Avg Gradient(m/km), RMS Gradient(m/km) - GMTED2010 
  6     5.446 52439.56938223 24.78 119.642212  32.195597 16.851
  6     4.301 52439.56938288 21.17 119.641292  32.198877 16.851
  6     3.319 52439.56938352 25.96 119.640368  32.202163 31.270
  6     3.509 52439.56938417 30.39 119.639448  32.205443 31.270
  7     8.260 52474.56938095 22.32 119.646629  32.197628 24.129
  7     5.540 52474.56938159 22.37 119.645699  32.200918 24.129
  7     3.569 52474.56938224 26.22 119.644789  32.204198 24.129
  7     3.898 52474.56938288 29.84 119.643859  32.207478 24.129
  8     5.025 52509.56934359 24.70 119.655141  32.201670 16.147
  8     4.830 52509.56934423 22.72 119.654221  32.204950 16.147
  8     4.901 52509.56934487 23.40 119.653301  32.208230 16.147
  8     4.998 52509.56934552 26.39 119.652381  32.211520 16.147
  9     7.295 52544.56934503 17.41 119.651989  32.201120 19.357
  9     6.283 52544.56934567 18.66 119.651069  32.204410 19.357
  9     5.533 52544.56934632 20.43 119.650149  32.207690 19.357
  9     4.102 52544.56934696 26.53 119.649229  32.210970 19.357
 10     6.989 52579.56938150 23.59 119.648151  32.197406 16.844
 10     6.637 52579.56938215 18.47 119.647231  32.200696 16.844
 10     5.848 52579.56938279 20.60 119.646311  32.203976 16.844
 10     2.944 52579.56938344 27.11 119.645381  32.207256 16.844
 11     7.012 52614.56934868 29.03 119.650806  32.197519 12.548
 11     7.162 52614.56934932 22.89 119.649886  32.200799 12.548
 11     6.537 52614.56934997 21.55 119.648966  32.204089 12.548
 11     5.927 52614.56935061 22.33 119.648046  32.207369 12.548
 11     3.378 52614.56935126 32.90 119.647126  32.210649 12.548
 12     6.422 52649.56932888 21.84 119.653130  32.199431 15.741
 12     6.108 52649.56932952 21.96 119.652210  32.202721 15.741
 12     2.285 52649.56933017 22.72 119.651290  32.206001 15.741
 12     4.792 52649.56933081 23.48 119.650370  32.209281 15.741
 12     3.215 52649.56933146 29.71 119.649440  32.212571 15.741
 13     6.810 52684.56931154 27.94 119.657864  32.201722 21.231
 13     6.755 52684.56931219 23.27 119.656944  32.205002 21.231
 13     6.726 52684.56931283 22.51 119.656024  32.208282 21.231
 13     5.908 52684.56931348 24.32 119.655094  32.211572 21.231
 13     3.090 52684.56931412 30.80 119.654174  32.214852 21.231
 14     7.376 52719.56936450 19.25 119.648567  32.199321  9.930
 14     6.785 52719.56936514 18.79 119.647647  32.202601  9.930
 14     3.971 52719.56936579 22.80 119.646717  32.205881  9.930
 14     4.324 52719.56936643 31.56 119.645801  32.209168 19.484
 15     5.448 52754.56938817 29.89 119.642568  32.195509 19.867
 15     5.870 52754.56938882 24.39 119.641648  32.198789 19.867
 15     3.670 52754.56938946 25.30 119.640728  32.202079 19.867
 15     3.439 52754.56939011 35.63 119.639808  32.205359 19.867
 16     4.595 52789.56933623 30.28 119.646993  32.196467 17.714
 16     4.755 52789.56933687 19.28 119.646073  32.199747 17.714
 16     4.009 52789.56933752 21.50 119.645153  32.203027 17.714
 16     3.148 52789.56933816 28.36 119.644238  32.206312 30.784
 17     7.097 52824.56940649 30.24 119.650352  32.197251 11.089
 17     6.970 52824.56940713 23.97 119.649422  32.200541 11.089
 17     6.499 52824.56940778 22.45 119.648502  32.203821 11.089
 17     5.478 52824.56940842 25.79 119.647582  32.207101 11.089
 17     3.365 52824.56940907 37.32 119.646660  32.210387 32.971
 18     6.791 52859.56945292 21.69 119.652188  32.199306 14.394
 18     6.301 52859.56945356 21.01 119.651268  32.202596 14.394
 18     5.789 52859.56945421 20.91 119.650348  32.205876 14.394
 18     4.047 52859.56945485 23.58 119.649428  32.209156 14.394
 19     5.912 52894.56948405 20.76 119.648645  32.199682 17.687
 19     5.366 52894.56948470 20.66 119.647725  32.202962 17.687
 19     5.084 52894.56948534 21.87 119.646805  32.206252 17.687
 19     4.953 52894.56948599 28.42 119.645885  32.209532 17.687
 20     6.377 52929.56943339 27.07 119.652267  32.198999 12.177
 20     6.063 52929.56943403 22.17 119.651347  32.202289 12.177
 20     3.041 52929.56943468 23.58 119.650427  32.205569 12.177
 20     3.714 52929.56943532 24.30 119.649507  32.208849 12.177
 20     3.995 52929.56943596 31.13 119.648587  32.212139 12.177
 21     6.601 52964.56942029 29.10 119.652025  32.197889 21.414
 21    10.163 52964.56942093 20.90 119.651105  32.201169 21.414
 21     6.313 52964.56942158 19.89 119.650185  32.204449 21.414
 21     5.581 52964.56942222 20.86 119.649265  32.207739 21.414
 21     2.951 52964.56942286 30.08 119.648345  32.211019 21.414
 22     4.953 52999.56945606 20.50 119.645832  32.197004 26.601
 22     6.008 52999.56945670 18.09 119.644912  32.200284 26.601
 22     2.713 52999.56945735 21.61 119.643992  32.203574 26.601
 22     2.702 52999.56945799 29.80 119.643062  32.206854 26.601
 23     6.755 53034.56940728 20.92 119.651863  32.199934 15.184
 23     6.610 53034.56940792 17.36 119.650943  32.203224 15.184
 23     5.784 53034.56940857 19.41 119.650023  32.206504 15.184
 23     2.203 53034.56940921 26.83 119.649103  32.209784 15.184
 24     7.042 53069.56942424 18.93 119.651360  32.199334 17.847
 24     6.567 53069.56942489 18.55 119.650440  32.202614 17.847
 24     5.813 53069.56942553 19.98 119.649520  32.205904 17.847
 24     5.069 53069.56942618 22.34 119.648600  32.209184 17.847
 25     7.139 53104.56940904 17.59 119.651972  32.201026 14.327
 25     6.300 53104.56940968 18.48 119.651052  32.204316 14.327
 25     5.626 53104.56941033 19.97 119.650132  32.207596 14.327
 25     2.162 53104.56941097 26.66 119.649212  32.210876 14.327
 26     6.819 53139.56942970 29.40 119.651604  32.197775 22.450
 26     6.572 53139.56943034 22.97 119.650684  32.201055 22.450
 26     6.647 53139.56943099 20.84 119.649764  32.204345 22.450
 26     6.019 53139.56943163 21.64 119.648844  32.207625 22.450
 26     2.687 53139.56943228 28.81 119.647924  32.210905 22.450
 27     6.915 53174.56946674 29.74 119.649853  32.197995 12.138
 27     6.781 53174.56946739 24.63 119.648933  32.201275 12.138
 27     6.314 53174.56946803 24.42 119.648003  32.204565 12.138
 27     5.097 53174.56946868 28.28 119.647083  32.207845 12.138
 28     6.476 53209.56948410 22.22 119.649771  32.199051 11.362
 28     5.752 53209.56948475 23.03 119.648851  32.202331 11.362
 28     3.532 53209.56948539 23.57 119.647931  32.205611 11.362
 28     3.673 53209.56948604 26.66 119.647008  32.208898 24.614
 29     6.494 53244.56945175 25.84 119.654536  32.199638 13.558
 29     6.548 53244.56945240 19.80 119.653616  32.202918 13.558
 29     6.031 53244.56945304 19.49 119.652696  32.206198 13.558
 29     4.887 53244.56945369 23.53 119.651775  32.209485 27.587
 29     3.823 53244.56945433 27.62 119.650855  32.212765 27.587
 30     6.258 53279.56943185 22.59 119.646695  32.196819 25.511
 30     7.018 53279.56943249 17.54 119.645775  32.200109 25.511
 30     3.831 53279.56943314 21.65 119.644855  32.203389 25.511
 30     4.207 53279.56943378 27.18 119.643935  32.206669 25.511
 31     5.890 53314.56945327 24.10 119.650187  32.197377 13.803
 31     6.857 53314.56945392 16.90 119.649257  32.200667 13.803
 31     6.092 53314.56945456 18.31 119.648347  32.203947 13.803
 31     3.097 53314.56945520 21.06 119.647417  32.207227 13.803
 31     3.023 53314.56945585 37.44 119.646499  32.210513 34.047
 32    14.079 53349.56941975 16.43 119.654723  32.202271 12.401
 32    14.090 53349.56942040 16.91 119.653803  32.205551 12.401
 32     5.580 53349.56942104 20.95 119.652883  32.208831 12.401
 32     2.611 53349.56942169 29.50 119.651961  32.212118 27.392
 33     5.220 53384.56939475 30.04 119.648677  32.195999 19.446
 33     5.548 53384.56939540 21.27 119.647756  32.199284 13.375
 33     2.239 53384.56939604 22.55 119.646836  32.202564 13.375
 33     2.468 53384.56939669 22.65 119.645916  32.205854 13.375
 33     2.960 53384.56939733 27.63 119.644996  32.209134 13.375
 34     6.792 53419.56940200 24.16 119.658191  32.204529 24.258
 34    12.822 53419.56940264 21.28 119.657271  32.207809 24.258
 34     6.293 53419.56940329 21.96 119.656351  32.211099 24.258
 34     3.074 53419.56940393 26.73 119.655431  32.214379 24.258
 35    10.524 53454.56940706 18.56 119.649370  32.199435 12.816
 35     6.098 53454.56940771 19.16 119.648446  32.202719 26.879
 35     5.738 53454.56940835 19.54 119.647526  32.205999 26.879
 35     2.501 53454.56940900 30.76 119.646606  32.209289 26.879
 36     6.183 53489.56949183 29.03 119.643749  32.195692 13.228
 36     6.516 53489.56949247 22.81 119.642825  32.198978 21.565
 36     5.403 53489.56949312 23.97 119.641905  32.202258 21.565
 36     3.218 53489.56949376 27.40 119.640985  32.205538 21.565
 37    13.307 53524.56947883 15.80 119.653841  32.200800 16.553
 37     6.378 53524.56947948 17.61 119.652917  32.204088 28.186
 37     2.891 53524.56948012 22.08 119.651997  32.207368 28.186
 37     2.742 53524.56948077 27.42 119.651077  32.210648 28.186
 38     5.831 53559.56950501 27.27 119.645942  32.196114 16.358
 38     7.030 53559.56950565 19.65 119.645022  32.199394 16.358
 38     4.812 53559.56950630 23.17 119.644102  32.202682 32.711
 38     3.501 53559.56950694 26.61 119.643182  32.205962 32.711
 39    14.226 53594.56944347 17.27 119.659563  32.202138 17.851
 39    15.344 53594.56944412 17.01 119.658647  32.205426 23.757
 39     6.747 53594.56944476 18.65 119.657717  32.208706 23.757
 39     6.047 53594.56944541 21.56 119.656807  32.211986 23.757
 39     4.615 53594.56944605 32.22 119.655877  32.215276 23.757
 40     5.313 53629.56943567 26.55 119.641348  32.196107 11.050
 40     4.786 53629.56943631 22.99 119.640424  32.199392 26.825
 40     4.273 53629.56943696 26.57 119.639504  32.202672 26.825
 40     4.608 53629.56943760 38.95 119.638584  32.205962 26.825
 41     6.865 53664.56945938 20.85 119.647708  32.196804  9.873
 41     9.848 53664.56946002 18.26 119.646788  32.200084  9.873
 41     5.803 53664.56946067 21.19 119.645864  32.203370 21.764
 41     4.180 53664.56946131 24.23 119.644944  32.206650 21.764
 42    13.918 53699.56941663 17.30 119.654642  32.199918 13.194
 42    13.813 53699.56941727 18.05 119.653722  32.203208 13.194
 42     5.800 53699.56941792 19.80 119.652802  32.206488 13.194
 42     5.166 53699.56941856 23.14 119.651882  32.209768 13.194
 42     2.835 53699.56941921 32.44 119.650961  32.213054 28.638
 43     6.918 53734.56933957 26.35 119.659188  32.204083 14.872
 43     6.688 53734.56934022 26.37 119.658268  32.207363 14.872
 43     6.419 53734.56934086 25.14 119.657348  32.210643 14.872
 43     5.878 53734.56934151 23.93 119.656432  32.213931 21.803
 44     7.516 53769.56932462 20.56 119.655229  32.201851 17.000
 44     7.566 53769.56932526 18.21 119.654309  32.205131 17.000
 44     5.741 53769.56932591 21.59 119.653379  32.208421 17.000
 44     2.787 53769.56932655 26.57 119.652459  32.211701 17.000
 45     6.739 53804.56931956 20.81 119.657522  32.202010 14.664
 45     6.596 53804.56932021 21.36 119.656602  32.205290 14.664
 45     6.028 53804.56932085 22.58 119.655685  32.208577 19.711
 45     5.427 53804.56932150 23.31 119.654755  32.211857 19.711
 48    11.188 53909.56943030 19.52 119.645839  32.194911 14.989
 48     8.708 53909.56943095 19.19 119.644919  32.198191 14.989
 48     5.577 53909.56943159 22.69 119.643999  32.201481 14.989
 48     3.059 53909.56943223 28.24 119.643079  32.204761 14.989
 48     3.276 53909.56943288 38.96 119.642149  32.208041 14.989
 49     7.952 53944.56945254 22.30 119.643373  32.196297 19.418
 49     7.392 53944.56945318 19.79 119.642453  32.199577 19.418
 49     5.097 53944.56945383 23.54 119.641533  32.202857 19.418
 49     4.148 53944.56945447 31.44 119.640613  32.206147 19.418
 50     6.625 53979.56940155 20.03 119.651852  32.201245 13.092
 50     6.302 53979.56940220 18.92 119.650932  32.204535 13.092
 50     5.789 53979.56940284 19.92 119.650012  32.207815 13.092
 50     3.636 53979.56940349 24.87 119.649092  32.211095 13.092
 51     6.821 54014.56941636 25.08 119.649318  32.197091 15.026
 51     6.138 54014.56941700 22.21 119.648398  32.200371 15.026
 51     2.053 54014.56941764 24.08 119.647478  32.203651 15.026
 51     2.815 54014.56941829 24.26 119.646558  32.206941 15.026
 51     3.218 54014.56941893 28.41 119.645638  32.210221 15.026
 52     7.054 54049.56942139 16.87 119.657235  32.202751 18.511
 52    14.910 54049.56942203 17.99 119.656315  32.206041 18.511
 52     6.072 54049.56942268 20.39 119.655395  32.209321 18.511
 52     2.844 54049.56942332 26.12 119.654465  32.212601 18.511
 54     6.588 54119.56934187 19.62 119.656219  32.202173 17.972
 54     6.589 54119.56934252 19.25 119.655299  32.205463 17.972
 54     6.043 54119.56934316 20.56 119.654379  32.208743 17.972
 54     4.976 54119.56934381 23.57 119.653459  32.212023 17.972
 56    14.379 54189.56933748 17.10 119.655155  32.201569 18.325
 56     6.910 54189.56933813 18.54 119.654235  32.204849 18.325
 56     5.653 54189.56933877 21.67 119.653315  32.208139 18.325
 56     2.384 54189.56933942 26.43 119.652395  32.211419 18.325
 57     6.521 54224.56938037 22.07 119.649309  32.198751 17.864
 57     5.913 54224.56938101 23.42 119.648389  32.202041 17.864
 57     2.514 54224.56938166 23.46 119.647469  32.205321 17.864
 57     2.678 54224.56938230 24.84 119.646549  32.208611 17.864
 58    12.232 54259.56940164 17.66 119.651401  32.199840 15.914
 58     6.358 54259.56940228 19.29 119.650481  32.203130 15.914
 58     5.461 54259.56940293 20.79 119.649561  32.206410 15.914
 58     2.316 54259.56940357 26.48 119.648641  32.209700 15.914
 59     6.835 54294.56940461 25.92 119.652476  32.198925 17.440
 59     6.825 54294.56940525 20.30 119.651556  32.202215 17.440
 59     5.887 54294.56940589 22.07 119.650636  32.205495 17.440
 59     4.775 54294.56940654 23.36 119.649716  32.208785 17.440
 59     4.415 54294.56940718 33.57 119.648796  32.212065 17.440
 60     6.604 54329.56939860 20.85 119.654481  32.201710 18.031
 60     5.887 54329.56939925 22.54 119.653561  32.205000 18.031
 60     5.546 54329.56939989 22.84 119.652641  32.208280 18.031
 60     5.065 54329.56940054 25.45 119.651721  32.211570 18.031
 61     9.310 54364.56934452 21.12 119.655283  32.201522 19.283
 61    10.425 54364.56934517 18.63 119.654363  32.204802 19.283
 61     6.241 54364.56934581 19.37 119.653443  32.208092 19.283
 61     5.026 54364.56934646 23.73 119.652523  32.211372 19.283
 62     6.867 54399.56933936 21.43 119.652585  32.200850 15.296
 62     6.736 54399.56934000 20.27 119.651665  32.204130 15.296
 62     5.470 54399.56934065 22.07 119.650745  32.207410 15.296
 62     4.746 54399.56934129 24.02 119.649825  32.210700 15.296
 63     6.868 54434.56929674 19.34 119.655312  32.200375 16.609
 63     6.702 54434.56929738 17.74 119.654392  32.203655 16.609
 63     6.179 54434.56929803 19.63 119.653472  32.206935 16.609
 63     2.327 54434.56929867 24.65 119.652552  32.210225 16.609
 63     2.501 54434.56929932 30.89 119.651632  32.213505 16.609
 64     6.494 54469.56932222 22.39 119.652129  32.198761  9.375
 64     6.288 54469.56932287 22.56 119.651209  32.202041  9.375
 64     5.876 54469.56932351 23.39 119.650289  32.205321  9.375
 64     2.328 54469.56932416 24.08 119.649369  32.208611  9.375
 64     2.404 54469.56932480 27.91 119.648449  32.211891  9.375
 65    13.677 54504.56931175 20.98 119.654265  32.202581  9.103
 65     6.318 54504.56931240 20.60 119.653345  32.205871  9.103
 65     4.961 54504.56931304 24.75 119.652425  32.209151  9.103
 65     2.649 54504.56931369 30.09 119.651505  32.212431  9.103
 66     9.372 54539.56933791 17.79 119.652928  32.201973 24.360
 66     6.308 54539.56933856 20.33 119.652008  32.205253 24.360
 66     5.660 54539.56933920 20.83 119.651088  32.208543 24.360
 66     2.042 54539.56933985 29.78 119.650168  32.211823 24.360
 67    14.711 54574.56931232 17.31 119.655676  32.200772 16.052
 67     7.938 54574.56931296 17.40 119.654756  32.204062 16.052
 67     6.133 54574.56931361 19.99 119.653836  32.207342 16.052
 67     2.387 54574.56931425 23.99 119.652919  32.210629 26.670
 67     2.511 54574.56931489 32.84 119.651989  32.213909 26.670
 68    12.536 54609.56933061 17.87 119.651551  32.200603 13.690
 68     6.229 54609.56933125 19.88 119.650628  32.203892 23.217
 68     5.811 54609.56933190 20.23 119.649708  32.207172 23.217
 68     2.773 54609.56933254 25.28 119.648788  32.210452 23.217
 69     6.787 54644.56933786 24.71 119.651874  32.199047 12.838
 69     6.537 54644.56933850 21.24 119.650954  32.202327 12.838
 69     6.167 54644.56933915 20.55 119.650031  32.205614 29.514
 69     5.105 54644.56933979 24.61 119.649111  32.208894 29.514
 70    17.198 54679.56933965 13.20 119.651114  32.199941  8.191
 70    16.265 54679.56934030 11.63 119.650194  32.203221  8.191
 70    14.489 54679.56934094 11.72 119.649271  32.206508 14.472
 70    12.018 54679.56934159 12.74 119.648351  32.209788 14.472
 71     7.419 54714.56929163 19.75 119.656091  32.203456 14.564
 71     7.460 54714.56929228 19.16 119.655171  32.206736 14.564
 71     6.032 54714.56929292 20.88 119.654251  32.210016 14.564
 71     4.857 54714.56929356 25.87 119.653335  32.213304 26.625
 72     6.875 54749.56930968 19.35 119.649603  32.199737 13.286
 72    11.205 54749.56931032 17.68 119.648677  32.203024 24.906
 72     5.720 54749.56931097 19.99 119.647757  32.206304 24.906
 72     3.681 54749.56931161 25.40 119.646837  32.209584 24.906
 73     9.345 54784.56927862 19.38 119.654564  32.199558 14.295
 73    13.738 54784.56927926 17.48 119.653644  32.202838 14.295
 73    10.581 54784.56927991 19.56 119.652724  32.206118 14.295
 73     2.695 54784.56928055 25.08 119.651804  32.209403 20.799
 73     4.358 54784.56928120 28.95 119.650884  32.212683 20.799
 74     5.613 54819.56930219 22.74 119.650795  32.199504 13.611
 74     1.867 54819.56930283 22.97 119.649878  32.202789 14.665
 74     1.842 54819.56930348 24.34 119.648958  32.206069 14.665
 74     2.989 54819.56930412 25.12 119.648038  32.209359 14.665
 75    14.081 54854.56927588 17.33 119.654340  32.200603 11.652
 75     6.633 54854.56927653 19.83 119.653420  32.203883 11.652
 75     6.040 54854.56927717 20.82 119.652500  32.207163 11.652
 75     2.177 54854.56927782 26.03 119.651579  32.210450 23.162
 76     6.515 54889.56930653 27.86 119.650642  32.199282 14.540
 76    11.644 54889.56930717 22.89 119.649722  32.202562 14.540
 76    11.379 54889.56930782 22.05 119.648800  32.205848 23.076
 76     5.141 54889.56930846 26.81 119.647880  32.209128 23.076
 77    11.555 54924.56927490 18.87 119.654573  32.199644 12.049
 77     6.873 54924.56927554 18.41 119.653653  32.202934 12.049
 77     6.462 54924.56927619 19.43 119.652733  32.206214 12.049
 77     2.267 54924.56927683 25.58 119.651813  32.209494 12.049
 77     2.534 54924.56927748 27.46 119.650898  32.212779 23.739
 78     6.061 54959.56930476 21.16 119.649075  32.199210 16.227
 78     5.655 54959.56930541 21.24 119.648155  32.202490 16.227
 78     4.941 54959.56930605 22.75 119.647235  32.205770 16.227
 78     2.916 54959.56930670 24.98 119.646315  32.209060 16.227
 79     6.618 54994.56932648 24.00 119.649589  32.198710 13.489
 79     9.308 54994.56932712 19.37 119.648667  32.201998 25.436
 79     5.735 54994.56932777 21.92 119.647747  32.205278 25.436
 79     3.172 54994.56932841 25.59 119.646827  32.208558 25.436
 80     6.797 55029.56931652 21.20 119.651976  32.200662 14.802
 80     6.327 55029.56931716 21.20 119.651055  32.203948 24.646
 80     5.555 55029.56931781 22.35 119.650135  32.207228 24.646
 80     3.482 55029.56931845 25.26 119.649215  32.210508 24.646
 81    11.011 55064.56930799 23.13 119.653081  32.201012 11.779
 81    13.258 55064.56930864 20.97 119.652161  32.204292 11.779
 81     6.486 55064.56930928 23.00 119.651239  32.207579 16.971
 81     5.836 55064.56930993 24.16 119.650319  32.210859 16.971
 82    11.122 55099.56925230 21.43 119.654346  32.202604 12.531
 82     9.861 55099.56925294 18.78 119.653426  32.205894 12.531
 82     6.001 55099.56925359 21.96 119.652506  32.209174 12.531
 82     3.100 55099.56925423 28.81 119.651586  32.212454 12.531
 83    11.703 55134.56925216 18.42 119.650266  32.200374 17.000
 83    11.966 55134.56925281 18.08 119.649340  32.203659 25.571
 83     6.042 55134.56925345 19.85 119.648420  32.206939 25.571
 83     2.730 55134.56925409 32.61 119.647500  32.210229 25.571
 84    14.179 55169.56921649 19.26 119.654766  32.202115 13.306
 84     9.698 55169.56921714 18.68 119.653846  32.205395 13.306
 84     6.213 55169.56921778 19.95 119.652928  32.208681 21.253
 84     2.525 55169.56921843 29.34 119.652008  32.211961 21.253
 85    11.607 55204.56924526 18.37 119.650227  32.199349 16.312
 85     6.358 55204.56924590 19.80 119.649302  32.202636 23.278
 85     6.021 55204.56924655 19.71 119.648382  32.205916 23.278
 85     2.595 55204.56924719 23.61 119.647462  32.209196 23.278
 86     9.429 55239.56922323 21.27 119.653457  32.202312  9.335
 86     5.955 55239.56922388 24.57 119.652537  32.205592  9.335
 86     4.837 55239.56922452 24.76 119.651617  32.208872  9.335
 86     2.586 55239.56922517 29.31 119.650699  32.212159 21.446
 87    12.345 55274.56923883 21.81 119.652434  32.199268 16.018
 87     6.511 55274.56923948 21.79 119.651514  32.202553 14.865
 87     5.733 55274.56924012 22.54 119.650594  32.205833 14.865
 87     4.959 55274.56924077 24.04 119.649674  32.209123 14.865
 87     2.734 55274.56924141 29.52 119.648754  32.212403 14.865
 88    11.617 55309.56920712 20.60 119.655164  32.202333 12.871
 88     6.577 55309.56920776 21.23 119.654244  32.205613 12.871
 88     5.335 55309.56920840 24.69 119.653324  32.208893 12.871
 88     2.846 55309.56920905 29.83 119.652407  32.212181 24.899
 89    14.173 55344.56920783 18.59 119.652897  32.200734 12.168
 89    13.170 55344.56920847 18.78 119.651974  32.204022 21.278
 89     6.064 55344.56920912 21.55 119.651054  32.207302 21.278
 89     4.823 55344.56920976 23.59 119.650134  32.210582 21.278
 90     6.769 55379.56920155 22.51 119.653970  32.199173 11.018
 90    12.978 55379.56920219 22.41 119.653050  32.202453 11.018
 90     6.012 55379.56920284 22.78 119.652131  32.205739 27.079
 90     5.331 55379.56920348 23.97 119.651211  32.209019 27.079
 90     4.521 55379.56920413 35.26 119.650291  32.212299 27.079
 91     6.673 55414.56922722 25.94 119.650771  32.198488 17.035
 91     6.396 55414.56922786 21.92 119.649855  32.201774 26.362
 91     6.000 55414.56922851 21.92 119.648935  32.205054 26.362
 91     5.082 55414.56922915 23.07 119.648015  32.208344 26.362
 92     6.905 55449.56921451 25.64 119.654538  32.200081 10.493
 92    13.529 55449.56921516 22.70 119.653618  32.203361 10.493
 92     6.470 55449.56921580 22.99 119.652698  32.206641 10.493
 92     6.953 55449.56921645 22.67 119.651777  32.209929 16.507
 92     5.015 55449.56921709 25.57 119.650857  32.213209 16.507
 93     9.206 55484.56914034 19.87 119.657376  32.202198 15.909
 93     8.717 55484.56914098 18.48 119.656456  32.205478 15.909
 93     6.417 55484.56914163 20.31 119.655536  32.208768 15.909
 93     5.272 55484.56914227 24.21 119.654616  32.212048 15.909
