# NaN NaN NaN ;Mean Elev.(m), Avg Gradient(m/km), RMS Gradient(m/km) - SRTM1     
#   22.768   0.699   4.150 ;Mean Elev.(m), Avg Gradient(m/km), RMS Gradient(m/km) - ASTER GDEM
#   30.815   0.155   1.649 ;Mean Elev.(m), Avg Gradient(m/km), RMS Gradient(m/km) - GMTED2010 
  7    36.686 52473.59091766 21.93 112.331018  30.064928 24.348
  7    35.745 52473.59091830 18.91 112.330128  30.068218 24.348
  7    37.485 52473.59091894 19.62 112.329238  30.071498 24.348
  8    36.972 52508.59088535 23.52 112.338031  30.065508 20.443
  8    36.314 52508.59088600 22.07 112.337141  30.068798 20.443
  9    32.454 52543.59087529 22.61 112.338568  30.066892 20.724
  9    32.358 52543.59087593 23.69 112.337678  30.070182 20.724
 10    31.337 52578.59092132 27.25 112.331219  30.065006 22.471
 10    31.173 52578.59092197 23.66 112.330329  30.068296 22.471
 10    37.601 52578.59092261 22.85 112.329439  30.071576 22.471
 11    35.214 52613.59088712 21.81 112.334268  30.066248 17.751
 11    29.516 52613.59088777 27.46 112.333378  30.069528 17.751
 11    30.275 52613.59088841 29.35 112.332478  30.072818 17.751
 12    28.379 52648.59086868 29.15 112.336413  30.065174 21.560
 12    34.531 52648.59086933 24.68 112.335523  30.068454 21.560
 12    30.386 52648.59086997 25.73 112.334623  30.071744 21.560
 13    27.207 52683.59084587 48.98 112.343926  30.064595 21.474
 13    26.961 52683.59084652 46.84 112.343036  30.067875 21.474
 16    32.215 52788.59087346 46.39 112.329979  30.065573 22.627
 16    32.200 52788.59087411 49.72 112.329089  30.068863 22.627
 16    32.166 52788.59087475 49.51 112.328199  30.072153 22.627
 17    37.530 52823.59094413 21.57 112.333623  30.064041 27.716
 17    36.544 52823.59094478 20.89 112.332733  30.067331 27.716
 17    35.286 52823.59094542 24.13 112.331843  30.070611 27.716
 18    36.467 52858.59099062 19.60 112.336394  30.064654 21.590
 18    35.480 52858.59099127 18.62 112.335504  30.067934 21.590
 18    35.014 52858.59099191 22.01 112.334614  30.071224 21.590
 19    37.220 52893.59102231 20.30 112.332302  30.065297 29.119
 19    37.135 52893.59102295 20.33 112.331412  30.068577 29.119
 19    37.512 52893.59102360 28.59 112.330522  30.071867 29.119
 20    33.498 52928.59097273 18.31 112.336254  30.065411 21.672
 20    32.864 52928.59097338 21.24 112.335364  30.068701 21.672
 20    31.061 52928.59097402 24.00 112.334474  30.071981 21.672
 21    30.361 52963.59095334 21.25 112.337166  30.065568 20.637
 21    30.505 52963.59095398 22.20 112.336276  30.068858 20.637
 22    28.805 52998.59099149 27.38 112.329912  30.067256 21.060
 22    28.962 52998.59099213 25.13 112.329022  30.070546 21.060
 22    32.375 52998.59099278 27.16 112.328122  30.073836 21.060
 23    27.892 53033.59094495 47.59 112.336286  30.065690 23.354
 23    27.725 53033.59094559 52.05 112.335396  30.068970 23.354
 24    33.728 53068.59095897 21.85 112.336543  30.064256 21.316
 24    34.582 53068.59095962 21.98 112.335653  30.067536 21.316
 24    30.143 53068.59096026 24.13 112.334763  30.070826 21.316
 25    29.040 53103.59094650 21.42 112.336605  30.064324 16.556
 25    29.724 53103.59094714 21.44 112.335715  30.067604 16.556
 25    30.018 53103.59094779 24.30 112.334825  30.070898 27.136
 26    32.115 53138.59096363 25.08 112.336730  30.064500 22.506
 26    34.245 53138.59096428 23.55 112.335840  30.067780 22.506
 26    31.725 53138.59096492 24.64 112.334950  30.071070 22.506
 27    37.486 53173.59100529 23.43 112.332948  30.065340 29.442
 27    35.470 53173.59100593 24.99 112.332055  30.068634 31.568
 27    37.464 53173.59100658 26.17 112.331165  30.071914 31.568
 28    36.520 53208.59102137 22.22 112.333739  30.065800 32.439
 28    36.211 53208.59102202 23.63 112.332850  30.069094 35.855
 28    36.064 53208.59102266 24.28 112.331960  30.072374 35.855
 29    34.363 53243.59098888 20.02 112.338934  30.066370 24.343
 29    33.876 53243.59098952 19.80 112.338038  30.069663 23.197
 30    36.541 53278.59096632 25.91 112.330820  30.065616 20.905
 30    36.056 53278.59096697 20.21 112.329920  30.068896 20.905
 30    37.279 53278.59096761 20.68 112.329030  30.072186 20.905
 31    31.897 53313.59099370 29.65 112.332976  30.065681 17.372
 31    31.555 53313.59099434 27.89 112.332086  30.068961 17.372
 31    31.320 53313.59099499 25.65 112.331193  30.072254 32.555
 32    30.017 53348.59095938 25.82 112.338555  30.066511 18.594
 32    30.193 53348.59096002 26.39 112.337665  30.069801 18.594
 33    28.361 53383.59093005 33.78 112.332423  30.065934 17.168
 33    28.519 53383.59093069 33.23 112.331534  30.069226 31.098
 33    28.275 53383.59093134 34.33 112.330644  30.072506 31.098
 34    35.852 53418.59093824 27.77 112.344237  30.063253 19.162
 34    34.301 53418.59093888 24.59 112.343347  30.066543 19.162
 34    34.505 53418.59093953 26.94 112.342457  30.069833 19.162
 35    35.320 53453.59094313 21.64 112.333526  30.064694 23.155
 35    34.925 53453.59094378 22.98 112.332636  30.067974 23.155
 35    35.017 53453.59094442 25.61 112.331744  30.071265 29.796
 36    35.415 53488.59102877 29.05 112.326840  30.065385 24.280
 36    35.222 53488.59102941 26.64 112.325948  30.068677 25.909
 36    29.444 53488.59103006 22.11 112.325058  30.071957 25.909
 37    34.526 53523.59101726 22.46 112.337667  30.067130 26.950
 37    30.927 53523.59101790 24.57 112.336776  30.070425 27.345
 38    35.390 53558.59104355 25.11 112.328363  30.067118 30.380
 38    35.429 53558.59104420 17.04 112.327474  30.070413 29.208
 38    34.715 53558.59104484 19.78 112.326584  30.073693 29.208
 39    35.937 53593.59097950 30.11 112.345681  30.062825 26.045
 39    35.955 53593.59098014 28.82 112.344791  30.066115 26.045
 39    35.095 53593.59098079 26.68 112.343901  30.069395 26.045
 40    36.419 53628.59097294 18.19 112.323798  30.068197 23.355
 40    35.198 53628.59097359 18.13 112.322908  30.071477 23.355
 41    36.191 53663.59099645 22.29 112.331538  30.064904 24.117
 41    35.992 53663.59099710 22.48 112.330648  30.068184 24.117
 41    32.933 53663.59099774 22.37 112.329755  30.071478 25.883
 42    31.019 53698.59095731 24.30 112.337699  30.067345 23.586
 42    30.865 53698.59095795 24.66 112.336812  30.070639 22.976
 43    27.979 53733.59087917 28.65 112.343969  30.065093 20.576
 43    28.165 53733.59087981 31.06 112.343079  30.068373 20.576
 44    29.752 53768.59086057 20.79 112.339971  30.066078 21.435
 44    27.793 53768.59086121 32.94 112.339081  30.069368 21.435
 45    33.027 53803.59085710 20.45 112.342833  30.063252 19.693
 45    29.849 53803.59085774 22.71 112.341940  30.066547 26.454
 45    30.239 53803.59085839 27.28 112.341050  30.069827 26.454
 46    35.360 53838.59087489 24.71 112.331205  30.065272 24.136
 46    34.915 53838.59087554 24.80 112.330316  30.068565 24.829
 46    37.659 53838.59087618 23.75 112.329426  30.071845 24.829
 47    33.070 53873.59092309 28.84 112.335386  30.065124 20.827
 47    34.261 53873.59092374 22.01 112.334496  30.068414 20.827
 47    32.552 53873.59092438 22.72 112.333606  30.071704 20.827
 48    35.567 53908.59096675 21.99 112.329230  30.065951 33.738
 48    35.239 53908.59096739 19.50 112.328336  30.069245 28.552
 48    34.594 53908.59096804 21.85 112.327446  30.072525 28.552
 49    35.911 53943.59099115 30.41 112.325834  30.066930 22.631
 49    35.259 53943.59099179 17.74 112.324944  30.070210 22.631
 49    34.041 53943.59099244 18.12 112.324053  30.073505 26.428
 50    30.996 53978.59094095 23.85 112.336244  30.065349 21.853
 50    34.461 53978.59094159 18.58 112.335354  30.068629 21.853
 50    30.858 53978.59094224 23.76 112.334464  30.071919 21.853
 51    29.399 54013.59095231 27.97 112.333175  30.064318 16.676
 51    29.466 54013.59095295 28.23 112.332285  30.067598 16.676
 51    29.506 54013.59095360 27.22 112.331393  30.070891 32.551
 52    29.289 54048.59095955 33.29 112.341843  30.066097 18.896
 52    29.319 54048.59096020 41.16 112.340953  30.069377 18.896
 54    29.800 54118.59088187 25.42 112.340218  30.066480 16.797
 54    30.120 54118.59088252 25.82 112.339328  30.069760 16.797
 55    35.216 54153.59090704 17.33 112.334328  30.065941 19.135
 55    34.869 54153.59090769 20.59 112.333438  30.069231 19.135
 55    35.138 54153.59090833 24.77 112.332548  30.072511 19.135
 56    34.527 54188.59087656 19.48 112.339174  30.066909 21.778
 56    34.535 54188.59087721 23.03 112.338284  30.070199 21.778
 57    30.390 54223.59091728 22.88 112.332905  30.066035 23.698
 57    30.338 54223.59091793 22.02 112.332015  30.069325 23.698
 57    30.327 54223.59091857 24.71 112.331125  30.072605 23.698
 58    37.406 54258.59093885 22.12 112.335721  30.065234 22.350
 58    33.523 54258.59093949 22.91 112.334831  30.068524 22.350
 58    33.586 54258.59094014 26.80 112.333941  30.071814 22.350
 59    36.593 54293.59094191 20.23 112.336042  30.067420 22.337
 59    36.507 54293.59094255 21.19 112.335152  30.070710 22.337
 60    36.086 54328.59093590 18.60 112.339367  30.064257 20.453
 60    35.535 54328.59093654 18.09 112.338477  30.067537 20.453
 60    34.995 54328.59093719 20.45 112.337587  30.070827 20.453
 61    36.861 54363.59088350 18.85 112.340227  30.064360 20.078
 61    36.621 54363.59088415 19.70 112.339337  30.067650 20.078
 62    31.502 54398.59087656 23.51 112.336634  30.066931 26.284
 62    31.308 54398.59087721 22.20 112.335744  30.070221 26.284
 63    29.787 54433.59083400 21.72 112.340215  30.065399 25.229
 63    29.950 54433.59083465 24.13 112.339325  30.068689 25.229
 64    27.803 54468.59085892 40.41 112.336277  30.065240 24.111
 64    27.950 54468.59085956 39.66 112.335387  30.068530 24.111
 64    27.839 54468.59086021 36.45 112.334497  30.071810 24.111
 66    28.025 54538.59087446 28.17 112.337526  30.066430 12.109
 66    29.214 54538.59087511 27.49 112.336636  30.069710 12.109
 67    30.596 54573.59085046 26.68 112.340289  30.064383 14.664
 67    30.279 54573.59085110 25.73 112.339389  30.067673 14.664
 68    31.134 54608.59086749 20.73 112.335977  30.064294 15.427
 68    31.017 54608.59086813 22.10 112.335087  30.067584 15.427
 68    30.834 54608.59086877 22.48 112.334197  30.070864 15.427
 69    33.464 54643.59087594 24.77 112.335639  30.066936 25.874
 69    33.567 54643.59087658 23.49 112.334749  30.070226 25.874
 70    35.685 54678.59087727 23.05 112.335198  30.064462 16.508
 70    35.058 54678.59087791 21.19 112.334308  30.067752 16.508
 70    34.840 54678.59087855 21.32 112.333418  30.071042 16.508
 71    36.712 54713.59082994 23.32 112.341178  30.065505 20.998
 71    36.871 54713.59083059 20.70 112.340288  30.068795 20.998
 72    36.483 54748.59084657 19.98 112.334397  30.064017 21.255
 72    36.239 54748.59084722 17.16 112.333507  30.067307 21.255
 72    35.827 54748.59084786 19.44 112.332617  30.070587 21.255
 73    34.237 54783.59081701 25.38 112.338299  30.066409 17.710
 73    34.550 54783.59081766 26.08 112.337409  30.069699 17.710
 74    28.360 54818.59083938 23.55 112.334921  30.065931 16.863
 74    28.377 54818.59084002 27.14 112.334031  30.069221 16.863
 74    28.431 54818.59084067 31.80 112.333141  30.072501 16.863
 75    32.615 54853.59081416 20.20 112.338683  30.064995 21.335
 75    29.879 54853.59081481 21.52 112.337793  30.068275 21.335
 76    37.570 54888.59084355 20.79 112.334853  30.064157 17.354
 76    35.718 54888.59084419 19.96 112.333963  30.067447 17.354
 76    35.363 54888.59084484 22.41 112.333073  30.070727 17.354
 77    28.922 54923.59081422 30.79 112.338048  30.067059 19.832
 77    28.440 54923.59081486 28.61 112.337158  30.070339 19.832
 78    32.756 54958.59084128 38.96 112.333437  30.064354 23.516
 78    32.445 54958.59084192 36.81 112.332547  30.067634 23.516
 78    34.882 54958.59084257 23.27 112.331657  30.070924 23.516
 79    34.363 54993.59086385 24.71 112.333157  30.066135 24.777
 79    34.966 54993.59086449 24.59 112.332267  30.069415 24.777
 79    37.331 54993.59086513 28.72 112.331377  30.072705 24.777
 80    36.022 55028.59085351 26.22 112.336960  30.065199 25.858
 80    35.946 55028.59085416 24.42 112.336070  30.068489 25.858
 81    36.162 55063.59084561 23.71 112.337299  30.064890 20.670
 81    36.201 55063.59084625 24.92 112.336409  30.068180 20.670
 81    36.359 55063.59084690 23.91 112.335519  30.071470 20.670
 82    32.988 55098.59079164 24.39 112.338830  30.066889 21.374
 82    32.837 55098.59079229 26.92 112.337940  30.070179 21.374
 83    30.498 55133.59078933 19.62 112.334747  30.065203 19.215
 83    30.460 55133.59078998 19.97 112.333857  30.068493 19.215
 83    30.339 55133.59079062 22.38 112.332967  30.071773 19.215
 84    30.069 55168.59075433 20.04 112.339380  30.066227 20.013
 84    30.566 55168.59075498 22.77 112.338490  30.069517 20.013
 85    27.828 55203.59078223 21.75 112.334563  30.064717 19.796
 85    29.693 55203.59078288 19.13 112.333673  30.068007 19.796
 85    30.382 55203.59078352 21.76 112.332783  30.071287 19.796
 86    28.903 55238.59076169 24.80 112.337925  30.066117 18.017
 86    27.825 55238.59076233 32.03 112.337035  30.069397 18.017
 87    29.393 55273.59077593 21.22 112.336269  30.065887 17.395
 87    29.971 55273.59077657 21.04 112.335379  30.069177 17.395
 88    28.752 55308.59074509 38.44 112.339824  30.066725 20.269
 88    28.715 55308.59074574 38.84 112.338924  30.070015 20.269
 89    33.065 55343.59074479 25.56 112.337393  30.064485 20.289
 89    34.784 55343.59074544 22.74 112.336503  30.067765 20.289
 89    34.994 55343.59074608 23.64 112.335613  30.071055 20.289
 90    35.605 55378.59073941 20.80 112.337650  30.066759 26.739
 90    35.411 55378.59074005 22.30 112.336760  30.070049 26.739
 91    38.357 55413.59076413 21.98 112.335026  30.065463 19.537
 91    37.275 55413.59076478 21.84 112.334136  30.068743 19.537
 91    37.163 55413.59076542 21.38 112.333246  30.072033 19.537
 92    35.560 55448.59075317 17.49 112.337940  30.066988 22.107
 92    35.332 55448.59075381 18.76 112.337050  30.070268 22.107
 93    35.744 55483.59067997 21.08 112.342021  30.065448 24.557
 93    34.569 55483.59068061 25.44 112.341141  30.068728 24.557
