# NaN NaN NaN ;Mean Elev.(m), Avg Gradient(m/km), RMS Gradient(m/km) - SRTM1     
#    4.147  -0.827   3.771 ;Mean Elev.(m), Avg Gradient(m/km), RMS Gradient(m/km) - ASTER GDEM
#    0.644  -1.146   3.463 ;Mean Elev.(m), Avg Gradient(m/km), RMS Gradient(m/km) - GMTED2010 
  6     5.445 52420.10061898 35.67 119.203516  32.238339 28.521
  6     5.371 52420.10061962 21.86 119.202597  32.235048 29.665
  6     5.238 52420.10062027 23.76 119.201677  32.231768 29.665
  6     5.540 52420.10062091 25.24 119.200757  32.228488 29.665
  6     4.994 52420.10062156 35.01 119.199837  32.225198 29.665
  7     5.458 52455.10064342 23.15 119.201316  32.237157 30.607
  7     5.228 52455.10064406 21.44 119.200396  32.233867 30.607
  7     5.054 52455.10064470 24.61 119.199476  32.230587 30.607
  7     5.189 52455.10064535 24.80 119.198556  32.227307 30.607
  8     5.273 52490.10061916 25.29 119.209001  32.234652 29.932
  8     4.925 52490.10061980 19.94 119.208071  32.231362 29.932
  8     5.170 52490.10062045 25.78 119.207151  32.228082 29.932
  8     5.400 52490.10062109 24.21 119.206231  32.224802 29.932
  9     6.495 52525.10059726 27.18 119.202141  32.237343 26.074
  9     6.064 52525.10059791 23.26 119.201221  32.234053 26.074
  9     5.673 52525.10059855 24.07 119.200301  32.230773 26.074
  9     5.838 52525.10059919 24.04 119.199381  32.227483 26.074
 10     5.228 52560.10064628 26.24 119.204936  32.236886 32.320
 10     3.530 52560.10064693 18.34 119.204016  32.233606 32.320
 10     4.041 52560.10064757 19.84 119.203096  32.230316 32.320
 10     4.434 52560.10064822 21.56 119.202176  32.227036 32.320
 11     4.837 52595.10065260 31.26 119.198835  32.240149 28.798
 11     4.317 52595.10065325 19.63 119.197915  32.236859 28.798
 11     4.147 52595.10065389 20.28 119.196995  32.233579 28.798
 11     4.552 52595.10065454 20.14 119.196075  32.230299 28.798
 11     4.656 52595.10065518 31.88 119.195155  32.227009 28.798
 12     4.610 52630.10058582 22.51 119.210440  32.234929 30.852
 12     3.507 52630.10058647 20.00 119.209520  32.231639 30.852
 12     3.590 52630.10058711 21.80 119.208600  32.228359 30.852
 12     3.856 52630.10058775 23.37 119.207680  32.225079 30.852
 14     3.832 52700.10058746 28.67 119.214638  32.235189 27.822
 14     3.662 52700.10058811 19.68 119.213718  32.231909 27.822
 14     3.115 52700.10058875 20.39 119.212788  32.228629 27.822
 14     3.607 52700.10058940 20.94 119.211868  32.225339 27.822
 14     3.903 52700.10059004 25.64 119.210948  32.222059 27.822
 15     4.093 52735.10061926 25.88 119.208715  32.235545 20.549
 15     3.713 52735.10061990 20.29 119.207795  32.232265 20.549
 15     3.579 52735.10062055 19.44 119.206874  32.228975 21.972
 15     3.925 52735.10062119 21.71 119.205954  32.225695 21.972
 16     4.384 52770.10060644 37.04 119.201692  32.239638 31.829
 16     4.110 52770.10060708 21.50 119.200772  32.236348 31.829
 16     3.718 52770.10060772 17.74 119.199852  32.233068 31.829
 16     4.471 52770.10060837 18.38 119.198932  32.229788 31.829
 16     4.780 52770.10060901 26.77 119.198012  32.226498 31.829
 17     4.266 52805.10064328 29.85 119.207494  32.236021 33.267
 17     3.818 52805.10064393 23.92 119.206574  32.232731 33.267
 17     3.920 52805.10064457 21.99 119.205654  32.229451 33.267
 17     4.541 52805.10064522 23.66 119.204734  32.226171 33.267
 18     6.484 52840.10070469 27.53 119.208394  32.235254 29.122
 18     5.909 52840.10070534 23.50 119.207464  32.231974 29.122
 18     5.774 52840.10070598 24.58 119.206544  32.228684 29.122
 18     6.424 52840.10070663 24.11 119.205624  32.225404 29.122
 19     5.858 52875.10074357 32.18 119.206694  32.237413 28.561
 19     5.062 52875.10074422 19.98 119.205774  32.234133 28.561
 19     4.310 52875.10074486 20.47 119.204844  32.230853 28.561
 19     4.343 52875.10074550 22.81 119.203924  32.227563 28.561
 19     4.478 52875.10074615 27.74 119.203004  32.224283 28.561
 20     5.944 52910.10071531 28.71 119.208535  32.235472 20.730
 20     5.085 52910.10071595 24.77 119.207615  32.232192 20.730
 20     5.122 52910.10071660 26.45 119.206695  32.228902 20.730
 20     5.462 52910.10071724 29.23 119.205775  32.225622 20.730
 21     4.151 52945.10065670 40.75 119.215573  32.235404 31.083
 21     4.368 52945.10065734 17.92 119.214653  32.232114 31.083
 21     3.322 52945.10065799 19.64 119.213733  32.228834 31.083
 21     3.634 52945.10065863 19.44 119.212803  32.225554 31.083
 21     3.972 52945.10065928 24.86 119.211883  32.222264 31.083
 23     4.384 53015.10070234 28.56 119.201774  32.238351 28.223
 23     5.114 53015.10070299 18.87 119.200854  32.235061 28.223
 23     4.267 53015.10070363 19.71 119.199934  32.231781 28.223
 23     4.395 53015.10070428 25.05 119.199014  32.228491 28.223
 24     3.780 53050.10067704 21.35 119.208914  32.234730 29.254
 24     3.457 53050.10067769 17.58 119.207994  32.231440 29.254
 24     3.524 53050.10067833 18.57 119.207074  32.228160 29.254
 24     3.905 53050.10067897 23.86 119.206144  32.224880 29.254
 25     3.932 53085.10071241 30.48 119.196803  32.240618 25.684
 25     3.636 53085.10071305 23.99 119.195883  32.237338 25.684
 25     3.393 53085.10071369 22.55 119.194963  32.234048 25.684
 25     4.186 53085.10071434 20.98 119.194043  32.230768 25.684
 25     4.529 53085.10071498 28.05 119.193123  32.227488 25.684
 26     4.465 53120.10068250 32.71 119.205384  32.238278 31.468
 26     3.900 53120.10068315 18.25 119.204464  32.234998 31.468
 26     3.130 53120.10068379 18.13 119.203544  32.231708 31.468
 26     3.255 53120.10068444 20.49 119.202624  32.228428 31.468
 26     3.655 53120.10068508 24.90 119.201694  32.225148 31.468
 27     4.155 53155.10073535 18.64 119.201029  32.238895 17.736
 27     4.626 53155.10073599 15.87 119.200109  32.235605 17.736
 27     5.026 53155.10073664 14.27 119.199189  32.232325 17.736
 27     5.039 53155.10073728 14.29 119.198259  32.229045 17.736
 27     3.624 53155.10073793 27.34 119.197339  32.225755 17.736
 28     5.527 53190.10072593 35.36 119.211208  32.236415 28.585
 28     5.152 53190.10072657 25.60 119.210288  32.233135 28.585
 28     4.706 53190.10072722 23.48 119.209358  32.229855 28.585
 28     5.119 53190.10072786 25.26 119.208438  32.226565 28.585
 28     5.455 53190.10072851 25.23 119.207518  32.223285 28.585
 29     4.480 53225.10073633 23.35 119.206194  32.235060 30.959
 29     4.103 53225.10073698 23.35 119.205274  32.231780 30.959
 29     4.480 53225.10073762 20.37 119.204354  32.228490 30.959
 29     4.647 53225.10073827 24.87 119.203434  32.225210 30.959
 30     4.547 53260.10071045 29.96 119.198648  32.238726 27.822
 30     4.167 53260.10071110 23.07 119.197728  32.235436 27.822
 30     4.173 53260.10071174 22.32 119.196808  32.232156 27.822
 30     4.599 53260.10071239 22.88 119.195888  32.228866 27.822
 31     4.693 53295.10073892 26.68 119.199364  32.237803 32.605
 31     3.903 53295.10073956 20.79 119.198444  32.234513 32.605
 31     4.074 53295.10074020 21.45 119.197524  32.231233 32.605
 31     4.311 53295.10074085 27.94 119.196594  32.227953 32.605
 32     4.641 53330.10071218 20.69 119.205647  32.235562 32.409
 32     3.613 53330.10071283 19.94 119.204727  32.232282 32.409
 32     3.466 53330.10071347 18.72 119.203807  32.229002 32.409
 32     4.260 53330.10071412 21.29 119.202877  32.225712 32.409
 33     4.681 53365.10066147 28.72 119.205928  32.237397 27.855
 33     4.287 53365.10066211 20.93 119.205008  32.234117 27.855
 33     5.364 53365.10066276 19.40 119.204088  32.230827 27.855
 33     3.815 53365.10066340 18.97 119.203168  32.227547 27.855
 33     3.157 53365.10066405 31.08 119.202248  32.224267 27.855
 35     4.452 53435.10067646 32.09 119.205236  32.237511 30.818
 35     3.961 53435.10067710 20.65 119.204316  32.234221 30.818
 35     3.380 53435.10067775 20.53 119.203396  32.230941 30.818
 35     3.806 53435.10067839 19.81 119.202476  32.227661 30.818
 35     4.166 53435.10067904 28.03 119.201556  32.224371 30.818
 36     4.282 53470.10072175 28.70 119.205562  32.237570 27.106
 36     3.872 53470.10072239 21.19 119.204632  32.234290 27.106
 36     3.366 53470.10072303 18.76 119.203712  32.231000 27.106
 36     3.926 53470.10072368 21.14 119.202792  32.227720 27.106
 36     3.936 53470.10072432 27.35 119.201872  32.224440 27.106
 38     4.583 53540.10076189 35.36 119.203354  32.238211 32.099
 38     4.045 53540.10076254 22.69 119.202434  32.234921 32.099
 38     4.116 53540.10076318 21.03 119.201514  32.231641 32.099
 38     4.583 53540.10076383 23.35 119.200594  32.228361 32.099
 38     4.296 53540.10076447 38.44 119.199674  32.225071 32.099
 39     4.381 53575.10075699 21.40 119.200237  32.236618 27.135
 39     5.143 53575.10075764 19.63 119.199317  32.233338 27.135
 39     5.128 53575.10075828 20.68 119.198397  32.230048 27.135
 39     5.383 53575.10075892 23.06 119.197477  32.226768 27.135
 40     5.402 53610.10070735 26.12 119.199931  32.237770 26.999
 40     4.965 53610.10070799 18.90 119.199011  32.234490 26.999
 40     4.910 53610.10070864 20.44 119.198091  32.231200 26.999
 40     4.881 53610.10070928 23.26 119.197171  32.227920 26.999
 41     4.801 53645.10071087 22.08 119.207868  32.234834 29.120
 41     4.423 53645.10071151 18.60 119.206948  32.231544 29.120
 41     3.917 53645.10071216 21.78 119.206028  32.228264 29.120
 41     4.529 53645.10071280 23.62 119.205098  32.224984 29.120
 42     5.294 53680.10072752 37.35 119.199719  32.239767 27.430
 42     5.486 53680.10072816 21.27 119.198799  32.236487 27.430
 42     4.900 53680.10072881 21.52 119.197879  32.233197 27.430
 42     4.090 53680.10072945 25.25 119.196959  32.229917 27.430
 42     4.131 53680.10073010 33.83 119.196039  32.226637 27.430
 43     4.658 53715.10065577 30.61 119.206000  32.237346 25.491
 43     4.258 53715.10065642 20.86 119.205080  32.234066 25.491
 43     3.677 53715.10065706 19.61 119.204160  32.230776 25.491
 43     3.907 53715.10065771 20.31 119.203240  32.227496 25.491
 43     3.995 53715.10065835 26.41 119.202320  32.224216 25.491
 44     3.866 53750.10057262 21.59 119.213678  32.233195 26.886
 44     6.518 53750.10057326 20.94 119.212758  32.229915 26.886
 44     4.124 53750.10057391 20.26 119.211828  32.226635 26.886
 44     5.115 53750.10057455 20.51 119.210908  32.223345 26.886
 45     4.186 53785.10060257 25.72 119.208179  32.236494 28.070
 45     3.391 53785.10060322 21.53 119.207259  32.233204 28.070
 45     3.375 53785.10060386 21.72 119.206339  32.229924 28.070
 45     4.100 53785.10060451 21.84 119.205419  32.226644 28.070
 45     4.336 53785.10060515 33.15 119.204499  32.223354 28.070
 46     3.691 53820.10056189 24.28 119.203360  32.235911 31.674
 46     3.329 53820.10056253 19.84 119.202440  32.232631 31.674
 46     4.043 53820.10056318 21.05 119.201520  32.229341 31.674
 46     4.125 53820.10056382 24.72 119.200600  32.226061 31.674
 47     4.605 53855.10064522 20.02 119.203010  32.236904 31.641
 47     3.894 53855.10064587 19.02 119.202080  32.233624 31.641
 47     3.838 53855.10064651 21.45 119.201160  32.230344 31.641
 47     3.987 53855.10064716 23.61 119.200240  32.227054 31.641
 48     3.799 53890.10065534 17.69 119.211776  32.234248 29.759
 48     6.728 53890.10065599 17.29 119.210856  32.230968 29.759
 48     3.458 53890.10065663 18.70 119.209936  32.227688 29.759
 48     3.856 53890.10065728 20.59 119.209016  32.224398 29.759
 49     4.673 53925.10071997 20.40 119.196219  32.238149 23.994
 49     3.705 53925.10072062 22.02 119.195289  32.234859 23.994
 49     4.360 53925.10072126 21.08 119.194369  32.231579 23.994
 49     4.802 53925.10072191 26.98 119.193449  32.228299 23.994
 50     5.532 53960.10070906 20.44 119.196693  32.237730 28.751
 50     4.519 53960.10070970 21.77 119.195763  32.234450 28.751
 50     4.695 53960.10071035 22.10 119.194843  32.231160 28.751
 50     4.553 53960.10071099 28.17 119.193923  32.227880 28.751
 51     3.933 53995.10064433 22.80 119.213237  32.234359 29.760
 51     4.562 53995.10064497 17.74 119.212317  32.231079 29.760
 51     3.929 53995.10064562 17.90 119.211397  32.227789 29.760
 51     3.750 53995.10064626 19.54 119.210477  32.224509 29.760
 52     4.023 54030.10070086 21.63 119.210107  32.236648 29.270
 52     7.434 54030.10070151 17.76 119.209187  32.233358 29.270
 52     6.736 54030.10070215 17.94 119.208257  32.230078 29.270
 52     3.524 54030.10070280 21.27 119.207337  32.226798 29.270
 52     2.802 54030.10070344 27.61 119.206417  32.223508 29.270
 53     3.130 54065.10069516 24.98 119.207145  32.235658 26.060
 53     6.659 54065.10069580 20.35 119.206225  32.232378 26.060
 53     6.364 54065.10069645 19.58 119.205305  32.229098 26.060
 53     3.633 54065.10069709 24.74 119.204385  32.225808 26.060
 55     3.735 54135.10062004 22.65 119.208159  32.236554 29.718
 55     9.282 54135.10062069 19.36 119.207229  32.233274 29.718
 55     2.951 54135.10062133 20.06 119.206309  32.229994 29.718
 55     5.451 54135.10062198 21.03 119.205389  32.226704 29.718
 55     3.337 54135.10062262 28.63 119.204469  32.223424 29.718
 57     6.410 54205.10062465 20.94 119.207261  32.236396 30.307
 57     3.940 54205.10062530 18.84 119.206341  32.233116 30.307
 57     5.874 54205.10062594 17.65 119.205421  32.229836 30.307
 57     3.313 54205.10062659 21.97 119.204501  32.226546 30.307
 58     4.376 54240.10065816 27.67 119.206486  32.237229 33.961
 58     4.355 54240.10065880 18.58 119.205561  32.233937 31.291
 58     3.766 54240.10065945 18.14 119.204641  32.230657 31.291
 58     5.906 54240.10066009 17.87 119.203721  32.227377 31.291
 58     3.836 54240.10066073 24.99 119.202801  32.224087 31.291
 59     4.253 54275.10067471 25.65 119.205894  32.236902 33.568
 59     3.374 54275.10067535 25.26 119.204970  32.233612 28.111
 59     3.597 54275.10067600 20.16 119.204050  32.230332 28.111
 59     4.255 54275.10067664 21.36 119.203130  32.227052 28.111
 61    11.507 54345.10065197 27.25 119.203401  32.236717 29.391
 61     9.886 54345.10065261 18.67 119.202481  32.233437 29.391
 61     5.632 54345.10065326 19.62 119.201565  32.230145 29.524
 61     5.424 54345.10065390 21.92 119.200635  32.226865 29.524
 62     5.075 54380.10061247 22.72 119.207625  32.236642 28.200
 62     8.274 54380.10061311 18.05 119.206705  32.233362 28.200
 62     6.279 54380.10061376 17.48 119.205775  32.230082 28.200
 62     3.967 54380.10061440 19.88 119.204857  32.226792 32.253
 62     4.073 54380.10061505 27.99 119.203937  32.223512 32.253
 63     5.218 54415.10060039 36.91 119.204347  32.237904 29.972
 63    -4.676 54415.10060103 24.01 119.203427  32.234614 29.972
 63     3.750 54415.10060168 19.79 119.202507  32.231334 29.972
 63     4.064 54415.10060232 21.79 119.201587  32.228054 29.972
 63     4.199 54415.10060297 30.63 119.200668  32.224763 33.891
 65     7.426 54485.10059558 23.10 119.207459  32.237017 23.606
 65     7.314 54485.10059622 21.86 119.206529  32.233727 23.606
 65     7.226 54485.10059687 20.57 119.205609  32.230447 23.606
 65     6.097 54485.10059751 22.39 119.204689  32.227167 23.606
 65     5.629 54485.10059816 26.95 119.203769  32.223877 23.606
 66     4.366 54520.10059365 22.77 119.208580  32.236744 23.239
 66     7.201 54520.10059429 19.03 119.207660  32.233454 23.239
 66     6.695 54520.10059494 17.40 119.206740  32.230174 23.239
 66     6.079 54520.10059558 19.46 119.205820  32.226894 23.239
 66     3.974 54520.10059623 27.87 119.204900  32.223604 23.239
 67     3.992 54555.10060652 26.57 119.203403  32.238132 30.514
 67     6.888 54555.10060716 18.08 119.202483  32.234852 30.514
 67     6.366 54555.10060781 19.03 119.201563  32.231572 30.514
 67     4.363 54555.10060845 22.35 119.200643  32.228282 30.514
 68     7.282 54590.10058928 22.93 119.206275  32.236522 24.763
 68     7.811 54590.10058993 17.78 119.205345  32.233242 24.763
 68     6.957 54590.10059057 18.16 119.204425  32.229952 24.763
 68     5.979 54590.10059122 20.96 119.203505  32.226672 24.763
 69     4.372 54625.10060617 34.70 119.204854  32.237750 28.790
 69     4.069 54625.10060682 21.11 119.203934  32.234470 28.790
 69     4.448 54625.10060746 19.86 119.203014  32.231180 28.790
 69     4.035 54625.10060811 20.95 119.202084  32.227900 28.790
 69     4.162 54625.10060875 29.44 119.201164  32.224620 28.790
 70     4.425 54660.10061452 28.44 119.203844  32.237383 33.833
 70     4.185 54660.10061516 24.08 119.202914  32.234103 33.833
 70     2.303 54660.10061581 22.95 119.201994  32.230813 33.833
 70     5.439 54660.10061645 19.92 119.201074  32.227533 33.833
 71     6.845 54695.10059357 25.67 119.204157  32.235537 25.199
 71     6.362 54695.10059421 20.73 119.203237  32.232257 25.199
 71     5.919 54695.10059486 22.92 119.202317  32.228977 25.199
 71     5.241 54695.10059550 23.05 119.201397  32.225687 25.199
 72     2.823 54730.10056957 30.94 119.207659  32.236245 26.873
 72     8.050 54730.10057022 20.74 119.206729  32.232965 26.873
 72     7.642 54730.10057086 19.03 119.205809  32.229675 26.873
 72     5.912 54730.10057151 20.78 119.204889  32.226395 26.873
 73     4.959 54765.10057197 31.56 119.205413  32.237578 27.921
 73     4.139 54765.10057262 19.77 119.204493  32.234298 27.921
 73     7.593 54765.10057326 17.74 119.203563  32.231008 27.921
 73     6.705 54765.10057391 19.77 119.202643  32.227728 27.921
 73     4.327 54765.10057455 26.17 119.201723  32.224448 27.921
 74     5.557 54800.10056316 26.44 119.207482  32.237086 27.812
 74     8.048 54800.10056381 20.48 119.206562  32.233796 27.812
 74     8.153 54800.10056445 17.24 119.205642  32.230516 27.812
 74     4.334 54800.10056510 21.14 119.204722  32.227236 27.812
 74     4.206 54800.10056574 26.44 119.203802  32.223946 27.812
 75     4.714 54835.10056269 38.87 119.205233  32.238460 23.833
 75     9.053 54835.10056334 21.36 119.204313  32.235180 23.833
 75     7.560 54835.10056398 20.38 119.203393  32.231900 23.833
 75     7.970 54835.10056463 20.76 119.202473  32.228610 23.833
 75     4.966 54835.10056527 23.45 119.201543  32.225330 23.833
 76     7.512 54870.10056101 20.29 119.208197  32.235179 23.998
 76     8.666 54870.10056166 18.12 119.207277  32.231899 23.998
 76     8.320 54870.10056230 17.95 119.206357  32.228619 23.998
 76     5.548 54870.10056295 20.99 119.205437  32.225329 23.998
 77     3.834 54905.10057194 23.87 119.200899  32.237997 28.057
 77     7.095 54905.10057258 19.47 119.199979  32.234717 28.057
 77     6.838 54905.10057323 20.75 119.199059  32.231427 28.057
 77     4.590 54905.10057387 24.33 119.198129  32.228147 28.057
 78     8.661 54940.10055221 17.86 119.206527  32.234790 25.838
 78     8.022 54940.10055285 18.46 119.205607  32.231510 25.838
 78     7.485 54940.10055350 19.33 119.204687  32.228220 25.838
 78     4.320 54940.10055414 23.93 119.203767  32.224940 25.838
 79     4.309 54975.10058177 33.27 119.205572  32.237564 30.022
 79     8.090 54975.10058242 18.75 119.204642  32.234284 30.022
 79     8.008 54975.10058306 18.00 119.203722  32.230994 30.022
 79     6.977 54975.10058371 19.48 119.202802  32.227714 30.022
 79     4.089 54975.10058435 28.52 119.201882  32.224434 30.022
 80     4.040 55010.10059438 22.70 119.203372  32.235920 30.235
 80    -5.011 55010.10059502 25.17 119.202452  32.232640 30.235
 80     7.039 55010.10059567 18.91 119.201532  32.229350 30.235
 80     4.426 55010.10059631 24.15 119.200602  32.226070 30.235
 81     9.380 55045.10058473 21.73 119.205877  32.235334 22.959
 81     8.994 55045.10058538 19.97 119.204947  32.232054 22.959
 81     8.065 55045.10058602 18.87 119.204027  32.228764 22.959
 81     6.157 55045.10058667 23.07 119.203107  32.225484 22.959
 82     5.286 55080.10055948 37.15 119.203621  32.238682 27.799
 82     7.074 55080.10056013 21.37 119.202701  32.235392 27.799
 82     7.118 55080.10056077 19.20 119.201781  32.232112 27.799
 82     6.234 55080.10056142 20.15 119.200861  32.228832 27.799
 82     5.078 55080.10056206 22.92 119.199941  32.225542 27.799
 83     5.673 55115.10051689 22.75 119.207656  32.237574 25.113
 83     8.561 55115.10051753 19.77 119.206726  32.234294 25.113
 83     8.391 55115.10051817 17.75 119.205806  32.231004 25.113
 83     7.597 55115.10051882 19.02 119.204886  32.227724 25.113
 83     4.559 55115.10051946 23.73 119.203966  32.224444 25.113
 84     7.242 55150.10051651 21.19 119.204003  32.237117 25.849
 84     7.799 55150.10051716 18.50 119.203083  32.233837 25.849
 84     6.935 55150.10051780 20.75 119.202163  32.230547 25.849
 84     4.414 55150.10051845 25.27 119.201233  32.227267 25.849
 85     8.930 55185.10050110 20.38 119.207228  32.235618 21.840
 85     8.487 55185.10050174 18.85 119.206308  32.232328 21.840
 85     7.274 55185.10050239 19.60 119.205388  32.229048 21.840
 85     5.081 55185.10050303 22.38 119.204468  32.225768 21.840
 86     8.331 55220.10051471 18.02 119.203371  32.236535 28.856
 86     8.017 55220.10051536 18.61 119.202451  32.233255 28.856
 86     7.051 55220.10051600 20.34 119.201531  32.229965 28.856
 86     4.418 55220.10051665 26.05 119.200601  32.226685 28.856
 87     8.608 55255.10049757 19.69 119.207891  32.234843 23.370
 87     8.148 55255.10049821 19.98 119.206971  32.231563 23.370
 87     7.355 55255.10049886 20.47 119.206051  32.228283 23.370
 87     4.174 55255.10049950 26.88 119.205131  32.224993 23.370
 88     4.523 55290.10050311 25.47 119.202389  32.239048 27.088
 88     7.353 55290.10050375 22.23 119.201469  32.235758 27.088
 88     6.823 55290.10050440 21.17 119.200549  32.232478 27.088
 88     4.623 55290.10050504 23.97 119.199629  32.229198 27.088
 88     4.737 55290.10050569 31.93 119.198709  32.225908 27.088
 89     7.110 55325.10048271 24.45 119.204071  32.238060 26.064
 89     7.034 55325.10048335 22.60 119.203151  32.234780 26.064
 89     6.692 55325.10048399 22.29 119.202221  32.231500 26.064
 89     6.396 55325.10048464 23.28 119.201301  32.228210 26.064
 89     4.799 55325.10048528 29.51 119.200381  32.224930 26.064
 90     5.311 55360.10048089 24.01 119.203761  32.236684 27.791
 90     6.406 55360.10048154 20.75 119.202841  32.233404 27.791
 90     6.586 55360.10048218 20.99 119.201921  32.230114 27.791
 90     5.198 55360.10048283 24.96 119.200991  32.226834 27.791
 91     6.841 55395.10048553 27.19 119.207006  32.237475 27.535
 91     6.448 55395.10048617 24.75 119.206076  32.234195 27.535
 91     6.086 55395.10048682 23.87 119.205156  32.230905 27.535
 91     6.255 55395.10048746 22.78 119.204236  32.227625 27.535
 91     6.406 55395.10048811 28.75 119.203316  32.224345 27.535
 92     9.372 55430.10049603 20.34 119.206938  32.236472 24.234
 92     8.771 55430.10049668 19.05 119.206018  32.233192 24.234
 92     8.138 55430.10049732 19.80 119.205098  32.229912 24.234
 92     7.112 55430.10049796 19.94 119.204168  32.226622 24.234
 93     7.539 55465.10045844 23.29 119.203409  32.235700 21.331
 93     7.077 55465.10045908 22.23 119.202489  32.232420 21.331
 93     6.456 55465.10045973 23.12 119.201569  32.229140 21.331
 93     6.254 55465.10046037 23.85 119.200649  32.225850 21.331
