# NaN NaN NaN ;Mean Elev.(m), Avg Gradient(m/km), RMS Gradient(m/km) - SRTM1     
#   -3.512  -5.037  37.281 ;Mean Elev.(m), Avg Gradient(m/km), RMS Gradient(m/km) - ASTER GDEM
#    3.745  -4.744  35.244 ;Mean Elev.(m), Avg Gradient(m/km), RMS Gradient(m/km) - GMTED2010 
  9    14.578 52515.57698827 25.22 117.243539  30.540743 18.619
  9    14.890 52515.57698892 22.77 117.242639  30.544033 18.619
  9    14.905 52515.57698956 25.15 117.241749  30.547323 18.619
  9    14.800 52515.57699021 26.61 117.240849  30.550603 18.619
  9    14.967 52515.57699085 24.77 117.239949  30.553893 18.619
  9    15.025 52515.57699150 28.25 117.239059  30.557173 18.619
 10    12.039 52550.57703010 26.47 117.234838  30.514091 25.222
 10     9.346 52550.57703074 28.08 117.233938  30.517381 25.222
 10    10.343 52550.57703139 29.39 117.233048  30.520661 25.222
 10    10.495 52550.57703203 30.30 117.232148  30.523951 25.222
 11    11.031 52585.57700948 13.30 117.243645  30.543768 14.025
 11    11.411 52585.57701013 16.43 117.242755  30.547058 14.025
 11    12.675 52585.57701077 18.29 117.241855  30.550348 14.025
 11    12.237 52585.57701142 19.47 117.240955  30.553628 14.025
 11    12.606 52585.57701206 21.75 117.240065  30.556918 14.025
 11    12.309 52585.57701270 25.47 117.239165  30.560198 14.025
 12    12.751 52620.57698929 19.52 117.238636  30.532751 29.058
 12    14.536 52620.57698993 17.18 117.237746  30.536031 29.058
 12    13.211 52620.57699058 17.14 117.236846  30.539321 29.058
 12    11.711 52620.57699122 23.97 117.235956  30.542601 29.058
 15    18.173 52725.57701660 20.03 117.239763  30.529039 12.978
 15    15.231 52725.57701724 19.82 117.238863  30.532329 12.978
 15    14.959 52725.57701789 19.21 117.237963  30.535609 12.978
 15    14.167 52725.57701853 19.97 117.237063  30.538899 12.978
 15    12.497 52725.57701918 22.72 117.236173  30.542179 12.978
 15    11.691 52725.57701982 32.44 117.235273  30.545469 12.978
 16    12.920 52760.57703114 34.80 117.235138  30.513157 19.040
 16     9.543 52760.57703179 32.16 117.234245  30.516437 25.427
 16    10.587 52760.57703243 27.92 117.233345  30.519727 25.427
 16    11.218 52760.57703308 29.00 117.232445  30.523017 25.427
 17    11.557 52795.57699210 38.80 117.240181  30.532101 22.054
 17    11.234 52795.57699274 33.79 117.239291  30.535381 22.054
 17    10.908 52795.57699338 32.22 117.238391  30.538671 22.054
 17    10.682 52795.57699403 29.73 117.237491  30.541951 22.054
 17    11.494 52795.57699467 28.23 117.236591  30.545241 22.054
 18    14.482 52830.57705908 23.15 117.240929  30.534532 22.342
 18    13.842 52830.57705973 20.73 117.240039  30.537812 22.342
 18    13.838 52830.57706037 19.69 117.239139  30.541102 22.342
 18    13.930 52830.57706102 20.98 117.238239  30.544382 22.342
 18    13.946 52830.57706166 24.49 117.237339  30.547672 22.342
 19    12.177 52865.57710427 22.77 117.242949  30.541589 15.431
 19    12.125 52865.57710491 20.08 117.242049  30.544879 15.431
 19    11.585 52865.57710556 20.21 117.241149  30.548159 15.431
 19    12.589 52865.57710620 19.67 117.240249  30.551449 15.431
 19    12.495 52865.57710685 25.50 117.239359  30.554729 15.431
 20    12.694 52900.57713072 36.75 117.238857  30.528751 29.455
 20    12.296 52900.57713136 36.39 117.237967  30.532031 29.455
 20    12.211 52900.57713201 33.72 117.237067  30.535321 29.455
 20    11.958 52900.57713265 30.50 117.236167  30.538611 29.455
 20    11.677 52900.57713330 28.75 117.235277  30.541891 29.455
 21    12.313 52935.57707356 17.70 117.239137  30.533476 36.203
 21    12.108 52935.57707421 15.91 117.238237  30.536766 36.203
 21    12.598 52935.57707485 17.03 117.237337  30.540046 36.203
 21    12.543 52935.57707550 20.91 117.236447  30.543336 36.203
 22    12.408 52970.57709228 28.87 117.238298  30.522399 15.249
 22    12.750 52970.57709293 16.40 117.237408  30.525679 15.249
 22    12.959 52970.57709357 15.24 117.236508  30.528969 15.249
 22    12.609 52970.57709422 15.60 117.235608  30.532249 15.249
 22    12.082 52970.57709486 15.55 117.234718  30.535539 15.249
 22    11.376 52970.57709550 19.56 117.233818  30.538829 15.249
 23    12.116 53005.57710677 27.03 117.236328  30.517107 20.633
 23    10.655 53005.57710742 26.97 117.235428  30.520387 20.633
 23    10.797 53005.57710806 25.66 117.234528  30.523677 20.633
 23    10.635 53005.57710871 22.62 117.233638  30.526957 20.633
 23     9.529 53005.57710935 22.50 117.232738  30.530247 20.633
 24    14.251 53040.57705703 24.84 117.235819  30.514548 28.159
 24    13.506 53040.57705767 19.04 117.234929  30.517838 28.159
 24    12.493 53040.57705832 20.01 117.234029  30.521118 28.159
 24    12.324 53040.57705896 20.09 117.233129  30.524408 28.159
 24    12.353 53040.57705960 19.31 117.232229  30.527698 28.159
 25    12.554 53075.57709077 26.19 117.238268  30.522366 17.661
 25    12.679 53075.57709142 18.38 117.237378  30.525646 17.661
 25    12.994 53075.57709206 16.06 117.236478  30.528936 17.661
 25    13.815 53075.57709271 16.25 117.235578  30.532216 17.661
 25    14.155 53075.57709335 17.25 117.234678  30.535506 17.661
 25    13.010 53075.57709400 18.09 117.233788  30.538786 17.661
 27    11.230 53145.57710270 37.44 117.237715  30.519152 18.587
 27    11.071 53145.57710334 36.53 117.236815  30.522442 18.587
 27    10.980 53145.57710399 35.95 117.235915  30.525722 18.587
 27    10.747 53145.57710463 35.80 117.235015  30.529012 18.587
 27    10.670 53145.57710528 32.95 117.234125  30.532292 18.587
 27    10.591 53145.57710592 31.09 117.233225  30.535582 18.587
 28    13.501 53180.57711565 24.70 117.241186  30.534527 22.579
 28    13.319 53180.57711629 22.22 117.240286  30.537817 22.579
 28    12.796 53180.57711693 20.34 117.239396  30.541097 22.579
 28    12.349 53180.57711758 22.82 117.238496  30.544387 22.579
 28    11.872 53180.57711822 24.78 117.237596  30.547667 22.579
 29    13.242 53215.57713622 38.57 117.238242  30.525064 26.048
 29    12.968 53215.57713686 37.65 117.237352  30.528344 26.048
 29    13.011 53215.57713750 37.60 117.236452  30.531634 26.048
 29    12.544 53215.57713815 33.33 117.235552  30.534924 26.048
 29    12.295 53215.57713879 33.35 117.234662  30.538204 26.048
 30    11.205 53250.57711180 35.42 117.239881  30.529263 13.219
 30    10.901 53250.57711245 34.16 117.238991  30.532553 13.219
 30    11.005 53250.57711309 30.87 117.238091  30.535833 13.219
 30    10.324 53250.57711374 30.30 117.237191  30.539123 13.219
 30    10.089 53250.57711438 30.14 117.236301  30.542403 13.219
 30    11.743 53250.57711503 26.51 117.235401  30.545693 13.219
 32    11.282 53320.57708869 23.38 117.242934  30.541219 20.148
 32    10.990 53320.57708933 14.00 117.242034  30.544509 20.148
 32    10.953 53320.57708998 17.18 117.241134  30.547789 20.148
 32    11.820 53320.57709062 18.98 117.240234  30.551079 20.148
 32    11.635 53320.57709127 25.03 117.239344  30.554359 20.148
 33    10.820 53355.57705759 23.92 117.244520  30.541864 22.591
 33    10.756 53355.57705823 15.48 117.243620  30.545154 22.591
 33    12.229 53355.57705888 16.52 117.242730  30.548434 22.591
 33    12.222 53355.57705952 17.55 117.241830  30.551724 22.591
 33    11.445 53355.57706017 20.34 117.240930  30.555014 22.591
 33    11.018 53355.57706081 23.29 117.240040  30.558294 22.591
 34    11.054 53390.57706371 23.25 117.236722  30.520974 23.851
 34    10.466 53390.57706435 20.93 117.235822  30.524264 23.851
 34    10.325 53390.57706500 20.43 117.234922  30.527544 23.851
 34    10.319 53390.57706564 16.64 117.234032  30.530834 23.851
 34    10.122 53390.57706629 17.22 117.233132  30.534114 23.851
 35    12.915 53425.57706399 27.33 117.242850  30.538441 18.048
 35    11.886 53425.57706464 26.80 117.241950  30.541731 18.048
 35    12.358 53425.57706528 23.62 117.241050  30.545021 18.048
 35    13.414 53425.57706593 22.40 117.240160  30.548301 18.048
 35    11.754 53425.57706657 23.64 117.239260  30.551591 18.048
 35    11.668 53425.57706722 28.94 117.238360  30.554871 18.048
 36     6.019 53460.57707091 34.76 117.240060  30.533784 18.934
 36     6.039 53460.57707156 30.47 117.239160  30.537074 18.934
 36     5.325 53460.57707220 31.11 117.238260  30.540354 18.934
 36    10.759 53460.57707285 28.33 117.237360  30.543644 18.934
 36    11.048 53460.57707349 27.40 117.236470  30.546924 18.934
 38    12.583 53530.57713122 28.26 117.242104  30.540072 13.530
 38    11.930 53530.57713186 26.91 117.241204  30.543362 13.530
 38    12.168 53530.57713251 25.63 117.240304  30.546642 13.530
 38    12.465 53530.57713315 24.64 117.239404  30.549932 13.530
 38    12.686 53530.57713380 24.47 117.238514  30.553212 13.530
 39    11.789 53565.57715518 32.68 117.236921  30.518895 20.387
 39    11.788 53565.57715582 28.03 117.236021  30.522176 28.872
 39    11.580 53565.57715647 28.35 117.235121  30.525466 28.872
 39    11.718 53565.57715711 27.51 117.234231  30.528756 28.872
 39    11.385 53565.57715775 27.36 117.233331  30.532036 28.872
 40    12.543 53600.57710135 25.36 117.241536  30.537517 24.877
 40    12.078 53600.57710199 17.96 117.240646  30.540797 24.877
 40    12.007 53600.57710264 18.06 117.239746  30.544087 24.877
 40    11.334 53600.57710328 21.53 117.238846  30.547377 24.877
 40    11.581 53600.57710393 24.97 117.237956  30.550657 24.877
 41    12.556 53635.57709632 21.46 117.233230  30.525556 28.066
 41    12.370 53635.57709696 22.31 117.232330  30.528836 28.066
 43    11.147 53705.57705410 25.73 117.244509  30.541811 21.423
 43    11.612 53705.57705474 18.99 117.243609  30.545101 21.423
 43    12.827 53705.57705539 18.02 117.242719  30.548381 21.423
 43    18.039 53705.57705603 18.79 117.241819  30.551671 21.423
 43    12.483 53705.57705668 19.74 117.240919  30.554961 21.423
 43    12.110 53705.57705732 23.41 117.240029  30.558241 21.423
 44    12.162 53740.57696739 23.35 117.244480  30.546881 16.742
 44    12.012 53740.57696803 18.71 117.243580  30.550171 16.742
 44    12.902 53740.57696868 17.94 117.242690  30.553451 16.742
 44    12.290 53740.57696932 18.82 117.241790  30.556741 16.742
 44    12.066 53740.57696997 20.65 117.240890  30.560021 16.742
 44    11.879 53740.57697061 24.38 117.240000  30.563311 16.742
 45    13.324 53775.57698697 27.82 117.241680  30.536435 24.655
 45    14.108 53775.57698761 22.85 117.240780  30.539725 24.655
 45    13.819 53775.57698826 23.70 117.239880  30.543005 24.655
 45    11.503 53775.57698890 24.48 117.238990  30.546295 24.655
 45    11.383 53775.57698955 25.29 117.238090  30.549575 24.655
 46    11.158 53810.57696893 29.80 117.243060  30.540565 10.622
 46     5.206 53810.57696958 28.36 117.242160  30.543855 10.622
 46     8.788 53810.57697022 26.16 117.241270  30.547145 10.622
 46    11.057 53810.57697087 24.51 117.240370  30.550425 10.622
 46    12.060 53810.57697151 24.50 117.239470  30.553715 10.622
 46    12.577 53810.57697216 24.04 117.238580  30.556995 10.622
 47    11.927 53845.57701088 25.74 117.236660  30.519336 19.615
 47    13.855 53845.57701281 17.75 117.233969  30.529195 30.788
 47    12.032 53845.57701346 19.01 117.233079  30.532485 30.788
 48    12.934 53880.57703930 28.10 117.240960  30.532257 25.610
 48    13.563 53880.57703994 17.66 117.240060  30.535547 25.610
 48    13.133 53880.57704058 18.55 117.239170  30.538827 25.610
 48    12.343 53880.57704123 18.87 117.238270  30.542117 25.610
 48    11.246 53880.57704187 23.14 117.237370  30.545407 25.610
 49    11.876 53915.57709388 40.22 117.236091  30.512289 21.884
 49    12.130 53915.57709452 40.83 117.235191  30.515579 21.884
 49    11.835 53915.57709517 40.16 117.234301  30.518869 21.884
 49    11.495 53915.57709581 39.96 117.233401  30.522149 21.884
 49    11.676 53915.57709646 39.31 117.232501  30.525439 21.884
 50    13.145 53950.57710204 25.64 117.235600  30.511269 25.303
 50    13.744 53950.57710268 19.76 117.234710  30.514559 25.303
 50    13.069 53950.57710333 20.80 117.233810  30.517839 25.303
 50    11.294 53950.57710397 21.15 117.232910  30.521129 25.303
 50    10.976 53950.57710461 24.80 117.232020  30.524419 25.303
 51     5.848 53985.57704259 23.62 117.240401  30.535786 15.061
 51    11.727 53985.57704323 21.97 117.239501  30.539076 15.061
 51    11.287 53985.57704388 20.27 117.238610  30.542357 27.702
 51    11.485 53985.57704452 19.82 117.237710  30.545647 27.702
 52    11.830 54020.57707991 18.74 117.238696  30.525495 14.946
 52    12.918 54020.57708055 16.50 117.237796  30.528785 14.946
 52    12.306 54020.57708120 15.64 117.236894  30.532065 30.432
 52    11.877 54020.57708184 14.39 117.236004  30.535355 30.432
 52    11.539 54020.57708249 14.33 117.235104  30.538645 30.432
 52    10.969 54020.57708313 18.39 117.234204  30.541925 30.432
 53    10.692 54055.57707411 19.88 117.243388  30.543098 14.561
 53    13.280 54055.57707476 16.22 117.242488  30.546378 14.561
 53    12.630 54055.57707540 16.15 117.241598  30.549668 14.561
 53    12.470 54055.57707604 17.41 117.240698  30.552948 14.561
 53    12.002 54055.57707669 17.36 117.239798  30.556238 14.561
 53    10.569 54055.57707733 21.34 117.238898  30.559528 14.561
 54    12.225 54090.57705990 21.86 117.240832  30.537345 13.374
 54    11.643 54090.57706055 20.08 117.239940  30.540624 24.811
 54    11.412 54090.57706119 18.66 117.239040  30.543914 24.811
 55     4.874 54125.57698669 35.51 117.238027  30.524976 12.042
 55     4.571 54125.57698733 33.32 117.237137  30.528256 12.042
 55     4.312 54125.57698798 31.85 117.236237  30.531546 12.042
 55     4.184 54125.57698862 29.97 117.235337  30.534836 12.042
 55     4.112 54125.57698927 28.18 117.234447  30.538116 12.042
 56    15.328 54160.57702593 16.92 117.238849  30.528595 19.347
 56    15.208 54160.57702657 17.88 117.237949  30.531875 19.347
 56    14.495 54160.57702721 18.06 117.237049  30.535165 19.347
 56    13.744 54160.57702786 18.34 117.236159  30.538445 19.347
 56    12.271 54160.57702850 20.96 117.235259  30.541735 19.347
 57     6.986 54195.57698788 38.10 117.238678  30.523446 25.066
 57     6.755 54195.57698853 33.63 117.237778  30.526736 25.066
 57     6.783 54195.57698917 32.79 117.236878  30.530016 25.066
 57     6.564 54195.57698981 31.42 117.235978  30.533306 25.066
 57     6.489 54195.57699046 30.37 117.235088  30.536586 25.066
 57     6.055 54195.57699110 27.61 117.234188  30.539876 25.066
 58    13.118 54230.57703884 16.64 117.238856  30.528997 16.158
 58    13.006 54230.57703949 16.59 117.237956  30.532287 16.158
 58    12.704 54230.57704013 15.70 117.237066  30.535567 16.158
 58    12.252 54230.57704078 16.75 117.236166  30.538857 16.158
 58    11.857 54230.57704142 17.45 117.235266  30.542137 16.158
 59    14.022 54265.57705750 16.18 117.238349  30.533954 17.758
 59    13.090 54265.57705814 16.88 117.237459  30.537234 17.758
 59    12.303 54265.57705879 18.38 117.236559  30.540524 17.758
 59    11.640 54265.57705943 23.46 117.235659  30.543814 17.758
 60    12.571 54300.57706128 28.72 117.240203  30.531664 28.869
 60    12.410 54300.57706192 28.18 117.239303  30.534954 28.869
 60    12.032 54300.57706257 27.45 117.238403  30.538234 28.869
 60    12.134 54300.57706321 24.93 117.237503  30.541524 28.869
 60    12.529 54300.57706386 24.74 117.236613  30.544804 28.869
 61    12.808 54335.57705009 30.91 117.240822  30.532540 17.651
 61    12.413 54335.57705074 26.04 117.239922  30.535830 17.651
 61    12.147 54335.57705138 22.65 117.239022  30.539120 17.651
 61    11.927 54335.57705203 23.23 117.238132  30.542400 17.651
 61    12.297 54335.57705267 24.05 117.237232  30.545690 17.651
 63    13.049 54405.57699389 23.56 117.239834  30.529660 27.738
 63    12.752 54405.57699454 15.55 117.238944  30.532940 27.738
 63    12.513 54405.57699518 14.44 117.238044  30.536230 27.738
 63    12.001 54405.57699583 15.56 117.237144  30.539520 27.738
 63    11.995 54405.57699647 22.88 117.236254  30.542800 27.738
 64     4.739 54440.57695010 26.56 117.237921  30.521784 24.356
 64    10.594 54440.57695075 22.58 117.237031  30.525074 24.356
 64    10.099 54440.57695139 20.13 117.236131  30.528354 24.356
 64     9.045 54440.57695204 19.72 117.235231  30.531644 24.356
 64     9.189 54440.57695268 18.75 117.234331  30.534934 24.356
 65    12.773 54475.57698148 20.01 117.240041  30.531173 28.505
 65    12.189 54475.57698213 16.89 117.239141  30.534463 28.505
 65    11.855 54475.57698277 16.33 117.238251  30.537743 28.505
 65    11.472 54475.57698342 17.59 117.237351  30.541033 28.505
 65    10.631 54475.57698406 22.01 117.236451  30.544323 28.505
 66     5.114 54510.57696570 34.40 117.238008  30.525581 10.865
 66     4.854 54510.57696634 33.52 117.237108  30.528871 10.865
 66     4.699 54510.57696699 30.17 117.236208  30.532151 10.865
 66     4.758 54510.57696763 29.62 117.235308  30.535441 10.865
 66     9.344 54510.57696828 28.23 117.234418  30.538731 10.865
 67    12.783 54545.57699575 22.18 117.240274  30.531051 20.649
 67    12.705 54545.57699640 19.84 117.239374  30.534331 20.649
 67    12.956 54545.57699704 19.02 117.238474  30.537621 20.649
 67    12.650 54545.57699769 17.59 117.237584  30.540901 20.649
 67    10.921 54545.57699833 22.48 117.236684  30.544191 20.649
 68     8.618 54580.57696286 27.31 117.239599  30.532469 17.734
 68     8.331 54580.57696351 28.01 117.238699  30.535759 17.734
 68     8.137 54580.57696415 25.56 117.237799  30.539039 17.734
 68    11.160 54580.57696479 23.54 117.236899  30.542329 17.734
 68    11.411 54580.57696544 22.57 117.236009  30.545609 17.734
 69    12.745 54615.57698530 22.90 117.240446  30.530945 21.822
 69    13.870 54615.57698595 17.29 117.239546  30.534225 21.822
 69    13.172 54615.57698659 16.81 117.238646  30.537515 21.822
 69    13.102 54615.57698723 17.49 117.237756  30.540795 21.822
 69    12.018 54615.57698788 21.43 117.236856  30.544085 21.822
 69    11.158 54615.57698852 25.00 117.235956  30.547375 21.822
 70    11.619 54650.57699626 38.62 117.238587  30.524259 15.453
 70    11.628 54650.57699691 36.07 117.237687  30.527539 15.453
 70    11.406 54650.57699755 36.94 117.236797  30.530829 15.453
 70    11.392 54650.57699820 33.72 117.235897  30.534119 15.453
 70    10.915 54650.57699884 31.66 117.234999  30.537398 27.212
 70    10.604 54650.57699949 29.51 117.234109  30.540688 27.212
 71    12.729 54685.57699103 19.21 117.240496  30.530863 23.236
 71    12.166 54685.57699168 18.85 117.239596  30.534153 23.236
 71    12.116 54685.57699232 16.80 117.238696  30.537433 23.236
 71    11.924 54685.57699297 19.32 117.237796  30.540723 23.236
 71    11.943 54685.57699361 21.54 117.236906  30.544003 23.236
 71    11.698 54685.57699426 28.85 117.236006  30.547293 23.236
 72    13.565 54720.57694074 32.35 117.238811  30.522907 22.764
 72    12.860 54720.57694139 24.07 117.237911  30.526197 22.764
 72    12.737 54720.57694203 23.81 117.237021  30.529477 22.764
 72    12.660 54720.57694268 22.79 117.236121  30.532767 22.764
 72    12.602 54720.57694332 21.34 117.235221  30.536057 22.764
 72    12.744 54720.57694397 21.09 117.234321  30.539337 22.764
 73     9.119 54755.57696462 33.26 117.239593  30.527518 19.047
 73     9.063 54755.57696526 26.13 117.238693  30.530808 19.047
 73     8.958 54755.57696590 24.81 117.237793  30.534088 19.047
 73     8.815 54755.57696655 23.56 117.236893  30.537378 19.047
 73    10.409 54755.57696719 22.44 117.236003  30.540658 19.047
 73    12.012 54755.57696784 26.64 117.235103  30.543948 19.047
 74    11.063 54790.57693360 33.69 117.237044  30.522111 20.062
 74    10.776 54790.57693424 33.46 117.236154  30.525401 20.062
 74    10.781 54790.57693489 32.19 117.235254  30.528691 20.062
 74    10.603 54790.57693553 31.41 117.234360  30.531977 30.330
 74    10.381 54790.57693618 30.36 117.233460  30.535257 30.330
 75    23.466 54825.57696112 19.13 117.239270  30.527546 15.057
 75    17.076 54825.57696177 14.03 117.238370  30.530826 15.057
 75    13.236 54825.57696241 14.82 117.237470  30.534116 15.057
 75    12.843 54825.57696305 14.21 117.236580  30.537396 15.057
 75    12.242 54825.57696370 16.63 117.235680  30.540686 15.057
 75    12.791 54825.57696434 23.25 117.234780  30.543976 15.057
 76     4.592 54860.57692791 35.89 117.238573  30.525306 11.397
 76     4.477 54860.57692855 34.22 117.237673  30.528596 11.397
 76     4.415 54860.57692920 33.02 117.236773  30.531876 11.397
 76     4.382 54860.57692984 33.24 117.235883  30.535166 11.397
 76     4.228 54860.57693049 33.39 117.234983  30.538456 11.397
 76     4.492 54860.57693113 33.92 117.234087  30.541735 20.552
 77    15.148 54895.57696231 23.88 117.239076  30.529953 17.976
 77    14.515 54895.57696296 22.07 117.238176  30.533233 17.976
 77    13.332 54895.57696360 21.92 117.237276  30.536523 17.976
 77    13.387 54895.57696425 21.04 117.236386  30.539803 17.976
 77    12.184 54895.57696489 24.28 117.235486  30.543093 17.976
 78     6.898 54930.57692511 43.25 117.237831  30.521143 14.676
 78     6.563 54930.57692576 39.14 117.236931  30.524433 14.676
 78     6.558 54930.57692640 37.95 117.236031  30.527713 14.676
 78     6.423 54930.57692705 37.28 117.235141  30.531003 14.676
 78     6.298 54930.57692769 34.75 117.234241  30.534293 14.676
 79     9.466 54965.57696294 28.44 117.239174  30.527835 19.794
 79     9.325 54965.57696358 25.58 117.238274  30.531115 19.794
 79     9.199 54965.57696423 25.25 117.237374  30.534405 19.794
 79     9.320 54965.57696487 23.59 117.236484  30.537685 19.794
 79    11.535 54965.57696552 21.80 117.235584  30.540975 19.794
 79    11.719 54965.57696616 28.19 117.234684  30.544265 19.794
 80    11.236 55000.57698231 39.26 117.237795  30.524946 20.762
 80    10.664 55000.57698296 36.86 117.236895  30.528236 20.762
 80    10.408 55000.57698360 36.68 117.235995  30.531516 20.762
 80    10.187 55000.57698425 34.29 117.235095  30.534806 20.762
 80     9.943 55000.57698489 32.52 117.234205  30.538096 20.762
 81    12.416 55035.57696878 19.89 117.239739  30.530664 16.144
 81    11.716 55035.57696942 20.57 117.238839  30.533954 16.144
 81    11.695 55035.57697007 19.37 117.237939  30.537244 16.144
 81    11.826 55035.57697071 19.29 117.237049  30.540524 16.144
 81    11.849 55035.57697136 22.38 117.236149  30.543814 16.144
 82    12.382 55070.57695856 21.08 117.240996  30.531271 23.342
 82    12.158 55070.57695921 18.43 117.240096  30.534561 23.342
 82    11.891 55070.57695985 21.32 117.239196  30.537841 23.342
 82    12.067 55070.57696050 19.10 117.238296  30.541131 23.342
 82    11.978 55070.57696114 21.24 117.237406  30.544411 23.342
 82    12.177 55070.57696179 26.30 117.236506  30.547701 23.342
 83     8.360 55105.57689892 34.29 117.237636  30.520671 17.592
 83     8.381 55105.57689957 30.63 117.236736  30.523961 17.592
 83     8.236 55105.57690021 30.22 117.235836  30.527241 17.592
 83     8.144 55105.57690086 30.56 117.234936  30.530531 17.592
 83     8.009 55105.57690150 29.23 117.234046  30.533821 17.592
 84     5.373 55140.57690629 24.77 117.240010  30.527881 13.413
 84     5.269 55140.57690693 24.51 117.239110  30.531171 13.413
 84     5.434 55140.57690758 22.61 117.238220  30.534451 13.413
 84     5.410 55140.57690822 21.78 117.237320  30.537741 13.413
 84    11.087 55140.57690887 20.29 117.236420  30.541031 13.413
 84    11.489 55140.57690951 22.78 117.235530  30.544311 13.413
 86    11.988 55210.57690131 33.38 117.239626  30.526646 14.841
 86     4.285 55210.57690196 31.25 117.238726  30.529936 14.841
 86     3.977 55210.57690260 30.53 117.237826  30.533216 14.841
 86     4.020 55210.57690325 28.22 117.236926  30.536506 14.841
 86     3.929 55210.57690389 25.70 117.236036  30.539786 14.841
 86    10.349 55210.57690454 25.39 117.235136  30.543076 14.841
 87     5.857 55245.57687297 33.26 117.238032  30.525393 12.214
 87     5.543 55245.57687361 31.20 117.237132  30.528683 12.214
 87     5.722 55245.57687426 28.46 117.236232  30.531963 12.214
 87     5.458 55245.57687490 28.36 117.235342  30.535253 12.214
 87     5.520 55245.57687555 26.75 117.234442  30.538543 12.214
 88    18.208 55280.57689550 19.52 117.239778  30.529877 20.015
 88    14.722 55280.57689614 20.71 117.238878  30.533157 20.015
 88    14.499 55280.57689679 20.81 117.237978  30.536447 20.015
 88    12.537 55280.57689743 22.35 117.237088  30.539727 20.015
 88    12.253 55280.57689808 26.47 117.236188  30.543017 20.015
 89    12.741 55315.57686158 38.38 117.238824  30.526695 23.266
 89    12.777 55315.57686223 34.71 117.237924  30.529985 23.266
 89    12.603 55315.57686287 32.04 117.237024  30.533275 23.266
 89    12.329 55315.57686352 31.81 117.236127  30.536555 31.598
 89    11.986 55315.57686416 29.63 117.235237  30.539845 31.598
 89    13.015 55315.57686481 28.86 117.234337  30.543135 31.598
 90    12.689 55350.57686762 19.41 117.240154  30.531411 25.027
 90    12.577 55350.57686826 17.13 117.239254  30.534701 25.027
 90    12.606 55350.57686891 21.05 117.238364  30.537981 25.027
 90    12.640 55350.57686955 21.57 117.237464  30.541271 25.027
 90    12.431 55350.57687020 23.42 117.236564  30.544561 25.027
 92    14.730 55420.57688622 32.04 117.239241  30.532351 24.932
 92    14.194 55420.57688686 29.84 117.238341  30.535641 24.932
 92    13.659 55420.57688751 31.10 117.237451  30.538921 24.932
 92    13.677 55420.57688815 28.31 117.236551  30.542211 24.932
 92    14.030 55420.57688880 28.23 117.235651  30.545501 24.932
 93    12.917 55455.57686286 24.63 117.240819  30.534153 19.766
 93    13.424 55455.57686351 21.10 117.239919  30.537433 19.766
 93    13.247 55455.57686415 20.08 117.239029  30.540723 19.766
 93    13.214 55455.57686480 21.51 117.238129  30.544003 19.766
 93    12.942 55455.57686544 23.33 117.237229  30.547293 19.766
 94    12.956 55490.57678127 25.45 117.243257  30.538472 13.498
 94    13.520 55490.57678191 23.44 117.242367  30.541752 13.498
 94    13.428 55490.57678256 22.04 117.241467  30.545042 13.498
 94    12.674 55490.57678320 21.89 117.240567  30.548322 13.498
 94    13.748 55490.57678385 20.92 117.239677  30.551612 13.498
 94    12.571 55490.57678449 29.90 117.238777  30.554892 13.498
