# NaN NaN NaN ;Mean Elev.(m), Avg Gradient(m/km), RMS Gradient(m/km) - SRTM1     
#   98.364 -42.988 178.562 ;Mean Elev.(m), Avg Gradient(m/km), RMS Gradient(m/km) - ASTER GDEM
#   84.465 -41.614 178.763 ;Mean Elev.(m), Avg Gradient(m/km), RMS Gradient(m/km) - GMTED2010 
 14   337.192 52702.12676779  2.49 109.542730  31.040167  3.703
 14   521.298 52702.12676844  0.40 109.541830  31.036877  3.703
 14   507.097 52702.12676908  1.80 109.540930  31.033587  3.703
 15    88.733 52737.12681047 19.33 109.532406  31.040486 10.354
 15    87.784 52737.12681111 18.30 109.531503  31.037197  6.410
 15    85.616 52737.12681176 16.99 109.530603  31.033917  6.410
 16   587.219 52772.12677874  2.53 109.530608  31.040241  7.003
 16   645.744 52772.12677938  0.68 109.529708  31.036951  7.003
 16   624.656 52772.12678003  0.85 109.528798  31.033671  7.003
 56   159.008 54172.12681629 17.60 109.528716  31.040047 14.042
 56   159.001 54172.12681693 17.15 109.527816  31.036767 14.042
 58   145.047 54242.12684334 20.24 109.533189  31.042871  3.961
 58   144.852 54242.12684398 18.71 109.532289  31.039591  3.961
 58   144.707 54242.12684463 18.20 109.531389  31.036301  3.961
 58   155.420 54242.12684527 17.12 109.530479  31.033011  3.961
 61   150.124 54347.12683172 18.79 109.529726  31.040620 16.137
 61   150.051 54347.12683236 19.38 109.528817  31.037330  7.727
 61   149.721 54347.12683301 18.65 109.527917  31.034050  7.727
 78   159.828 54942.12673896 22.81 109.533463  31.042931  4.410
 78   159.808 54942.12673961 24.50 109.532563  31.039651  4.410
 78   159.859 54942.12674025 23.96 109.531662  31.036361  5.061
 78   159.898 54942.12674090 23.06 109.530752  31.033081  5.061
