# NaN NaN NaN ;Mean Elev.(m), Avg Gradient(m/km), RMS Gradient(m/km) - SRTM1     
#   36.041  -0.014   4.351 ;Mean Elev.(m), Avg Gradient(m/km), RMS Gradient(m/km) - ASTER GDEM
#   34.047   0.030   3.150 ;Mean Elev.(m), Avg Gradient(m/km), RMS Gradient(m/km) - GMTED2010 
  8    40.098 52486.11897702 21.81 112.207130  30.318695 20.982
  8    37.591 52486.11897767 23.42 112.206240  30.315405 20.982
  8    37.377 52486.11897831 25.84 112.205350  30.312115 20.982
  8    37.410 52486.11897896 26.21 112.204450  30.308835 20.982
  9    38.148 52521.11894467 18.07 112.205380  30.317474 21.374
  9    37.552 52521.11894531 18.95 112.204490  30.314184 21.374
  9    37.667 52521.11894596 20.10 112.203600  30.310894 21.374
  9    38.086 52521.11894660 22.88 112.202700  30.307614 21.374
 10    33.405 52556.11899550 24.86 112.205026  30.319076 24.540
 10    33.528 52556.11899614 26.24 112.204136  30.315786 24.540
 10    33.681 52556.11899679 28.80 112.203246  30.312496 24.540
 10    33.535 52556.11899743 28.16 112.202346  30.309216 24.540
 11    32.099 52591.11898707 28.90 112.204184  30.318308 17.835
 11    31.963 52591.11898772 37.10 112.203284  30.315028 17.835
 11    31.960 52591.11898836 36.52 112.202394  30.311738 17.835
 11    35.570 52591.11898900 22.40 112.201504  30.308448 17.835
 12    41.175 52626.11890832 26.85 112.212696  30.319667 19.402
 12    41.655 52626.11890896 21.54 112.211806  30.316377 19.402
 12    34.292 52626.11890961 24.97 112.210916  30.313087 19.402
 12    39.689 52626.11891025 21.03 112.210016  30.309807 19.402
 12    36.034 52626.11891090 25.26 112.209126  30.306517 19.402
 13    29.957 52661.11895151 47.19 112.207580  30.317957 25.522
 13    29.813 52661.11895215 39.45 112.206680  30.314677 25.522
 13    29.854 52661.11895280 40.89 112.205790  30.311387 25.522
 13    29.895 52661.11895344 51.49 112.204900  30.308097 25.522
 14    42.058 52696.11892931 32.85 112.215574  30.319997 17.084
 14    29.357 52696.11892995 32.59 112.214684  30.316717 17.084
 14    29.330 52696.11893060 31.30 112.213784  30.313427 17.084
 14    29.227 52696.11893124 29.12 112.212894  30.310147 17.084
 14    35.413 52696.11893188 25.91 112.211994  30.306857 17.084
 15    42.778 52731.11895765 21.98 112.214031  30.318315  7.421
 15    40.681 52731.11895829 20.43 112.213141  30.315035  7.421
 15    40.173 52731.11895894 19.42 112.212251  30.311745  7.421
 15    40.108 52731.11895958 19.58 112.211351  30.308465  7.421
 16    32.011 52766.11896718 31.07 112.199121  30.319655 17.252
 16    31.940 52766.11896783 36.33 112.198231  30.316365 17.252
 16    32.095 52766.11896847 37.22 112.197331  30.313085 17.252
 16    31.872 52766.11896912 33.81 112.196441  30.309795 17.252
 17    43.199 52801.11896563 22.45 112.214414  30.318320 17.502
 17    32.660 52801.11896627 24.02 112.213524  30.315030 17.502
 17    32.503 52801.11896692 28.15 112.212624  30.311740 17.502
 17    35.367 52801.11896756 21.13 112.211734  30.308460 17.502
 18    42.608 52836.11903237 30.65 112.214289  30.318636 17.306
 18    40.897 52836.11903301 23.37 112.213389  30.315356 17.306
 18    40.009 52836.11903366 23.17 112.212499  30.312066 17.306
 18    39.336 52836.11903430 27.14 112.211599  30.308776 17.306
 19    41.784 52871.11907319 26.32 112.213146  30.319362 19.763
 19    40.866 52871.11907384 17.67 112.212256  30.316072 19.763
 19    37.085 52871.11907448 19.71 112.211356  30.312792 19.763
 19    36.922 52871.11907512 23.20 112.210466  30.309502 19.763
 19    37.316 52871.11907577 23.50 112.209576  30.306212 19.763
 20    39.891 52906.11907051 26.83 112.208884  30.317463 27.757
 20    38.493 52906.11907116 25.99 112.207994  30.314173 27.757
 20    38.243 52906.11907180 30.58 112.207094  30.310893 27.757
 20    38.582 52906.11907245 29.06 112.206204  30.307603 27.757
 21    32.425 52941.11900172 25.78 112.214796  30.316282 21.343
 21    32.439 52941.11900237 37.80 112.213896  30.312992 21.343
 21    32.366 52941.11900301 36.16 112.213006  30.309702 21.343
 21    32.182 52941.11900366 28.06 112.212116  30.306422 21.343
 23    29.348 53011.11905330 29.27 112.204345  30.320316 21.692
 23    29.870 53011.11905394 33.76 112.203455  30.317026 21.692
 23    29.860 53011.11905459 41.91 112.202565  30.313736 21.692
 23    29.884 53011.11905523 47.23 112.201665  30.310456 21.692
 23    29.932 53011.11905588 48.05 112.200775  30.307166 21.692
 24    30.402 53046.11901763 33.54 112.209653  30.318808 20.361
 24    29.628 53046.11901827 30.63 112.208753  30.315518 20.361
 24    29.674 53046.11901892 28.27 112.207863  30.312228 20.361
 24    29.690 53046.11901956 25.32 112.206963  30.308948 20.361
 25    38.146 53081.11905205 21.89 112.201981  30.320187 13.017
 25    34.692 53081.11905270 21.19 112.201091  30.316897 13.017
 25    34.326 53081.11905334 19.65 112.200191  30.313617 13.017
 25    35.127 53081.11905399 18.87 112.199301  30.310327 13.017
 25    35.537 53081.11905463 21.66 112.198411  30.307037 13.017
 26    38.720 53116.11902219 20.60 112.206641  30.319775 19.474
 26    32.164 53116.11902284 30.48 112.205741  30.316485 19.474
 26    32.330 53116.11902348 31.34 112.204851  30.313195 19.474
 26    34.852 53116.11902413 21.38 112.203951  30.309915 19.474
 26    35.908 53116.11902477 18.98 112.203061  30.306625 19.474
 27    38.391 53151.11907027 17.11 112.204142  30.318303 17.142
 27    34.191 53151.11907092 19.19 112.203252  30.315013 17.142
 27    34.725 53151.11907156 17.62 112.202352  30.311733 17.142
 27    35.534 53151.11907221 17.15 112.201462  30.308443 17.142
 28    41.263 53186.11905734 22.49 112.217213  30.317440 15.386
 28    36.390 53186.11905798 22.67 112.216323  30.314150 15.386
 28    36.609 53186.11905863 23.61 112.215423  30.310870 15.386
 28    36.590 53186.11905927 26.02 112.214533  30.307580 15.386
 29    39.821 53221.11908376 18.58 112.208336  30.318174  8.171
 29    38.851 53221.11908440 17.17 112.207436  30.314894  8.171
 29    34.285 53221.11908505 16.27 112.206546  30.311604  8.171
 29    33.816 53221.11908569 15.55 112.205656  30.308314  8.171
 30    39.242 53256.11906057 25.39 112.200687  30.317646 23.901
 30    40.069 53256.11906122 26.91 112.199787  30.314366 23.901
 30    40.587 53256.11906186 29.61 112.198897  30.311076 23.901
 30    40.941 53256.11906251 32.23 112.198007  30.307786 23.901
 31    39.203 53291.11907287 23.86 112.204744  30.320541 25.430
 31    39.144 53291.11907351 18.80 112.203854  30.317251 25.430
 31    38.235 53291.11907416 20.92 112.202954  30.313971 25.430
 31    36.123 53291.11907480 20.09 112.202064  30.310681 25.430
 31    36.422 53291.11907545 21.72 112.201164  30.307391 25.430
 32    41.006 53326.11904751 46.96 112.212129  30.319934 24.923
 32    33.396 53326.11904816 28.70 112.211229  30.316654 24.923
 32    33.466 53326.11904880 36.77 112.210339  30.313364 24.923
 32    33.404 53326.11904945 30.29 112.209439  30.310084 24.923
 32    33.241 53326.11905009 27.72 112.208549  30.306794 24.923
 33    41.774 53361.11900546 26.15 112.211146  30.320222 10.631
 33    41.290 53361.11900611 23.41 112.210246  30.316942 10.631
 33    39.759 53361.11900675 25.20 112.209356  30.313652 10.631
 33    39.576 53361.11900740 22.52 112.208466  30.310362 10.631
 33    38.979 53361.11900804 19.55 112.207566  30.307082 10.631
 34    40.885 53396.11902510 25.04 112.210164  30.319964 16.286
 34    31.163 53396.11902575 26.90 112.209274  30.316674 16.286
 34    30.763 53396.11902639 28.76 112.208384  30.313384 16.286
 34    34.726 53396.11902704 23.80 112.207484  30.310104 16.286
 34    36.283 53396.11902768 20.84 112.206594  30.306814 16.286
 35    41.778 53431.11901760 26.28 112.209228  30.318985 19.042
 35    30.695 53431.11901825 22.97 112.208338  30.315695 19.042
 35    29.995 53431.11901889 25.28 112.207448  30.312405 19.042
 35    35.376 53431.11901954 19.70 112.206548  30.309125 19.042
 36    39.335 53466.11904791 35.45 112.212714  30.320371 21.701
 36    41.621 53466.11904855 24.50 112.211814  30.317091 21.701
 36    31.229 53466.11904920 23.80 112.210924  30.313801 21.701
 36    34.599 53466.11904984 21.40 112.210034  30.310511 21.701
 36    38.182 53466.11905049 17.46 112.209134  30.307231 21.701
 37    35.270 53501.11910610 23.34 112.202076  30.317920 15.819
 37    33.648 53501.11910675 25.70 112.201176  30.314640 15.819
 37    33.539 53501.11910739 25.79 112.200286  30.311350 15.819
 37    35.022 53501.11910804 26.47 112.199396  30.308060 15.819
 38    40.614 53536.11909543 25.01 112.208947  30.319335 18.708
 38    35.920 53536.11909608 22.82 112.208057  30.316045 18.708
 38    36.020 53536.11909672 24.09 112.207167  30.312755 18.708
 38    36.028 53536.11909737 24.00 112.206267  30.309475 18.708
 40    41.305 53606.11905162 26.59 112.205579  30.320266 22.547
 40    38.736 53606.11905227 24.80 112.204679  30.316986 22.547
 40    39.251 53606.11905291 30.12 112.203789  30.313696 22.547
 40    39.745 53606.11905356 31.59 112.202899  30.310406 22.547
 40    40.159 53606.11905420 32.40 112.201999  30.307126 22.547
 41    41.362 53641.11905190 19.30 112.209088  30.317962 23.601
 41    39.403 53641.11905255 19.48 112.208188  30.314672 23.601
 41    35.681 53641.11905319 22.16 112.207298  30.311382 23.601
 41    35.925 53641.11905384 23.16 112.206398  30.308102 23.601
 42    39.447 53676.11907149 19.93 112.203573  30.318954 19.203
 42    37.548 53676.11907213 19.49 112.202683  30.315664 19.203
 42    35.565 53676.11907278 20.41 112.201793  30.312374 19.203
 42    36.388 53676.11907342 20.99 112.200893  30.309094 19.203
 43    31.048 53711.11900075 31.36 112.209991  30.319893 24.340
 43    31.109 53711.11900139 40.97 112.209091  30.316613 24.340
 43    31.109 53711.11900204 40.59 112.208201  30.313323 24.340
 43    31.012 53711.11900268 34.07 112.207311  30.310033 24.340
 43    30.872 53711.11900333 28.60 112.206411  30.306753 24.340
 44    30.162 53746.11891146 25.84 112.216092  30.317217 19.754
 44    30.163 53746.11891211 33.71 112.215192  30.313937 19.754
 44    30.520 53746.11891275 39.88 112.214302  30.310647 19.754
 44    30.042 53746.11891340 31.96 112.213402  30.307357 19.754
 45    42.452 53781.11894252 25.51 112.212850  30.318852 13.494
 45    39.869 53781.11894316 26.14 112.211950  30.315562 13.494
 45    29.769 53781.11894381 28.21 112.211060  30.312272 13.494
 45    35.482 53781.11894445 22.58 112.210160  30.308992 13.494
 46    40.544 53816.11891054 26.31 112.207333  30.320118 18.084
 46    39.376 53816.11891119 23.34 112.206433  30.316838 18.084
 46    34.952 53816.11891183 21.72 112.205543  30.313548 18.084
 46    34.979 53816.11891248 20.58 112.204653  30.310258 18.084
 46    35.922 53816.11891312 20.53 112.203753  30.306978 18.084
 47    30.701 53851.11897851 36.24 112.207676  30.320143 18.676
 47    30.717 53851.11897916 42.08 112.206786  30.316853 18.676
 47    30.809 53851.11897980 43.67 112.205886  30.313573 18.676
 47    30.677 53851.11898044 42.75 112.204996  30.310283 18.676
 47    30.739 53851.11898109 41.96 112.204096  30.307003 18.676
 48    40.900 53886.11898682 26.77 112.217638  30.319402 15.852
 48    41.352 53886.11898746 19.23 112.216748  30.316112 15.852
 48    33.064 53886.11898811 25.53 112.215848  30.312832 15.852
 48    35.174 53886.11898875 19.21 112.214958  30.309542 15.852
 48    32.966 53886.11898940 24.33 112.214068  30.306252 15.852
 49    36.425 53921.11905691 21.21 112.200324  30.320308 17.480
 49    36.392 53921.11905756 18.66 112.199434  30.317018 17.480
 49    36.209 53921.11905820 18.11 112.198544  30.313738 17.480
 49    35.427 53921.11905885 23.45 112.197644  30.310448 17.480
 49    35.490 53921.11905949 25.55 112.196754  30.307158 17.480
 50    36.160 53956.11905441 26.17 112.199793  30.319630 12.030
 50    33.063 53956.11905505 26.48 112.198893  30.316340 12.030
 50    33.006 53956.11905569 26.86 112.198003  30.313050 12.030
 50    33.019 53956.11905634 28.21 112.197113  30.309770 12.030
 52    42.434 54026.11903917 25.01 112.212678  30.318523 18.717
 52    40.874 54026.11903981 17.06 112.211778  30.315233 18.717
 52    39.946 54026.11904046 16.78 112.210888  30.311943 18.717
 52    39.029 54026.11904110 16.40 112.209988  30.308663 18.717
 53    41.439 54061.11903276 26.78 112.214140  30.318439 14.405
 53    30.644 54061.11903341 29.82 112.213250  30.315159 14.405
 53    30.594 54061.11903405 30.16 112.212350  30.311869 14.405
 53    30.618 54061.11903470 25.77 112.211460  30.308579 14.405
 54    31.481 54096.11900574 25.17 112.205712  30.320712 22.864
 54    31.176 54096.11900639 22.28 112.204822  30.317422 22.864
 54    29.943 54096.11900703 23.03 112.203932  30.314132 22.864
 54    34.661 54096.11900767 20.99 112.203032  30.310852 22.864
 54    35.544 54096.11900832 20.33 112.202142  30.307562 22.864
 55    30.813 54131.11895331 28.37 112.213226  30.318288 20.855
 55    29.355 54131.11895396 33.87 112.212336  30.315008 20.855
 55    29.478 54131.11895460 36.37 112.211436  30.311718 20.855
 55    29.365 54131.11895525 34.58 112.210546  30.308428 20.855
 56    29.836 54166.11897820 42.18 112.205810  30.319565 21.365
 56    29.828 54166.11897885 39.58 112.204920  30.316275 21.365
 56    29.965 54166.11897949 41.56 112.204030  30.312985 21.365
 56    29.833 54166.11898014 39.08 112.203130  30.309705 21.365
 57    40.581 54201.11895634 31.10 112.211345  30.319716 18.835
 57    40.305 54201.11895698 19.34 112.210455  30.316436 18.835
 57    39.603 54201.11895762 17.95 112.209555  30.313146 18.835
 57    35.304 54201.11895827 17.99 112.208665  30.309856 18.835
 57    36.178 54201.11895891 17.79 112.207765  30.306576 18.835
 58    40.277 54236.11899244 34.36 112.211302  30.318708 20.152
 58    31.990 54236.11899309 39.56 112.210412  30.315418 20.152
 58    32.023 54236.11899373 44.01 112.209522  30.312138 20.152
 58    32.129 54236.11899437 43.31 112.208622  30.308848 20.152
 59    41.252 54271.11901316 37.57 112.209876  30.320603 27.027
 59    41.805 54271.11901381 21.59 112.208986  30.317313 27.027
 59    37.981 54271.11901445 26.92 112.208096  30.314033 27.027
 59    38.388 54271.11901510 29.37 112.207196  30.310743 27.027
 59    38.878 54271.11901574 34.47 112.206306  30.307453 27.027
 60    42.331 54306.11901615 30.79 112.210009  30.319348 27.680
 60    39.561 54306.11901679 28.29 112.209119  30.316058 27.680
 60    39.198 54306.11901744 29.14 112.208229  30.312778 27.680
 60    39.469 54306.11901808 32.12 112.207329  30.309488 27.680
 61    42.611 54341.11899756 38.10 112.208505  30.320338 21.835
 61    40.674 54341.11899821 22.94 112.207605  30.317048 21.835
 61    37.931 54341.11899885 23.64 112.206715  30.313758 21.835
 61    38.020 54341.11899950 24.09 112.205815  30.310478 21.835
 61    38.029 54341.11900014 26.16 112.204925  30.307188 21.835
 62    42.521 54376.11895082 31.50 112.210704  30.318945 26.427
 62    34.161 54376.11895146 26.18 112.209804  30.315665 26.427
 62    34.139 54376.11895211 27.88 112.208914  30.312375 26.427
 62    34.202 54376.11895275 31.80 112.208014  30.309085 26.427
 63    32.393 54411.11894495 30.06 112.207724  30.317858 19.481
 63    32.366 54411.11894559 32.05 112.206834  30.314568 19.481
 63    32.357 54411.11894624 34.92 112.205934  30.311288 19.481
 63    32.482 54411.11894688 35.08 112.205044  30.307998 19.481
 64    42.132 54446.11891506 21.90 112.212320  30.317927 18.454
 64    39.893 54446.11891571 21.74 112.211430  30.314647 18.454
 64    38.846 54446.11891635 20.02 112.210530  30.311357 18.454
 64    35.409 54446.11891700 24.51 112.209640  30.308077 18.454
 65    40.904 54481.11893618 26.59 112.210374  30.319252 15.220
 65    29.903 54481.11893682 29.69 112.209484  30.315962 15.220
 65    29.944 54481.11893746 30.35 112.208594  30.312682 15.220
 65    29.929 54481.11893811 25.58 112.207694  30.309392 15.220
 66    29.006 54516.11892914 33.54 112.213130  30.318924 16.188
 66    28.711 54516.11892978 35.35 112.212240  30.315634 16.188
 66    28.956 54516.11893043 35.26 112.211340  30.312344 16.188
 66    29.203 54516.11893107 34.55 112.210450  30.309064 16.188
 67    39.890 54551.11894923 22.19 112.206535  30.318146 15.899
 67    31.025 54551.11894987 25.42 112.205635  30.314866 15.899
 67    34.504 54551.11895051 21.55 112.204745  30.311576 15.899
 67    35.218 54551.11895116 20.85 112.203855  30.308286 15.899
 68    40.617 54586.11892474 23.24 112.210133  30.317377 16.296
 68    34.460 54586.11892539 21.60 112.209233  30.314097 16.296
 68    34.697 54586.11892603 20.75 112.208343  30.310807 16.296
 68    35.044 54586.11892668 22.23 112.207453  30.307517 16.296
 69    41.738 54621.11894352 29.25 112.209263  30.320502 16.095
 69    41.134 54621.11894416 16.81 112.208373  30.317212 16.095
 69    40.188 54621.11894481 16.27 112.207473  30.313932 16.095
 69    39.224 54621.11894545 15.37 112.206583  30.310642 16.095
 69    38.405 54621.11894610 15.42 112.205693  30.307352 16.095
 70    40.733 54656.11895386 26.34 112.207402  30.319463 14.420
 70    37.666 54656.11895450 23.54 112.206502  30.316183 14.420
 70    37.372 54656.11895515 25.93 112.205612  30.312893 14.420
 70    37.551 54656.11895579 27.29 112.204712  30.309603 14.420
 71    37.555 54691.11893889 26.83 112.207273  30.317819 22.748
 71    38.256 54691.11893954 28.00 112.206383  30.314529 22.748
 71    38.741 54691.11894018 31.31 112.205483  30.311249 22.748
 71    39.079 54691.11894083 34.67 112.204593  30.307959 22.748
 72    41.050 54726.11890485 26.98 112.212921  30.319555 16.056
 72    40.255 54726.11890549 23.45 112.212021  30.316275 16.056
 72    37.052 54726.11890614 26.93 112.211131  30.312985 16.056
 72    37.253 54726.11890678 28.67 112.210231  30.309695 16.056
 72    37.265 54726.11890743 30.21 112.209341  30.306415 16.056
 73    41.584 54761.11891586 23.69 112.207748  30.319790 15.827
 73    40.358 54761.11891650 22.22 112.206848  30.316510 15.827
 73    31.901 54761.11891715 23.40 112.205958  30.313220 15.827
 73    35.826 54761.11891779 20.87 112.205068  30.309930 15.827
 73    36.048 54761.11891844 21.61 112.204168  30.306650 15.827
 74    32.807 54796.11889893 30.83 112.211131  30.316563 22.419
 74    32.922 54796.11889957 32.78 112.210231  30.313273 22.419
 74    32.851 54796.11890022 34.04 112.209341  30.309993 22.419
 74    32.980 54796.11890086 37.30 112.208451  30.306703 22.419
 75    30.255 54831.11891624 31.81 112.208270  30.317748 18.317
 75    30.077 54831.11891688 29.87 112.207370  30.314468 18.317
 75    30.049 54831.11891752 27.15 112.206480  30.311178 18.317
 75    30.101 54831.11891817 26.50 112.205590  30.307888 18.317
 76    40.377 54866.11889351 34.07 112.212864  30.319891 14.986
 76    30.319 54866.11889416 32.56 112.211974  30.316601 14.986
 76    30.257 54866.11889480 33.85 112.211074  30.313311 14.986
 76    29.914 54866.11889545 30.81 112.210184  30.310031 14.986
 76    29.847 54866.11889609 31.42 112.209294  30.306741 14.986
 77    30.694 54901.11891554 27.96 112.205034  30.317825 17.684
 77    30.647 54901.11891619 26.29 112.204144  30.314535 17.684
 77    34.851 54901.11891683 21.51 112.203254  30.311245 17.684
 77    35.820 54901.11891748 19.99 112.202354  30.307965 17.684
 78    40.309 54936.11888426 24.57 112.210801  30.317437 19.023
 78    30.907 54936.11888490 27.32 112.209901  30.314157 19.023
 78    35.022 54936.11888555 23.00 112.209011  30.310867 19.023
 78    35.843 54936.11888619 21.27 112.208121  30.307577 19.023
 80    34.988 55006.11893638 30.26 112.206589  30.319559 15.366
 80    34.939 55006.11893702 29.14 112.205699  30.316269 15.366
 80    34.847 55006.11893767 31.14 112.204799  30.312989 15.366
 80    35.038 55006.11893831 31.66 112.203909  30.309699 15.366
 81    40.413 55041.11892441 21.98 112.209536  30.317847 20.375
 81    38.148 55041.11892506 17.82 112.208636  30.314567 20.375
 81    36.501 55041.11892570 19.21 112.207746  30.311277 20.375
 81    36.646 55041.11892635 21.37 112.206856  30.307987 20.375
 82    38.774 55076.11890534 27.74 112.207404  30.320340 22.353
 82    38.252 55076.11890598 22.28 112.206514  30.317050 22.353
 82    37.672 55076.11890663 23.93 112.205624  30.313760 22.353
 82    37.706 55076.11890727 26.75 112.204724  30.310480 22.353
 82    37.951 55076.11890792 28.01 112.203834  30.307190 22.353
 83    40.823 55111.11885699 37.69 112.211230  30.319584 21.561
 83    32.003 55111.11885763 28.10 112.210330  30.316304 21.561
 83    32.109 55111.11885828 33.14 112.209440  30.313014 21.561
 83    32.178 55111.11885892 24.90 112.208540  30.309724 21.561
 83    36.085 55111.11885957 19.02 112.207650  30.306444 21.561
 84    41.251 55146.11885927 23.31 112.207092  30.320109  9.346
 84    40.491 55146.11885992 21.76 112.206192  30.316829  9.346
 84    31.175 55146.11886056 26.77 112.205302  30.313539  9.346
 84    35.166 55146.11886121 22.66 112.204412  30.310249  9.346
 84    36.358 55146.11886185 19.42 112.203512  30.306969  9.346
 85    40.823 55181.11883453 26.28 112.212838  30.318849 15.930
 85    30.149 55181.11883518 27.03 112.211948  30.315559 15.930
 85    30.165 55181.11883582 27.91 112.211048  30.312269 15.930
 85    30.028 55181.11883647 29.54 112.210158  30.308989 15.930
 86    35.582 55216.11885404 25.47 112.207746  30.318831 15.287
 86    30.270 55216.11885469 25.81 112.206846  30.315551 15.287
 86    29.856 55216.11885533 28.09 112.205956  30.312261 15.287
 86    30.029 55216.11885598 27.97 112.205066  30.308971 15.287
 87    29.828 55251.11883193 36.94 112.212480  30.317417 19.427
 87    29.773 55251.11883257 45.35 112.211590  30.314127 19.427
 87    29.871 55251.11883322 50.31 112.210690  30.310847 19.427
 87    29.873 55251.11883386 47.21 112.209800  30.307557 19.427
 88    29.945 55286.11884731 31.28 112.205817  30.319297 16.556
 88    29.770 55286.11884795 31.63 112.204927  30.316007 16.556
 88    29.759 55286.11884859 33.22 112.204027  30.312727 16.556
 88    29.885 55286.11884924 36.73 112.203137  30.309437 16.556
 89    31.457 55321.11882105 35.36 112.207339  30.319489 13.164
 89    30.892 55321.11882170 39.43 112.206449  30.316199 13.164
 89    31.013 55321.11882234 41.52 112.205549  30.312919 13.164
 89    31.159 55321.11882299 43.29 112.204659  30.309629 13.164
 90    41.537 55356.11882189 22.31 112.207556  30.318688 10.926
 90    40.747 55356.11882253 18.49 112.206656  30.315408 10.926
 90    39.619 55356.11882318 17.67 112.205766  30.312118 10.926
 90    37.945 55356.11882382 19.92 112.204876  30.308828 10.926
 91    40.802 55391.11882213 39.16 112.210521  30.320412 15.395
 91    38.778 55391.11882277 30.09 112.209621  30.317132 15.395
 91    38.110 55391.11882342 31.69 112.208731  30.313842 15.395
 91    38.064 55391.11882406 35.04 112.207841  30.310552 15.395
 91    38.220 55391.11882471 35.14 112.206941  30.307272 15.395
 92    40.797 55426.11883822 29.38 112.209687  30.318700 17.977
 92    36.532 55426.11883886 24.52 112.208797  30.315410 17.977
 92    36.755 55426.11883951 25.54 112.207897  30.312130 17.977
 92    36.749 55426.11884015 28.31 112.207007  30.308840 17.977
 93    41.665 55461.11880568 24.47 112.208327  30.320147 11.281
 93    41.206 55461.11880632 20.91 112.207437  30.316857 11.281
 93    40.377 55461.11880697 19.76 112.206547  30.313567 11.281
 93    38.765 55461.11880761 19.87 112.205647  30.310287 11.281
 93    36.999 55461.11880826 22.17 112.204757  30.306997 11.281
