# NaN NaN NaN ;Mean Elev.(m), Avg Gradient(m/km), RMS Gradient(m/km) - SRTM1     
#   -3.612  -0.608   3.507 ;Mean Elev.(m), Avg Gradient(m/km), RMS Gradient(m/km) - ASTER GDEM
#    1.929  -0.337   2.969 ;Mean Elev.(m), Avg Gradient(m/km), RMS Gradient(m/km) - GMTED2010 
  8     9.542 52496.57512970 22.92 117.798181  31.128400 30.884
  8     9.917 52496.57513035 22.99 117.797281  31.131680 30.884
  8    10.174 52496.57513099 25.47 117.796371  31.134970 30.884
  9     9.581 52531.57511448 18.04 117.789130  31.119671 25.387
  9    10.269 52531.57511512 19.27 117.788220  31.122961 25.387
  9    11.401 52531.57511577 22.13 117.787320  31.126241 25.387
  9    10.571 52531.57511641 29.29 117.786410  31.129531 25.387
 10     8.807 52566.57513730 17.03 117.797495  31.125993 22.332
 10    11.046 52566.57513795 15.99 117.796585  31.129283 22.332
 10     9.595 52566.57513859 18.37 117.795685  31.132563 22.332
 11     9.158 52601.57514794 18.51 117.791853  31.122850 29.449
 11     9.620 52601.57514858 19.27 117.790943  31.126130 29.449
 11     9.826 52601.57514923 20.79 117.790043  31.129420 29.449
 12     5.820 52636.57511261 23.33 117.789960  31.121337 26.567
 12    10.433 52636.57511326 22.43 117.789060  31.124617 26.567
 12    10.445 52636.57511390 23.69 117.788150  31.127907 26.567
 13     6.403 52671.57511805 21.52 117.793913  31.124213 26.079
 13     8.716 52671.57511869 22.50 117.793013  31.127493 26.079
 13     9.976 52671.57511934 22.86 117.792103  31.130783 26.079
 14     6.118 52706.57511622 22.87 117.794333  31.122083 27.392
 14     6.573 52706.57511686 23.58 117.793433  31.125363 27.392
 14     9.118 52706.57511750 22.96 117.792523  31.128653 27.392
 14    11.175 52706.57511815 23.28 117.791623  31.131933 27.392
 15     5.174 52741.57514859 24.88 117.792912  31.121878 28.675
 15     7.933 52741.57514923 23.92 117.792012  31.125158 28.675
 15     8.908 52741.57514988 23.28 117.791102  31.128448 28.675
 15     9.670 52741.57515052 23.45 117.790202  31.131728 28.675
 16     8.124 52776.57509276 18.46 117.801391  31.126788 29.296
 16     8.581 52776.57509341 19.22 117.800481  31.130078 29.296
 16     8.841 52776.57509405 20.10 117.799581  31.133358 29.296
 16     8.786 52776.57509469 26.87 117.798671  31.136648 29.296
 17     7.753 52811.57516964 22.67 117.789243  31.120585 26.950
 17     9.262 52811.57517028 23.08 117.788333  31.123875 26.950
 17     8.547 52811.57517093 29.97 117.787433  31.127155 26.950
 18    10.935 52846.57522466 32.91 117.791554  31.120847 27.524
 18    10.542 52846.57522531 29.90 117.790654  31.124127 27.524
 18    10.998 52846.57522595 29.47 117.789744  31.127417 27.524
 18    11.361 52846.57522659 36.30 117.788844  31.130697 27.524
 19     8.177 52881.57526142 18.75 117.792614  31.120519 25.859
 19     8.330 52881.57526206 18.58 117.791704  31.123809 25.859
 19     8.967 52881.57526271 19.00 117.790804  31.127089 25.859
 19     9.263 52881.57526335 22.22 117.789894  31.130379 25.859
 20     8.239 52916.57521965 17.65 117.798588  31.127418 28.006
 20     8.432 52916.57522030 17.51 117.797688  31.130698 28.006
 20     9.033 52916.57522094 19.96 117.796778  31.133988 28.006
 21     6.863 52951.57517990 20.35 117.795443  31.124120 21.173
 21    11.163 52951.57518055 18.82 117.794533  31.127410 21.173
 21    11.685 52951.57518119 19.38 117.793633  31.130690 21.173
 21    11.695 52951.57518184 22.50 117.792723  31.133980 21.173
 22     6.899 52986.57519806 18.79 117.800287  31.127536 27.386
 22     8.097 52986.57519870 18.40 117.799377  31.130826 27.386
 22     8.750 52986.57519934 19.79 117.798477  31.134106 27.386
 23     7.098 53021.57518723 19.61 117.799645  31.126041 21.784
 23     7.680 53021.57518788 20.67 117.798745  31.129331 21.784
 23     3.242 53021.57518852 25.97 117.797838  31.132612 25.294
 23     8.411 53021.57518917 27.17 117.796928  31.135902 25.294
 24     8.147 53056.57517781 18.18 117.798097  31.127431 20.025
 24    10.990 53056.57517846 18.66 117.797197  31.130721 20.025
 24    11.221 53056.57517910 21.94 117.796287  31.134001 20.025
 25     5.815 53091.57521455 20.88 117.790370  31.121687 27.345
 25     9.608 53091.57521520 20.64 117.789470  31.124967 27.345
 25     8.992 53091.57521584 26.04 117.788560  31.128257 27.345
 26     7.774 53126.57518569 18.09 117.794873  31.123894 27.454
 26     8.998 53126.57518633 18.82 117.793963  31.127184 27.454
 26    11.058 53126.57518698 20.36 117.793063  31.130464 27.454
 27     8.397 53161.57524773 18.91 117.789299  31.119143 27.771
 27     8.100 53161.57524838 20.91 117.788399  31.122423 27.771
 27    10.289 53161.57524902 21.77 117.787489  31.125713 27.771
 27     9.958 53161.57524967 26.76 117.786589  31.128993 27.771
 28     8.229 53196.57524677 25.70 117.796372  31.123854 33.103
 28     8.550 53196.57524741 23.90 117.795462  31.127144 33.103
 28     8.797 53196.57524805 24.49 117.794562  31.130424 33.103
 28     8.923 53196.57524870 27.75 117.793652  31.133714 33.103
 29     8.751 53231.57522895 18.71 117.800925  31.127704 29.914
 29     8.735 53231.57522960 18.06 117.800015  31.130994 29.914
 29     8.942 53231.57523024 20.40 117.799115  31.134274 29.914
 30     8.699 53266.57519851 20.98 117.796987  31.127337 29.513
 30     9.110 53266.57519916 19.91 117.796078  31.130620 32.474
 30    11.564 53266.57519980 21.22 117.795178  31.133910 32.474
 31     5.559 53301.57524862 22.08 117.785249  31.117079 26.687
 31     5.723 53301.57524927 20.88 117.784339  31.120369 26.687
 31     6.682 53301.57524991 20.26 117.783439  31.123649 26.687
 31     9.625 53301.57525056 22.47 117.782529  31.126939 26.687
 32     7.514 53336.57522012 18.73 117.794762  31.124427 18.764
 32     8.061 53336.57522076 17.65 117.793862  31.127707 18.764
 32     8.869 53336.57522141 18.82 117.792952  31.130997 18.764
 33     6.140 53371.57515680 23.00 117.800223  31.126511 21.908
 33     7.454 53371.57515744 21.15 117.799313  31.129801 21.908
 33     8.107 53371.57515809 22.81 117.798413  31.133081 21.908
 33     8.437 53371.57515873 26.62 117.797503  31.136371 21.908
 34     7.197 53406.57519259 21.12 117.795073  31.123474 20.722
 34     8.709 53406.57519324 17.30 117.794173  31.126754 20.722
 34    11.485 53406.57519388 17.36 117.793263  31.130044 20.722
 34    11.825 53406.57519453 19.86 117.792363  31.133324 20.722
 35     7.241 53441.57517891 17.16 117.798292  31.125808 23.660
 35     7.920 53441.57517955 17.13 117.797392  31.129088 23.660
 35    10.427 53441.57518020 18.56 117.796482  31.132378 23.660
 35    11.318 53441.57518084 21.89 117.795582  31.135658 23.660
 36     4.734 53476.57524627 24.06 117.789038  31.119164 27.620
 36     7.653 53476.57524692 20.70 117.788128  31.122454 27.620
 36    10.483 53476.57524756 21.29 117.787228  31.125734 27.620
 36     9.323 53476.57524821 30.44 117.786318  31.129024 27.620
 37     6.897 53511.57526049 28.40 117.794159  31.122756 24.027
 37     6.470 53511.57526114 30.43 117.793249  31.126046 24.027
 37     7.148 53511.57526178 27.44 117.792348  31.129328 34.851
 37     8.567 53511.57526243 24.58 117.791448  31.132618 34.851
 38     8.907 53546.57527752 26.41 117.791714  31.121309 29.031
 38     8.312 53546.57527816 27.83 117.790804  31.124599 29.031
 38     7.172 53546.57527881 28.29 117.789904  31.127879 29.031
 38     9.173 53546.57527945 29.03 117.788994  31.131169 29.031
 39     8.490 53581.57524985 19.71 117.795948  31.124457 26.642
 39     8.871 53581.57525050 18.42 117.795038  31.127747 26.642
 39    11.108 53581.57525114 19.19 117.794138  31.131027 26.642
 39     9.315 53581.57525179 20.90 117.793228  31.134317 26.642
 40     9.901 53616.57520516 25.68 117.795271  31.124764 23.321
 40    10.419 53616.57520580 23.56 117.794371  31.128044 23.321
 40    10.650 53616.57520645 24.41 117.793461  31.131334 23.321
 41     7.617 53651.57521998 20.02 117.794387  31.122322 29.862
 41     7.673 53651.57522062 21.66 117.793477  31.125612 29.862
 41     9.890 53651.57522127 20.49 117.792577  31.128892 29.862
 41    12.626 53651.57522191 21.50 117.791667  31.132182 29.862
 42     5.508 53686.57522495 23.98 117.791949  31.119547 27.816
 42     7.728 53686.57522559 21.18 117.791049  31.122827 27.816
 42     8.225 53686.57522624 20.50 117.790139  31.126117 27.816
 42     8.845 53686.57522688 22.24 117.789239  31.129397 27.816
 43     7.016 53721.57515215 16.62 117.800061  31.128282 29.291
 43     8.160 53721.57515280 15.17 117.799161  31.131562 29.291
 43     8.575 53721.57515344 20.50 117.798251  31.134852 29.291
 44     8.615 53756.57508215 18.96 117.798627  31.126951 23.579
 44     9.601 53756.57508280 19.04 117.797727  31.130231 23.579
 44    10.127 53756.57508344 21.89 117.796817  31.133521 23.579
 45     7.801 53791.57510853 19.93 117.798773  31.128002 25.977
 45     9.495 53791.57510918 19.64 117.797863  31.131292 25.977
 45     9.844 53791.57510982 21.45 117.796963  31.134572 25.977
 46     5.312 53826.57507038 21.21 117.795444  31.124419 25.050
 46     5.703 53826.57507103 20.52 117.794544  31.127709 25.050
 46    11.256 53826.57507167 20.07 117.793634  31.130989 25.050
 47     5.819 53861.57515915 22.57 117.790565  31.120344 22.705
 47     5.752 53861.57515979 23.34 117.789662  31.123625 31.772
 47     8.855 53861.57516043 22.22 117.788762  31.126915 31.772
 47     8.642 53861.57516108 28.50 117.787852  31.130195 31.772
 48     7.841 53896.57517989 24.31 117.795133  31.122318 26.046
 48     7.861 53896.57518054 24.00 117.794233  31.125598 26.046
 48     7.935 53896.57518118 24.57 117.793323  31.128888 26.046
 48    11.460 53896.57518183 24.01 117.792423  31.132168 26.046
 49     8.700 53931.57522982 21.96 117.786558  31.118370 25.065
 49     8.289 53931.57523046 21.66 117.785650  31.121653 32.791
 49     8.718 53931.57523111 21.59 117.784740  31.124943 32.791
 49     9.482 53931.57523175 22.69 117.783840  31.128223 32.791
 50     6.228 53966.57520532 21.86 117.791132  31.119182 22.545
 50     5.636 53966.57520596 22.53 117.790222  31.122462 22.545
 50     8.574 53966.57520661 19.97 117.789322  31.125752 22.545
 50     8.654 53966.57520725 27.24 117.788415  31.129036 34.147
 51     7.263 54001.57516827 15.99 117.792754  31.123175 32.130
 51     8.165 54001.57516892 16.52 117.791844  31.126455 32.130
 51     8.500 54001.57516956 18.13 117.790944  31.129745 32.130
 52     4.376 54036.57520833 22.92 117.795935  31.124812 21.845
 52     4.402 54036.57520898 21.36 117.795031  31.128094 32.112
 52     4.454 54036.57520962 21.92 117.794131  31.131384 32.112
 53     8.019 54071.57520273 18.57 117.795901  31.126790 26.869
 53     7.895 54071.57520338 18.90 117.794991  31.130070 30.186
 53     6.570 54071.57520402 25.02 117.794081  31.133360 30.186
 54     2.820 54106.57515396 22.16 117.797444  31.126209 23.222
 54     4.719 54106.57515460 22.06 117.796544  31.129499 23.222
 54     8.020 54106.57515525 22.47 117.795633  31.132781 29.791
 55     7.257 54141.57513619 17.41 117.792778  31.123123 26.900
 55     8.621 54141.57513683 19.26 117.791878  31.126413 26.900
 55    10.784 54141.57513748 19.95 117.790968  31.129693 26.900
 56     4.946 54176.57513505 20.93 117.796426  31.123990 28.965
 56     8.290 54176.57513570 21.49 117.795516  31.127280 28.965
 56     4.766 54176.57513634 26.71 117.794616  31.130560 28.965
 56     4.773 54176.57513698 33.77 117.793706  31.133850 28.965
 57     3.922 54211.57514262 22.72 117.792740  31.121178 16.047
 57     8.250 54211.57514326 21.68 117.791840  31.124458 16.047
 57     8.937 54211.57514391 20.98 117.790930  31.127748 16.047
 57    10.040 54211.57514455 21.83 117.790030  31.131028 16.047
 58     3.834 54246.57517270 25.36 117.794237  31.121885 17.886
 58     5.313 54246.57517335 21.57 117.793337  31.125165 17.886
 58     6.181 54246.57517399 20.67 117.792427  31.128455 17.886
 58    11.536 54246.57517464 21.94 117.791527  31.131735 17.886
 60    10.061 54316.57518180 29.32 117.796949  31.125527 30.705
 60    10.169 54316.57518245 29.50 117.796049  31.128807 30.705
 60    10.511 54316.57518309 31.76 117.795139  31.132097 30.705
 61     8.626 54351.57514911 21.60 117.796861  31.127423 29.395
 61     9.051 54351.57514976 22.35 117.795961  31.130703 29.395
 61     9.182 54351.57515040 24.81 117.795051  31.133993 29.395
 62     8.186 54386.57512075 16.75 117.795065  31.123955 24.200
 62     9.418 54386.57512139 17.95 117.794165  31.127235 24.200
 62    11.396 54386.57512204 17.92 117.793255  31.130525 24.200
 62    11.196 54386.57512268 22.05 117.792355  31.133805 24.200
 63     6.071 54421.57509800 20.33 117.796475  31.123781 22.772
 63     8.860 54421.57509864 17.82 117.795565  31.127071 22.772
 63    11.165 54421.57509928 17.46 117.794665  31.130351 22.772
 63    11.448 54421.57509993 18.85 117.793755  31.133641 22.772
 64     5.239 54456.57509355 18.47 117.793037  31.122585 23.186
 64     8.740 54456.57509420 18.97 117.792137  31.125865 23.186
 64    11.413 54456.57509484 18.79 117.791227  31.129155 23.186
 64    11.677 54456.57509549 21.39 117.790317  31.132435 23.186
 65     6.154 54491.57509998 18.30 117.797107  31.124986 27.716
 65     7.651 54491.57510063 18.57 117.796207  31.128266 27.716
 65     8.169 54491.57510127 19.99 117.795297  31.131556 27.716
 65     3.316 54491.57510192 32.51 117.794397  31.134836 27.716
 66     5.590 54526.57510683 21.56 117.794834  31.125840 23.065
 66     7.608 54526.57510747 21.46 117.793934  31.129120 23.065
 66    10.458 54526.57510812 20.95 117.793024  31.132410 23.065
 67    10.072 54561.57510841 16.91 117.796686  31.124789 22.057
 67    10.741 54561.57510905 16.95 117.795776  31.128079 22.057
 67    11.397 54561.57510969 18.93 117.794876  31.131359 22.057
 67    12.639 54561.57511034 20.65 117.793966  31.134649 22.057
 68     6.080 54596.57510243 24.62 117.794929  31.122400 23.605
 68     6.130 54596.57510307 24.03 117.794019  31.125690 23.605
 68     6.134 54596.57510372 23.60 117.793119  31.128970 23.605
 68    11.269 54596.57510436 23.91 117.792209  31.132260 23.605
 69     6.644 54631.57511615 19.23 117.793632  31.124115 24.149
 69     9.452 54631.57511680 19.32 117.792722  31.127405 24.149
 69    11.346 54631.57511744 21.11 117.791822  31.130685 24.149
 70     8.534 54666.57512199 17.64 117.793440  31.123207 25.718
 70     8.200 54666.57512264 17.88 117.792540  31.126487 25.718
 70    10.776 54666.57512328 18.96 117.791630  31.129777 25.718
 71     9.119 54701.57509102 23.71 117.797827  31.128448 29.330
 71     9.393 54701.57509167 23.82 117.796917  31.131738 29.330
 71     9.591 54701.57509231 28.89 117.796017  31.135018 29.330
 72     7.962 54736.57508194 24.24 117.792972  31.121939 30.132
 72     6.973 54736.57508258 24.02 117.792062  31.125229 30.132
 72     6.219 54736.57508323 27.36 117.791162  31.128509 30.132
 72     8.899 54736.57508387 22.99 117.790252  31.131799 30.132
 73     5.113 54771.57507098 21.25 117.796651  31.126723 28.963
 73     8.147 54771.57507163 20.67 117.795741  31.130013 28.963
 73     4.577 54771.57507227 26.36 117.794841  31.133293 28.963
 74     8.254 54806.57507547 19.62 117.791692  31.122476 23.900
 74     8.600 54806.57507611 20.53 117.790782  31.125766 23.900
 74     9.975 54806.57507676 20.85 117.789882  31.129046 23.900
 75     2.902 54841.57506721 22.44 117.795363  31.125714 27.973
 75     5.057 54841.57506786 22.70 117.794463  31.128994 27.973
 75     3.100 54841.57506850 25.96 117.793553  31.132284 27.973
 76     8.152 54876.57507698 17.05 117.793169  31.122414 26.970
 76     8.787 54876.57507762 16.81 117.792269  31.125694 26.970
 76     9.548 54876.57507827 19.06 117.791359  31.128984 26.970
 76    10.204 54876.57507891 21.44 117.790459  31.132264 26.970
 77    10.356 54911.57507193 20.02 117.795644  31.125381 24.136
 77    10.669 54911.57507257 21.17 117.794734  31.128671 24.136
 77    11.698 54911.57507322 23.62 117.793834  31.131951 24.136
 78     8.770 54946.57507005 21.61 117.791781  31.122853 23.758
 78     6.522 54946.57507069 23.79 117.790881  31.126133 23.758
 78    11.026 54946.57507134 23.19 117.789971  31.129423 23.758
 79     7.270 54981.57509576 25.91 117.794161  31.121502 27.612
 79     7.095 54981.57509640 26.40 117.793251  31.124792 27.612
 79     7.140 54981.57509705 25.84 117.792351  31.128072 27.612
 79     7.311 54981.57509769 24.89 117.791441  31.131362 27.612
 80     7.747 55016.57509629 25.66 117.795226  31.123056 29.029
 80     7.854 55016.57509693 26.17 117.794316  31.126346 29.029
 80     8.013 55016.57509758 29.48 117.793416  31.129626 29.029
 80     8.220 55016.57509822 31.09 117.792506  31.132916 29.029
 81     8.151 55051.57509144 24.02 117.796237  31.124103 27.838
 81     8.746 55051.57509209 20.04 117.795337  31.127383 27.838
 81     8.928 55051.57509273 21.76 117.794427  31.130673 27.838
 81    10.898 55051.57509338 21.49 117.793527  31.133953 27.838
 82     7.343 55086.57505650 20.73 117.796988  31.126363 28.937
 82     7.957 55086.57505714 20.06 117.796078  31.129653 28.937
 82     8.289 55086.57505779 21.77 117.795178  31.132933 28.937
 83     3.867 55121.57502571 22.65 117.794149  31.124958 20.745
 83     5.783 55121.57502635 20.46 117.793244  31.128238 26.722
 83    11.535 55121.57502700 21.00 117.792344  31.131528 26.722
 84     5.846 55156.57501625 21.83 117.795052  31.125683 22.474
 84    10.244 55156.57501689 21.11 117.794152  31.128973 22.474
 84    10.965 55156.57501754 22.02 117.793242  31.132253 22.474
 85     3.951 55191.57501476 19.23 117.792493  31.121031 22.400
 85     8.841 55191.57501540 17.64 117.791583  31.124321 22.400
 85     9.272 55191.57501604 18.71 117.790683  31.127601 22.400
 85    11.004 55191.57501669 22.54 117.789773  31.130891 22.400
 86     5.784 55226.57501714 19.67 117.795163  31.125914 26.673
 86     9.312 55226.57501779 18.65 117.794253  31.129194 26.673
 86    10.182 55226.57501843 20.20 117.793353  31.132484 26.673
 87    10.273 55261.57501040 18.74 117.795407  31.123436 29.114
 87    10.665 55261.57501104 22.60 117.794497  31.126726 29.114
 87    10.673 55261.57501169 24.85 117.793596  31.130005 30.430
 87    10.655 55261.57501233 30.25 117.792686  31.133295 30.430
 88     6.939 55296.57500224 20.11 117.796850  31.126113 18.697
 88     9.016 55296.57500289 20.37 117.795950  31.129403 18.697
 88     9.865 55296.57500353 20.25 117.795040  31.132683 18.697
 89     6.747 55331.57499134 22.29 117.793385  31.123493 31.853
 89     6.744 55331.57499198 22.89 117.792475  31.126783 31.853
 89     7.466 55331.57499263 22.09 117.791574  31.130067 34.360
 90     8.604 55366.57498420 27.11 117.796080  31.126098 22.926
 90     9.497 55366.57498484 22.89 117.795180  31.129378 22.926
 90     9.705 55366.57498549 26.54 117.794280  31.132668 22.926
 91    11.744 55401.57499702 33.81 117.793112  31.122303 21.027
 91    11.411 55401.57499767 32.33 117.792202  31.125593 21.027
 91    11.621 55401.57499831 30.17 117.791296  31.128873 33.571
 91    12.016 55401.57499896 35.75 117.790396  31.132163 33.571
 92     8.741 55436.57500158 26.94 117.797189  31.125235 31.550
 92     9.311 55436.57500222 25.46 117.796279  31.128525 31.550
 92     9.692 55436.57500287 25.38 117.795379  31.131805 31.550
 92    10.618 55436.57500351 27.46 117.794469  31.135095 31.550
 93     8.833 55471.57495285 22.96 117.798218  31.127365 25.686
 93     9.116 55471.57495350 22.70 117.797318  31.130645 25.686
 93    10.624 55471.57495414 22.55 117.796408  31.133935 25.686
