# NaN NaN NaN ;Mean Elev.(m), Avg Gradient(m/km), RMS Gradient(m/km) - SRTM1     
#  147.519 -40.736  57.658 ;Mean Elev.(m), Avg Gradient(m/km), RMS Gradient(m/km) - ASTER GDEM
#  135.723   4.721  39.522 ;Mean Elev.(m), Avg Gradient(m/km), RMS Gradient(m/km) - GMTED2010 
  9 107.798531  29.943513   167.034   142.721  4 52530.13099244 15.029
 11 107.785619  29.935287   215.138   230.641  3 52600.13103879 15.330
 13 107.791560  29.937250   355.302   354.735  3 52670.13100477  7.599
 15 107.790923  29.938425   360.480   363.453  3 52740.13102941  9.024
 17 107.794339  29.939410   212.640   236.131  3 52810.13105063 12.246
 18 107.796939  29.941747   166.303   148.312  5 52845.13110628 13.438
 19 107.792013  29.937636   317.609   348.371  3 52880.13114482  5.563
 20 107.796752  29.943337   372.710   379.347  3 52915.13110129  2.957
 22 107.803488  29.949073   395.230   378.504  5 52985.13108405  1.901
 23 107.794797  29.940020   366.074   364.143  3 53020.13107670  6.243
 24 107.804119  29.949088   146.435   146.734  6 53055.13106148 18.480
 25 107.781988  29.934297   313.891   360.165  3 53090.13110239 15.065
 26 107.799145  29.942961   383.409   378.165  4 53125.13107027  7.195
 27 107.787756  29.936014   288.808   256.348  3 53160.13113246 13.526
 30 107.787913  29.937733   355.247   374.126  3 53265.13108769  7.252
 31 107.785911  29.937410   237.332   237.804  3 53300.13113547 13.110
 33 107.791613  29.935401   378.206   378.206  2 53370.13104504  7.767
 35 107.791456  29.938490   271.299   271.299  2 53440.13106492  8.530
 36 107.790594  29.937380   356.679   358.236  3 53475.13112816 10.826
 38 107.788972  29.939202   422.524   422.524  2 53545.13116053  5.763
 43 107.793873  29.937958   324.392   321.488  3 53720.13103914  9.321
 47 107.791692  29.937378   415.009   416.596  3 53860.13104300  8.744
 48 107.798838  29.943584   394.590   399.183  4 53895.13105950  5.621
 52 107.800100  29.946063   388.999   391.127  3 54035.13109137  2.008
 53 107.795620  29.939964   337.691   354.340  4 54070.13108697 10.191
 54 107.789126  29.936613   368.314   368.314  2 54105.13104192  7.009
 55 107.796122  29.940952   292.310   292.310  2 54140.13101822 11.779
 56 107.790976  29.937244   177.215   159.877  3 54175.13102183 19.140
 59 107.794916  29.940213   152.089   152.243  3 54280.13106692 16.583
 60 107.795883  29.941412   238.377   234.655  4 54315.13106602  9.479
 61 107.791905  29.938084   402.332   404.114  4 54350.13103534  5.321
 62 107.797591  29.943004   161.471   160.631  4 54385.13100428 16.750
 63 107.791732  29.938940   362.436   364.869  3 54420.13098512  9.091
 65 107.794351  29.939543   270.854   276.786  4 54490.13098517 13.740
 67 107.791919  29.938655   414.137   417.062  3 54560.13099406  8.728
 69 107.793321  29.939173   418.556   417.399  3 54630.13099991  3.344
 72 107.797316  29.942110   397.518   395.533  5 54735.13096466  2.943
 74 107.795507  29.940453   372.112   355.063  3 54805.13095880 10.153
 75 107.794793  29.939408   321.034   321.459  4 54840.13095192 15.405
 79 107.792796  29.938712   417.726   417.368  3 54980.13097894  9.310
 81 107.795448  29.940619   165.223   164.846  4 55050.13097537 15.634
 82 107.790164  29.936662   219.717   237.776  3 55085.13094333  8.269
 83 107.798869  29.943815   376.338   381.149  5 55120.13090795  7.416
 84 107.791502  29.938204   176.744   177.154  4 55155.13090281 19.021
 85 107.795724  29.939114   365.453   367.451  3 55190.13089796  7.417
 86 107.792184  29.937798   167.894   167.894  2 55225.13090300 26.643
 87 107.795577  29.939879   265.115   267.724  4 55260.13089382 17.505
 88 107.790615  29.934393   395.448   395.448  2 55295.13088910  9.274
 89 107.792229  29.938850   159.265   159.265  2 55330.13087530 19.293
 90 107.793070  29.938595   413.770   415.556  4 55365.13086952  6.729
 92 107.795662  29.939498   179.202   177.023  4 55435.13088565 11.824
 93 107.790856  29.936938   171.326   166.373  3 55470.13084039 19.530
