# NaN NaN NaN ;Mean Elev.(m), Avg Gradient(m/km), RMS Gradient(m/km) - SRTM1     
#    6.099  -0.069   3.363 ;Mean Elev.(m), Avg Gradient(m/km), RMS Gradient(m/km) - ASTER GDEM
#   18.667   0.088   2.817 ;Mean Elev.(m), Avg Gradient(m/km), RMS Gradient(m/km) - GMTED2010 
  8 114.465746  30.695004    24.333    24.333  2 52499.11290637 21.268
 10 114.469179  30.695390    24.851    24.851  2 52569.11292235 24.050
 11 114.462797  30.696815    20.465    20.465  2 52604.11290829 33.868
 12 114.467350  30.695348    15.559    15.559  2 52639.11288780 42.154
 13 114.464894  30.695484    14.028    14.028  2 52674.11288461 49.168
 14 114.468354  30.695455    19.807    19.807  2 52709.11289802 31.453
 15 114.458859  30.694631    23.913    23.913  2 52744.11292783 23.787
 17 114.467276  30.696196    24.842    24.842  2 52814.11294677 26.822
 18 114.469149  30.696142    24.099    24.099  2 52849.11299977 27.849
 19 114.463459  30.696574    24.323    24.323  2 52884.11303550 27.191
 20 114.465367  30.695679    19.805    19.805  2 52919.11299210 40.622
 21 114.474811  30.693702    19.084    19.084  2 52954.11295533 30.982
 22 114.475997  30.693271    13.499    13.499  2 52989.11296357 49.645
 23 114.471389  30.693929    12.624    12.624  2 53024.11294832 40.959
 24 114.475774  30.693230    11.644    11.644  2 53059.11294508 42.142
 25 114.457407  30.697695    24.038    24.038  2 53094.11298252 26.908
 26 114.474184  30.695014    23.793    23.793  2 53129.11295393 31.783
 28 114.467220  30.694605    23.887    23.887  2 53199.11302316 25.759
 29 114.473622  30.693510    22.695    22.695  2 53234.11299331 24.815
 30 114.461784  30.696336    24.354    24.354  2 53269.11296018 25.252
 31 114.461240  30.695758    24.345    24.271  3 53304.11302088 26.732
 32 114.464992  30.696440    15.040    15.040  2 53339.11298965 39.788
 33 114.465667  30.696093    13.401    13.401  2 53374.11292191 35.174
 35 114.463073  30.696128    19.274    19.274  2 53444.11294716 26.667
 36 114.462984  30.696828    19.622    19.622  2 53479.11302431 35.707
 37 114.466493  30.695137    23.269    23.975  3 53514.11303252 28.274
 38 114.460704  30.696474    24.951    24.951  2 53549.11305135 25.846
 39 114.466283  30.694351    24.218    24.218  2 53584.11301559 19.527
 40 114.459964  30.697347    24.902    24.902  2 53619.11297161 36.193
 41 114.467750  30.695818    24.168    24.168  2 53654.11299639 27.562
 42 114.463153  30.695568    24.102    24.102  2 53689.11299328 23.098
 43 114.465325  30.695672    17.025    13.501  3 53724.11291778 35.302
 44 114.477059  30.694965    13.078    13.078  2 53759.11285829 47.386
 45 114.468691  30.694091    21.938    21.938  2 53794.11287871 25.607
 46 114.474525  30.695548    22.791    22.791  2 53829.11285203 33.376
 47 114.466087  30.696535    23.733    23.733  2 53864.11293293 31.409
 48 114.467359  30.695168    19.706    19.706  2 53899.11295786 40.553
 49 114.456680  30.695547    22.081    22.081  2 53934.11300257 24.026
 50 114.459994  30.695615    24.433    24.433  2 53969.11297362 23.238
 51 114.473403  30.694144    14.385    14.385  2 54004.11294564 39.202
 52 114.471172  30.694043    15.055    15.055  2 54039.11297939 48.873
 53 114.467373  30.696468    18.745    18.745  2 54074.11297364 43.034
 54 114.461436  30.695981    15.725    11.936  3 54109.11291948 48.964
 55 114.468344  30.694489    12.250    12.250  2 54144.11291109 31.017
 57 114.467071  30.694829    13.424    13.424  2 54214.11291859 36.095
 58 114.466954  30.695384    15.070    15.058  3 54249.11294623 49.309
 59 114.467365  30.695588    24.371    24.371  2 54284.11295448 22.014
 60 114.467517  30.694094    23.729    23.729  2 54319.11295228 30.289
 61 114.465210  30.696294    23.985    23.985  2 54354.11291548 25.396
 62 114.468298  30.695516    16.645    16.645  2 54389.11289226 40.024
 63 114.465392  30.695729    13.269    13.269  2 54424.11286571 48.643
 64 114.470310  30.694990    11.779    11.738  3 54459.11286746 46.656
 65 114.466168  30.694939    12.060    12.060  2 54494.11287031 49.225
 66 114.470111  30.694004    12.072    12.072  2 54529.11288047 33.480
 67 114.463748  30.695284    15.254    15.254  2 54564.11287703 49.492
 68 114.466787  30.693910    16.979    16.979  2 54599.11287584 36.924
 69 114.465550  30.695276    23.983    23.983  2 54634.11288864 18.797
 70 114.464842  30.694430    24.136    24.136  2 54669.11289351 20.939
 71 114.466087  30.695608    22.836    22.836  2 54704.11285718 24.905
 72 114.468899  30.694873    21.583    20.261  3 54739.11285575 35.055
 73 114.466251  30.694473    24.123    24.123  2 54774.11283902 19.134
 74 114.469061  30.694972    17.979    15.006  3 54809.11284909 33.402
 75 114.466168  30.696649    12.473    12.473  2 54844.11283640 44.525
 76 114.466501  30.695557    12.189    12.116  3 54879.11285265 44.642
 77 114.462614  30.696531    19.420    19.420  2 54914.11284061 39.358
 78 114.466705  30.696606    24.549    24.549  2 54949.11284405 26.815
 79 114.465556  30.696029    19.785    19.785  2 54984.11286961 37.272
 80 114.467409  30.695407    23.585    24.605  3 55019.11286622 37.733
 81 114.467123  30.695461    23.724    23.724  2 55054.11286197 29.143
 82 114.463780  30.697128    24.662    24.662  2 55089.11282280 32.977
 83 114.468991  30.695125    13.595    13.595  2 55124.11279943 48.060
 84 114.464018  30.694828    12.514    12.514  2 55159.11278428 34.259
 85 114.469318  30.695648    12.138    12.138  2 55194.11278907 41.035
 87 114.467908  30.694790    18.698    18.698  2 55264.11278470 25.319
 88 114.464962  30.695565    24.664    24.664  2 55299.11276883 23.843
 89 114.465372  30.696123    22.205    22.205  2 55334.11276199 27.983
 90 114.466472  30.694258    22.063    22.063  2 55369.11275381 38.474
 91 114.469002  30.693668    25.350    25.350  2 55404.11277023 29.389
 92 114.466941  30.694919    22.008    22.008  2 55439.11277166 35.368
 93 114.464601  30.695538    22.209    22.209  2 55474.11271860 27.082
