# NaN NaN NaN ;Mean Elev.(m), Avg Gradient(m/km), RMS Gradient(m/km) - SRTM1     
#   24.197  -0.918  16.133 ;Mean Elev.(m), Avg Gradient(m/km), RMS Gradient(m/km) - ASTER GDEM
#   20.073  -0.767  16.688 ;Mean Elev.(m), Avg Gradient(m/km), RMS Gradient(m/km) - GMTED2010 
  7 113.806975  29.928699    43.580    45.764  4 52470.58689490 10.939
  8 113.808763  29.929276    26.608    27.192  3 52505.58687681 19.075
  9 113.809438  29.929945    22.994    22.343  4 52540.58685934 22.772
 10 113.805105  29.927558    24.730    24.787  4 52575.58690537 18.637
 11 113.809608  29.930166    19.836    18.976  4 52610.58686698 30.556
 12 113.807609  29.929528    22.081    22.053  4 52645.58685576 23.664
 13 113.816855  29.932032    25.757    25.656  4 52680.58683060 19.847
 15 113.801292  29.927340    26.422    26.224  3 52750.58690681 18.881
 16 113.803315  29.928299    25.593    25.449  4 52785.58685030 20.854
 17 113.805187  29.926758    26.446    26.432  4 52820.58692453 24.445
 18 113.809903  29.927897    25.203    25.364  4 52855.58697256 18.328
 19 113.805239  29.927392    26.081    26.284  4 52890.58700535 18.995
 20 113.810697  29.929900    23.880    23.872  4 52925.58695871 18.763
 21 113.813221  29.929361    23.725    23.552  4 52960.58692600 18.657
 22 113.808178  29.927850    17.954    16.776  4 52995.58696212 26.485
 23 113.811622  29.931645    17.987    15.882  4 53030.58692605 26.516
 24 113.812072  29.930462    23.927    23.852  4 53065.58693287 21.774
 25 113.807721  29.930419    20.159    19.656  4 53100.58693652 20.835
 26 113.813198  29.930594    24.430    24.554  4 53135.58693388 22.342
 28 113.807610  29.929123    26.105    26.147  4 53205.58700103 21.703
 29 113.815109  29.931334    24.732    24.707  4 53240.58696900 20.564
 31 113.804638  29.929448    21.284    20.333  4 53310.58698210 24.508
 32 113.810655  29.930908    22.541    22.319  4 53345.58694818 19.130
 33 113.807881  29.928576    16.483    16.503  4 53380.58690167 32.031
 34 113.815060  29.930724    27.010    26.552  4 53415.58692555 23.368
 35 113.805874  29.928919    25.709    25.773  4 53450.58692058 18.300
 36 113.801144  29.926148    24.916    25.023  4 53485.58700557 20.164
 37 113.811203  29.930394    24.892    24.924  4 53520.58700111 20.523
 38 113.802480  29.929004    24.953    24.633  4 53555.58702451 20.298
 39 113.817737  29.931842    24.800    24.862  4 53590.58696607 20.636
 41 113.805227  29.929873    23.560    22.891  4 53660.58697533 21.796
 42 113.810650  29.929400    20.326    20.373  4 53695.58694714 29.396
 43 113.816426  29.930219    18.564    16.521  4 53730.58686997 27.562
 44 113.813237  29.931769    24.207    24.256  4 53765.58683879 18.376
 45 113.815273  29.932678    21.983    21.900  4 53800.58684279 27.007
 46 113.806737  29.927259    20.094    18.583  4 53835.58684593 28.565
 48 113.805942  29.929160    24.902    24.722  4 53905.58694102 23.181
 50 113.809643  29.928477    19.212    19.210  4 53975.58692941 36.715
 51 113.806909  29.928539    17.715    17.749  4 54010.58692842 26.985
 52 113.813862  29.931441    19.288    18.305  4 54045.58694476 24.064
 53 113.811210  29.928961    18.283    18.238  4 54080.58693731 31.006
 54 113.813624  29.929748    17.955    15.961  4 54115.58687181 28.157
 55 113.807616  29.930065    18.465    16.427  4 54150.58688687 26.047
 56 113.813530  29.928930    25.153    25.079  4 54185.58686300 26.137
 57 113.806484  29.928977    23.626    24.403  4 54220.58689599 24.049
 58 113.808869  29.929451    23.555    24.158  4 54255.58691989 24.792
 59 113.810887  29.931565    29.573    30.381  4 54290.58692211 19.338
 60 113.812160  29.928792    26.570    26.590  4 54325.58691903 22.428
 61 113.814321  29.929842    24.773    24.745  4 54360.58687201 19.578
 62 113.809719  29.930593    19.455    19.530  4 54395.58685937 27.236
 63 113.813459  29.930512    23.762    23.868  3 54430.58682201 16.816
 64 113.809591  29.929257    16.006    16.017  4 54465.58683934 28.075
 65 113.812252  29.930748    17.982    16.102  4 54500.58683447 34.596
 66 113.811138  29.929866    17.889    16.151  4 54535.58685412 26.263
 67 113.813389  29.931022    19.116    19.122  4 54570.58683739 37.334
 68 113.808286  29.930886    21.471    20.546  4 54605.58684890 26.260
 69 113.810190  29.927959    24.147    24.125  4 54640.58685769 28.962
 70 113.808593  29.929008    25.011    25.050  4 54675.58686025 19.622
 71 113.814158  29.931462    26.550    26.623  4 54710.58681682 20.904
 72 113.808606  29.928705    24.704    24.724  4 54745.58682764 18.205
 73 113.811722  29.931327    24.963    24.938  4 54780.58680085 20.218
 74 113.808592  29.928889    17.383    17.434  4 54815.58682073 28.356
 75 113.812216  29.928993    19.539    19.488  4 54850.58679922 24.639
 76 113.808347  29.927707    24.252    24.271  4 54885.58682427 23.892
 77 113.811485  29.930949    18.978    17.888  4 54920.58680074 27.450
 78 113.807505  29.928226    25.215    25.296  4 54955.58682035 20.666
 79 113.806476  29.929742    26.561    26.173  4 54990.58684405 24.549
 80 113.811700  29.930194    24.941    24.979  4 55025.58683489 22.785
 81 113.810471  29.928745    26.445    26.115  4 55060.58682870 22.362
 82 113.812862  29.930764    22.161    22.110  4 55095.58677997 22.134
 83 113.808596  29.930176    24.642    24.453  4 55130.58677084 15.262
 84 113.812257  29.929504    18.021    16.252  4 55165.58674141 25.318
 85 113.807657  29.930485    24.729    24.748  4 55200.58676313 16.758
 86 113.811686  29.930032    21.172    21.792  4 55235.58674744 22.817
 87 113.809893  29.928723    24.582    24.252  4 55270.58675687 22.421
 88 113.814234  29.930842    24.523    24.425  4 55305.58672909 22.532
 89 113.810098  29.929298    24.800    24.622  4 55340.58672866 23.418
 90 113.811600  29.929908    27.439    27.494  4 55375.58672088 20.904
 91 113.809990  29.929088    28.887    28.809  4 55410.58674329 21.498
 92 113.810937  29.930030    25.681    25.681  4 55445.58673724 23.042
 93 113.815272  29.931384    24.640    24.357  4 55480.58667112 21.844
