# NaN NaN NaN ;Mean Elev.(m), Avg Gradient(m/km), RMS Gradient(m/km) - SRTM1     
#   15.644  -1.664  14.154 ;Mean Elev.(m), Avg Gradient(m/km), RMS Gradient(m/km) - ASTER GDEM
#   10.793  -1.880  14.320 ;Mean Elev.(m), Avg Gradient(m/km), RMS Gradient(m/km) - GMTED2010 
  7    19.799 52445.11100854 28.60 115.081068  30.351078 16.554
  7    20.618 52445.11100918 18.90 115.080178  30.347798 16.554
  7    22.286 52445.11100983 17.38 115.079278  30.344508 16.554
  7    21.767 52445.11101047 19.01 115.078388  30.341218 16.554
  7    23.594 52445.11101112 19.05 115.077488  30.337938 16.554
  7    21.200 52445.11101176 23.40 115.076598  30.334648 16.554
  7    20.699 52445.11101241 28.14 115.075708  30.331358 16.554
  8    21.383 52480.11100185 26.17 115.084557  30.346128  8.938
  8    21.577 52480.11100250 24.25 115.083667  30.342838  8.938
  8    20.848 52480.11100314 25.04 115.082767  30.339558  8.938
  8    20.530 52480.11100379 25.31 115.081877  30.336268  8.938
  8    20.533 52480.11100443 25.45 115.080987  30.332978  8.938
  8    21.247 52480.11100508 24.13 115.080087  30.329698  8.938
  8    21.434 52480.11100572 23.38 115.079197  30.326408  8.938
  8    21.906 52480.11100637 22.84 115.078297  30.323118  8.938
  8    21.517 52480.11100701 23.49 115.077407  30.319838  8.938
  9    23.582 52515.11095335 36.77 115.088174  30.330088 24.699
  9    23.418 52515.11095400 32.00 115.087274  30.326798 24.699
  9    23.391 52515.11095464 27.46 115.086384  30.323518 24.699
  9    23.247 52515.11095529 27.60 115.085494  30.320228 24.699
  9    22.985 52515.11095593 25.31 115.084594  30.316938 24.699
  9    22.973 52515.11095658 26.38 115.083704  30.313658 24.699
  9    22.811 52515.11095722 26.87 115.082813  30.310365 16.659
  9    22.828 52515.11095787 26.56 115.081913  30.307085 16.659
  9    22.945 52515.11095851 26.98 115.081023  30.303795 16.659
  9    23.175 52515.11095916 26.63 115.080133  30.300505 16.659
 10    20.336 52550.11099776 28.78 115.086588  30.338730 19.062
 10    20.829 52550.11099840 20.58 115.085696  30.335441 17.022
 10    19.926 52550.11099905 19.87 115.084796  30.332151 17.022
 10    19.735 52550.11099969 21.81 115.083906  30.328871 17.022
 10    20.244 52550.11100034 19.64 115.083006  30.325581 17.022
 10    20.301 52550.11100098 21.33 115.082116  30.322301 17.022
 10    20.313 52550.11100163 20.67 115.081216  30.319011 17.022
 10    20.391 52550.11100227 22.05 115.080326  30.315721 17.022
 10    15.337 52550.11100291 27.79 115.079426  30.312441 17.022
 10    15.351 52550.11100356 29.99 115.078536  30.309151 17.022
 10    15.181 52550.11100420 37.30 115.077646  30.305861 17.022
 10    15.152 52550.11100485 38.58 115.076746  30.302581 17.022
 11    14.526 52585.11098101 27.56 115.088758  30.317646 18.900
 11    19.800 52585.11098165 29.08 115.087858  30.314366 18.900
 11    14.989 52585.11098230 29.92 115.086968  30.311076 18.900
 11    15.153 52585.11098294 30.76 115.086068  30.307786 18.900
 11    15.362 52585.11098359 31.72 115.085178  30.304506 18.900
 11    15.427 52585.11098423 39.64 115.084288  30.301216 18.900
 11    15.347 52585.11098488 38.47 115.083388  30.297926 18.900
 12    12.151 52620.11095566 29.51 115.084717  30.347872  9.973
 12    12.357 52620.11095630 28.56 115.083817  30.344592  9.973
 12    12.338 52620.11095695 28.31 115.082927  30.341302  9.973
 12    12.464 52620.11095759 27.78 115.082037  30.338012  9.973
 12    12.426 52620.11095824 28.93 115.081137  30.334732  9.973
 12    12.479 52620.11095888 30.13 115.080247  30.331442  9.973
 12    12.421 52620.11095953 31.26 115.079357  30.328152  9.973
 12    12.519 52620.11096017 32.53 115.078457  30.324872  9.973
 12    12.443 52620.11096082 38.02 115.077567  30.321582  9.973
 14    19.881 52690.11093940 21.85 115.084879  30.342383  8.872
 14    20.240 52690.11094004 20.79 115.083989  30.339103  8.872
 14    20.399 52690.11094069 19.77 115.083099  30.335813  8.872
 14    20.503 52690.11094133 18.96 115.082199  30.332523  8.872
 14    20.574 52690.11094198 19.99 115.081309  30.329243  8.872
 14    21.588 52690.11094262 20.13 115.080416  30.325950 12.886
 14    21.930 52690.11094327 21.08 115.079516  30.322670 12.886
 14    20.229 52690.11094391 24.31 115.078626  30.319380 12.886
 14    19.988 52690.11094456 26.88 115.077736  30.316090 12.886
 14    12.124 52690.11094520 30.34 115.076836  30.312810 12.886
 14    20.297 52690.11094585 28.84 115.075946  30.309520 12.886
 15    20.472 52725.11098490 25.95 115.087673  30.333072  6.526
 15    20.222 52725.11098555 26.01 115.086783  30.329782  6.526
 15    19.111 52725.11098619 27.09 115.085883  30.326492  6.526
 15    19.965 52725.11098684 27.58 115.084993  30.323212  6.526
 15    13.462 52725.11098748 28.90 115.084093  30.319922  6.526
 15    13.554 52725.11098813 29.74 115.083202  30.316633 13.630
 15    13.440 52725.11098877 33.07 115.082312  30.313343 13.630
 15    13.526 52725.11098941 40.85 115.081412  30.310063 13.630
 15    13.546 52725.11099006 46.47 115.080522  30.306773 13.630
 15    13.763 52725.11099070 42.33 115.079632  30.303483 13.630
 15    13.674 52725.11099135 42.51 115.078732  30.300203 13.630
 16    19.615 52760.11099880 21.61 115.078629  30.356650 13.654
 16    22.373 52760.11099945 18.80 115.077739  30.353360 13.654
 16    22.383 52760.11100009 20.23 115.076839  30.350080 13.654
 16    22.146 52760.11100074 23.37 115.075949  30.346790 13.654
 16    22.092 52760.11100138 27.83 115.075059  30.343500 13.654
 17    19.984 52795.11096233 26.06 115.089600  30.315511 13.827
 17    19.760 52795.11096298 27.10 115.088710  30.312231 13.827
 17    20.011 52795.11096362 27.28 115.087810  30.308941 13.827
 17    17.273 52795.11096427 27.27 115.086915  30.305650  8.184
 17    16.939 52795.11096491 31.13 115.086025  30.302370  8.184
 17    17.151 52795.11096556 29.57 115.085125  30.299080  8.184
 18    22.237 52830.11102997 35.72 115.090166  30.311427 25.048
 18    21.528 52830.11103061 30.75 115.089266  30.308137 25.048
 18    21.447 52830.11103126 26.02 115.088371  30.304846  8.397
 18    21.258 52830.11103190 23.28 115.087481  30.301566  8.397
 18    21.376 52830.11103255 22.69 115.086581  30.298276  8.397
 19    21.614 52865.11107451 29.56 115.089909  30.309798 18.733
 19    17.282 52865.11107515 29.17 115.089019  30.306508 18.733
 19    17.290 52865.11107580 30.22 115.088119  30.303217  8.789
 19    17.409 52865.11107644 31.02 115.087229  30.299937  8.789
 20    19.847 52900.11109773 27.09 115.085510  30.340835 10.687
 20    19.808 52900.11109838 23.58 115.084610  30.337555 10.687
 20    19.545 52900.11109902 23.79 115.083720  30.334265 10.687
 20    19.461 52900.11109967 22.21 115.082830  30.330975 10.687
 20    19.798 52900.11110031 19.69 115.081930  30.327695 10.687
 20    20.029 52900.11110096 20.34 115.081040  30.324405 10.687
 20    19.915 52900.11110160 21.13 115.080140  30.321115 10.687
 20    19.824 52900.11110224 20.52 115.079250  30.317835 10.687
 20    19.938 52900.11110289 22.75 115.078350  30.314545 10.687
 20    19.826 52900.11110353 24.77 115.077460  30.311255 10.687
 20    19.843 52900.11110418 26.50 115.076570  30.307975 10.687
 20    19.828 52900.11110482 26.84 115.075677  30.304682 21.960
 20    19.809 52900.11110547 27.96 115.074777  30.301402 21.960
 21    18.558 52935.11103929 18.59 115.084364  30.347812 11.438
 21    19.404 52935.11103993 18.01 115.083464  30.344532 11.438
 21    19.590 52935.11104058 16.08 115.082574  30.341242 11.438
 21    19.254 52935.11104122 17.51 115.081684  30.337952 11.438
 21    19.945 52935.11104187 16.58 115.080784  30.334672 11.438
 21    20.499 52935.11104251 16.10 115.079894  30.331382 11.438
 21    20.722 52935.11104316 18.28 115.079004  30.328092 11.438
 21    20.149 52935.11104380 23.73 115.078104  30.324812 11.438
 21    20.212 52935.11104444 22.85 115.077214  30.321522 11.438
 22    19.276 52970.11106059 23.38 115.087593  30.333041 17.408
 22    19.100 52970.11106123 22.27 115.086703  30.329751 17.408
 22    19.027 52970.11106187 23.15 115.085803  30.326461 17.408
 22    18.246 52970.11106252 25.12 115.084913  30.323181 17.408
 22    11.148 52970.11106316 30.96 115.084013  30.319891 17.408
 22    11.232 52970.11106381 33.41 115.083123  30.316601 17.408
 22    11.283 52970.11106445 35.40 115.082233  30.313321 17.408
 22    11.816 52970.11106510 35.01 115.081333  30.310031 17.408
 22    12.587 52970.11106574 32.63 115.080443  30.306741 17.408
 22    12.792 52970.11106639 39.35 115.079543  30.303461 17.408
 22    12.946 52970.11106703 42.36 115.078653  30.300171 17.408
 23    10.268 53005.11107443 48.68 115.083867  30.349262 23.166
 23     9.966 53005.11107508 53.37 115.082977  30.345972 23.166
 23    10.153 53005.11107572 50.38 115.082077  30.342692 23.166
 23    10.140 53005.11107637 49.63 115.081187  30.339402 23.166
 23    10.127 53005.11107701 49.63 115.080297  30.336112 23.166
 23    10.065 53005.11107765 51.21 115.079397  30.332832 23.166
 23    10.063 53005.11107830 50.11 115.078507  30.329542 23.166
 23    10.245 53005.11107894 42.63 115.077607  30.326252 23.166
 24     9.164 53040.11102726 44.43 115.087122  30.332537 18.822
 24     8.966 53040.11102791 40.58 115.086222  30.329247 18.822
 24     9.131 53040.11102855 43.80 115.085332  30.325957 18.822
 24     9.069 53040.11102920 46.99 115.084442  30.322677 18.822
 24     9.105 53040.11102984 48.25 115.083542  30.319387 18.822
 24     9.072 53040.11103049 48.15 115.082652  30.316107 18.822
 24     8.830 53040.11103113 37.28 115.081752  30.312817 18.822
 24    11.243 53040.11103178 34.41 115.080854  30.309528 16.970
 24    11.280 53040.11103242 32.29 115.079964  30.306238 16.970
 24    11.598 53040.11103307 31.09 115.079074  30.302958 16.970
 24    12.176 53040.11103371 39.97 115.078174  30.299668 16.970
 25    19.078 53075.11105714 21.06 115.084846  30.343999  8.177
 25    19.507 53075.11105779 18.53 115.083956  30.340709  8.177
 25    18.974 53075.11105843 19.67 115.083056  30.337429  8.177
 25    18.540 53075.11105908 20.31 115.082166  30.334139  8.177
 25    11.719 53075.11105972 24.66 115.081266  30.330859  8.177
 25    19.123 53075.11106037 20.86 115.080376  30.327569  8.177
 25    20.088 53075.11106101 21.34 115.079486  30.324279  8.177
 25    19.124 53075.11106166 25.11 115.078586  30.320999  8.177
 25    11.919 53075.11106230 39.93 115.077696  30.317709  8.177
 25    11.776 53075.11106295 48.15 115.076800  30.314419 22.352
 26    18.642 53110.11102764 26.53 115.085614  30.339805  7.918
 26    18.659 53110.11102829 25.39 115.084724  30.336515  7.918
 26    12.273 53110.11102893 25.36 115.083824  30.333235  7.918
 26    17.757 53110.11102958 25.22 115.082934  30.329945  7.918
 26    12.067 53110.11103022 26.01 115.082034  30.326665  7.918
 26    12.090 53110.11103086 27.16 115.081144  30.323375  7.918
 26    12.219 53110.11103151 28.59 115.080244  30.320085 19.973
 26    12.088 53110.11103215 29.61 115.079354  30.316795 19.973
 26    12.137 53110.11103280 40.29 115.078464  30.313515 19.973
 26    12.254 53110.11103344 49.08 115.077564  30.310225 19.973
 26    12.135 53110.11103409 50.20 115.076674  30.306945 19.973
 26    12.160 53110.11103473 44.48 115.075774  30.303655 19.973
 27    19.476 53145.11106971 21.47 115.086286  30.337070  6.565
 27    19.233 53145.11107036 20.79 115.085396  30.333780  6.565
 27    19.266 53145.11107100 20.94 115.084496  30.330490  6.565
 27    19.453 53145.11107165 21.01 115.083606  30.327210  6.565
 27    19.519 53145.11107229 20.40 115.082706  30.323920  6.565
 27    19.353 53145.11107294 20.77 115.081816  30.320640  6.565
 27    19.128 53145.11107358 21.54 115.080916  30.317350  6.565
 27    19.118 53145.11107423 21.76 115.080024  30.314059 17.281
 27    18.988 53145.11107487 23.31 115.079134  30.310779 17.281
 27    18.811 53145.11107551 26.05 115.078234  30.307489 17.281
 27    17.117 53145.11107616 25.84 115.077344  30.304199 17.281
 27    18.708 53145.11107680 28.34 115.076444  30.300919 17.281
 28    20.848 53180.11108395 24.24 115.088135  30.326971  9.287
 28    20.919 53180.11108459 24.58 115.087245  30.323681  9.287
 28    20.881 53180.11108524 23.94 115.086345  30.320391  9.287
 28    20.402 53180.11108588 25.03 115.085455  30.317111  9.287
 28    20.051 53180.11108653 24.58 115.084555  30.313821  9.287
 28    19.695 53180.11108717 25.32 115.083665  30.310531  9.287
 28    19.416 53180.11108782 26.63 115.082775  30.307251  9.287
 28    19.742 53180.11108846 26.89 115.081879  30.303959  9.065
 28    19.286 53180.11108911 28.68 115.080989  30.300679  9.065
 29    20.735 53215.11110387 24.29 115.085949  30.338976 14.020
 29    20.221 53215.11110452 24.82 115.085059  30.335686 14.020
 29    19.946 53215.11110516 24.64 115.084159  30.332396 14.020
 29    20.337 53215.11110581 22.19 115.083269  30.329116 14.020
 29    20.347 53215.11110645 21.27 115.082379  30.325826 14.020
 29    20.374 53215.11110710 20.17 115.081479  30.322546 14.020
 29    20.305 53215.11110774 18.67 115.080589  30.319256 14.020
 29    20.097 53215.11110839 20.36 115.079689  30.315966 14.020
 29    20.086 53215.11110903 21.31 115.078799  30.312686 14.020
 29    20.124 53215.11110968 21.92 115.077909  30.309396 14.020
 29    20.235 53215.11111032 24.23 115.077012  30.306105 19.814
 29    20.230 53215.11111096 26.72 115.076122  30.302825 19.814
 30    19.637 53250.11107430 22.48 115.085376  30.342480  6.340
 30    19.800 53250.11107495 17.56 115.084486  30.339190  6.340
 30    19.217 53250.11107559 18.62 115.083586  30.335910  6.340
 30    19.787 53250.11107624 15.99 115.082696  30.332620  6.340
 30    20.994 53250.11107688 15.60 115.081796  30.329330  6.340
 30    20.803 53250.11107753 15.42 115.080906  30.326050  6.340
 30    20.648 53250.11107817 17.28 115.080016  30.322760  6.340
 30    20.116 53250.11107882 17.74 115.079116  30.319470  6.340
 30    20.054 53250.11107946 20.60 115.078226  30.316190  6.340
 30    20.050 53250.11108010 23.52 115.077335  30.312898 19.487
 30    20.145 53250.11108075 23.06 115.076435  30.309618 19.487
 30    20.148 53250.11108139 26.47 115.075545  30.306328 19.487
 30    20.103 53250.11108204 28.96 115.074655  30.303038 19.487
 31    18.945 53285.11107156 25.67 115.085709  30.338789 10.042
 31    18.884 53285.11107220 24.47 115.084809  30.335499 10.042
 31    18.370 53285.11107285 23.87 115.083919  30.332209 10.042
 31    16.584 53285.11107349 23.91 115.083019  30.328929 10.042
 31    16.524 53285.11107414 23.38 115.082129  30.325639 10.042
 31    19.411 53285.11107478 22.94 115.081239  30.322349 10.042
 31    19.307 53285.11107542 23.31 115.080339  30.319069 10.042
 31    19.446 53285.11107607 22.17 115.079441  30.315779 16.947
 31    19.258 53285.11107671 23.39 115.078551  30.312499 16.947
 31    19.618 53285.11107736 25.67 115.077661  30.309209 16.947
 31    19.615 53285.11107800 26.94 115.076761  30.305919 16.947
 31    19.787 53285.11107865 29.62 115.075871  30.302639 16.947
 32    19.067 53320.11106033 22.01 115.089044  30.313680 14.560
 32    11.901 53320.11106097 25.96 115.088154  30.310400 14.560
 32    12.015 53320.11106162 26.27 115.087254  30.307110 14.560
 32    12.120 53320.11106226 28.27 115.086364  30.303830 14.560
 32    12.383 53320.11106291 28.15 115.085474  30.300540 14.560
 33    18.941 53355.11102586 23.29 115.088215  30.328004 18.575
 33    18.924 53355.11102650 23.93 115.087315  30.324724 18.575
 33    18.841 53355.11102715 16.87 115.086425  30.321434 18.575
 33    18.337 53355.11102779 18.48 115.085535  30.318144 18.575
 33    10.975 53355.11102844 25.10 115.084635  30.314864 18.575
 33    11.100 53355.11102908 27.93 115.083745  30.311574 18.575
 33    11.115 53355.11102972 28.80 115.082845  30.308284 18.575
 33    11.054 53355.11103037 30.41 115.081955  30.305004 18.575
 33    11.249 53355.11103101 29.77 115.081057  30.301712 12.475
 33    11.081 53355.11103166 29.20 115.080167  30.298432 12.475
 34    18.453 53390.11103283 26.07 115.087255  30.328395 15.896
 34    18.476 53390.11103347 24.67 115.086365  30.325105 15.896
 34    17.836 53390.11103412 24.39 115.085465  30.321815 15.896
 34    10.364 53390.11103476 26.19 115.084575  30.318535 15.896
 34    10.468 53390.11103541 29.02 115.083675  30.315245 15.896
 34    10.490 53390.11103605 32.23 115.082778  30.311955 17.001
 34    10.599 53390.11103670 34.80 115.081888  30.308675 17.001
 34    10.403 53390.11103734 34.71 115.080988  30.305385 17.001
 34    10.450 53390.11103799 32.78 115.080098  30.302095 17.001
 34    10.233 53390.11103863 35.56 115.079208  30.298815 17.001
 35    14.780 53425.11103150 35.51 115.088197  30.324041 11.699
 35    14.775 53425.11103214 35.67 115.087297  30.320751 11.699
 35    14.595 53425.11103278 36.69 115.086407  30.317461 11.699
 35    14.663 53425.11103343 35.49 115.085517  30.314181 11.699
 35    14.589 53425.11103407 35.79 115.084622  30.310890  9.223
 35    14.503 53425.11103472 34.44 115.083722  30.307610  9.223
 35    14.420 53425.11103536 33.67 115.082832  30.304320  9.223
 35    14.377 53425.11103601 32.21 115.081942  30.301030  9.223
 35    14.375 53425.11103665 30.47 115.081042  30.297750  9.223
 36    11.959 53460.11103908 29.67 115.089647  30.312809  7.143
 36    11.947 53460.11103972 29.28 115.088757  30.309529  7.143
 36    12.049 53460.11104037 28.89 115.087867  30.306239  7.143
 36    12.044 53460.11104101 29.46 115.086967  30.302949  7.143
 36    12.110 53460.11104166 29.92 115.086077  30.299669  7.143
 37    14.048 53495.11111703 30.84 115.083731  30.347860 12.149
 37    14.169 53495.11111767 28.80 115.082841  30.344570 12.149
 37    20.227 53495.11111832 22.86 115.081941  30.341290 12.149
 37    21.193 53495.11111896 19.15 115.081051  30.338000 12.149
 37    21.057 53495.11111961 19.50 115.080151  30.334710 12.149
 37    21.025 53495.11112025 21.77 115.079261  30.331430 12.149
 37    22.087 53495.11112090 21.73 115.078361  30.328140 12.149
 37    20.283 53495.11112154 29.03 115.077471  30.324850 12.149
 38    20.163 53530.11109714 19.45 115.088613  30.321416 13.236
 38    20.070 53530.11109779 17.23 115.087723  30.318126 13.236
 38    19.879 53530.11109843 16.57 115.086823  30.314836 13.236
 38    19.621 53530.11109907 17.95 115.085933  30.311556 13.236
 38    19.681 53530.11109972 18.29 115.085038  30.308264  5.670
 38    19.595 53530.11110036 19.52 115.084148  30.304984  5.670
 38    19.506 53530.11110101 18.94 115.083248  30.301694  5.670
 38    19.537 53530.11110165 19.92 115.082358  30.298404  5.670
 39    19.259 53565.11112179 30.73 115.083432  30.350891 15.520
 39    18.778 53565.11112243 22.05 115.082542  30.347601 15.520
 39    20.564 53565.11112308 18.85 115.081652  30.344311 15.520
 39    20.836 53565.11112372 16.29 115.080752  30.341031 15.520
 39    20.929 53565.11112437 16.33 115.079862  30.337741 15.520
 39    21.289 53565.11112501 17.31 115.078972  30.334451 15.520
 39    20.934 53565.11112565 20.07 115.078072  30.331171 15.520
 39    21.099 53565.11112630 22.78 115.077182  30.327881 15.520
 40    19.276 53600.11106694 23.77 115.087366  30.335372 11.103
 40    19.136 53600.11106758 19.33 115.086466  30.332092 11.103
 40    19.271 53600.11106823 18.69 115.085576  30.328802 11.103
 40    19.440 53600.11106887 18.56 115.084676  30.325512 11.103
 40    19.449 53600.11106952 18.75 115.083786  30.322232 11.103
 40    19.572 53600.11107016 18.74 115.082896  30.318942 11.103
 40    19.545 53600.11107081 18.89 115.081996  30.315652 11.103
 40    19.560 53600.11107145 19.20 115.081106  30.312372 11.103
 40    19.555 53600.11107210 19.51 115.080214  30.309080 23.422
 40    19.450 53600.11107274 22.63 115.079314  30.305800 23.422
 40    19.145 53600.11107338 26.78 115.078424  30.302510 23.422
 40    19.185 53600.11107403 27.76 115.077534  30.299220 23.422
 41    20.013 53635.11106349 22.08 115.086311  30.336086 14.399
 41    19.842 53635.11106414 18.98 115.085421  30.332806 14.399
 41    20.383 53635.11106478 17.86 115.084521  30.329516 14.399
 41    19.677 53635.11106543 19.56 115.083631  30.326236 14.399
 41    19.878 53635.11106607 19.88 115.082741  30.322946 14.399
 41    19.905 53635.11106672 18.65 115.081841  30.319656 14.399
 41    20.050 53635.11106736 17.96 115.080951  30.316376 14.399
 41    20.099 53635.11106801 18.58 115.080051  30.313086 14.399
 41    20.154 53635.11106865 20.27 115.079156  30.309796 15.696
 41    20.266 53635.11106930 21.12 115.078266  30.306516 15.696
 41    19.978 53635.11106994 27.05 115.077376  30.303226 15.696
 42    18.553 53670.11108356 20.46 115.084560  30.344339  4.858
 42    19.089 53670.11108421 21.59 115.083670  30.341049  4.858
 42    15.518 53670.11108485 22.86 115.082780  30.337759  4.858
 42    15.515 53670.11108550 22.62 115.081880  30.334479  4.858
 42    15.489 53670.11108614 23.59 115.080990  30.331189  4.858
 42    15.443 53670.11108679 23.85 115.080090  30.327899  4.858
 42    19.806 53670.11108743 23.80 115.079200  30.324619  4.858
 42    19.907 53670.11108807 24.10 115.078300  30.321329  4.858
 42    19.921 53670.11108872 25.43 115.077410  30.318039  4.858
 42    19.967 53670.11108936 25.65 115.076520  30.314759  4.858
 43    19.219 53705.11102308 26.68 115.088623  30.324350 11.375
 43    11.196 53705.11102373 28.21 115.087733  30.321060 11.375
 43    11.785 53705.11102437 28.96 115.086833  30.317770 11.375
 43    11.870 53705.11102502 29.15 115.085943  30.314490 11.375
 43    12.340 53705.11102566 29.22 115.085053  30.311200 11.375
 43    12.552 53705.11102631 29.72 115.084153  30.307920 11.375
 43    12.687 53705.11102695 29.92 115.083263  30.304630 11.375
 43    12.685 53705.11102760 29.51 115.082372  30.301338  8.652
 43    12.587 53705.11102824 29.56 115.081472  30.298058  8.652
 44    19.311 53740.11093187 23.49 115.087038  30.337314 12.229
 44    19.129 53740.11093251 20.36 115.086148  30.334024 12.229
 44    10.136 53740.11093316 27.04 115.085258  30.330734 12.229
 44    10.091 53740.11093380 29.97 115.084358  30.327454 12.229
 44     9.991 53740.11093445 29.88 115.083468  30.324164 12.229
 44    10.015 53740.11093509 25.64 115.082578  30.320874 12.229
 44    18.703 53740.11093574 22.66 115.081678  30.317594 12.229
 44    10.583 53740.11093638 23.81 115.080788  30.314304 12.229
 44    10.449 53740.11093703 27.00 115.079898  30.311014 12.229
 44    19.276 53740.11093767 28.42 115.078998  30.307734 12.229
 44    19.016 53740.11093832 27.48 115.078106  30.304440 11.333
 44    19.248 53740.11093896 26.84 115.077216  30.301160 11.333
 45     9.970 53775.11095591 47.65 115.089028  30.317532 16.996
 45     9.867 53775.11095656 48.91 115.088138  30.314242 16.996
 45     9.933 53775.11095720 46.38 115.087238  30.310952 16.996
 45     9.881 53775.11095784 47.48 115.086348  30.307672 16.996
 45     9.884 53775.11095849 46.57 115.085448  30.304382 16.996
 45     9.810 53775.11095913 44.68 115.084558  30.301102 16.996
 45     9.801 53775.11095978 41.05 115.083668  30.297812 16.996
 46    18.941 53810.11093461 28.53 115.086763  30.336833 11.307
 46    18.936 53810.11093526 25.99 115.085863  30.333553 11.307
 46    18.885 53810.11093590 24.73 115.084973  30.330263 11.307
 46    18.532 53810.11093655 24.79 115.084083  30.326973 11.307
 46    19.391 53810.11093719 24.66 115.083183  30.323693 11.307
 46    18.457 53810.11093784 23.54 115.082293  30.320403 11.307
 46    19.231 53810.11093848 22.14 115.081403  30.317113 11.307
 46    19.164 53810.11093913 22.35 115.080503  30.313833 11.307
 46    18.844 53810.11093977 24.06 115.079613  30.310543 11.307
 46    13.178 53810.11094041 35.57 115.078723  30.307253 11.307
 46    13.578 53810.11094106 36.26 115.077823  30.303973 11.307
 46    19.237 53810.11094170 27.84 115.076933  30.300683 11.307
 47    19.298 53845.11097860 23.96 115.086692  30.334935 10.270
 47    19.534 53845.11097924 19.15 115.085792  30.331655 10.270
 47    19.404 53845.11097989 20.16 115.084902  30.328365 10.270
 47    19.656 53845.11098053 19.31 115.084002  30.325075 10.270
 47    19.760 53845.11098118 18.35 115.083112  30.321795 10.270
 47    19.755 53845.11098182 17.82 115.082222  30.318505 10.270
 47    19.786 53845.11098247 18.69 115.081322  30.315215 10.270
 47    19.781 53845.11098311 18.50 115.080432  30.311935 10.270
 47    19.616 53845.11098376 19.81 115.079532  30.308645 10.270
 47    19.765 53845.11098440 22.13 115.078642  30.305365 10.270
 47    19.201 53845.11098505 27.06 115.077742  30.302075 10.270
 48    19.713 53880.11100899 16.84 115.088209  30.319440 12.673
 48    19.738 53880.11100964 17.39 115.087309  30.316150 12.673
 48    19.847 53880.11101028 17.80 115.086419  30.312860 12.673
 48    19.439 53880.11101093 17.84 115.085529  30.309580 12.673
 48    20.339 53880.11101157 18.03 115.084629  30.306288  4.049
 48    19.790 53880.11101221 18.10 115.083739  30.303008  4.049
 48    19.801 53880.11101286 18.45 115.082839  30.299718  4.049
 49    19.396 53915.11106056 17.85 115.083744  30.348594 16.549
 49    20.383 53915.11106120 16.88 115.082844  30.345304 16.549
 49    20.585 53915.11106185 16.23 115.081954  30.342014 16.549
 49    20.821 53915.11106249 15.82 115.081064  30.338734 16.549
 49    20.772 53915.11106314 15.61 115.080164  30.335444 16.549
 49    20.659 53915.11106378 18.35 115.079274  30.332154 16.549
 49    20.692 53915.11106443 19.64 115.078374  30.328874 16.549
 49    20.192 53915.11106507 28.75 115.077484  30.325584 16.549
 50    19.208 53950.11106964 24.41 115.081542  30.351313 14.681
 50    17.443 53950.11107028 20.12 115.080642  30.348023 14.681
 50    19.658 53950.11107093 19.38 115.079752  30.344743 14.681
 50    20.459 53950.11107157 19.65 115.078852  30.341453 14.681
 50    21.006 53950.11107222 19.11 115.077962  30.338163 14.681
 50    21.016 53950.11107286 20.44 115.077062  30.334883 14.681
 50    20.851 53950.11107350 23.08 115.076172  30.331593 14.681
 51    18.839 53985.11100896 22.40 115.085758  30.340988 10.582
 51    19.556 53985.11100961 12.69 115.084858  30.337698 10.582
 51    19.706 53985.11101025 12.93 115.083968  30.334408 10.582
 51    19.830 53985.11101090 13.48 115.083068  30.331128 10.582
 51    19.762 53985.11101154 13.54 115.082178  30.327838 10.582
 51    19.782 53985.11101218 14.52 115.081288  30.324548 10.582
 51    19.633 53985.11101283 14.89 115.080388  30.321268 10.582
 51    19.535 53985.11101347 16.52 115.079498  30.317978 10.582
 51    19.425 53985.11101412 17.26 115.078608  30.314688 10.582
 51    19.465 53985.11101476 17.31 115.077708  30.311408 10.582
 51    19.348 53985.11101541 20.14 115.076818  30.308118 10.582
 51    19.298 53985.11101605 22.86 115.075928  30.304828 10.582
 51    19.170 53985.11101670 27.35 115.075028  30.301548 10.582
 52    10.742 54020.11104907 51.28 115.087865  30.324090 18.483
 52    10.703 54020.11104971 50.01 115.086965  30.320800 18.483
 52    10.730 54020.11105036 46.59 115.086075  30.317520 18.483
 52    10.511 54020.11105100 45.09 115.085185  30.314230 18.483
 52    10.478 54020.11105165 44.02 115.084285  30.310940 18.483
 52    10.527 54020.11105229 41.83 115.083395  30.307660 18.483
 52    10.466 54020.11105293 41.17 115.082495  30.304370 18.483
 52    10.433 54020.11105358 37.76 115.081605  30.301080 18.483
 52    10.507 54020.11105422 35.08 115.080715  30.297800 18.483
 53    10.288 54055.11104309 45.84 115.089754  30.310314 15.104
 53     9.912 54055.11104373 30.45 115.088854  30.307024 15.104
 53    10.086 54055.11104438 22.35 115.087964  30.303744 15.104
 53    10.727 54055.11104502 20.76 115.087074  30.300454 15.104
 54    10.236 54090.11102615 49.90 115.086828  30.336544 23.345
 54    10.149 54090.11102679 46.86 115.085928  30.333264 23.345
 54    10.225 54090.11102744 52.08 115.085038  30.329974 23.345
 54    10.316 54090.11102808 43.28 115.084148  30.326684 23.345
 54    10.031 54090.11102873 42.48 115.083248  30.323404 23.345
 54    10.049 54090.11102937 40.31 115.082358  30.320114 23.345
 54    10.047 54090.11103002 41.48 115.081468  30.316824 23.345
 54    10.063 54090.11103066 40.86 115.080568  30.313544 23.345
 54    10.209 54090.11103131 44.55 115.079678  30.310254 23.345
 54    10.165 54090.11103195 45.65 115.078788  30.306964 23.345
 54    10.026 54090.11103260 39.04 115.077888  30.303684 23.345
 54    11.288 54090.11103324 36.16 115.076998  30.300394 23.345
 55    10.178 54125.11095609 52.85 115.088096  30.320357 19.414
 55    10.212 54125.11095674 47.40 115.087206  30.317077 19.414
 55    10.129 54125.11095738 49.39 115.086306  30.313787 19.414
 55    10.076 54125.11095803 46.75 115.085416  30.310497 19.414
 55     9.932 54125.11095867 45.12 115.084516  30.307217 19.414
 55    10.003 54125.11095932 42.45 115.083626  30.303927 19.414
 55    10.083 54125.11095996 43.16 115.082726  30.300647 19.414
 57    12.160 54195.11095682 36.12 115.088441  30.326101 16.572
 57    12.184 54195.11095747 38.24 115.087541  30.322821 16.572
 57    12.066 54195.11095811 37.62 115.086651  30.319531 16.572
 57    12.007 54195.11095876 39.13 115.085751  30.316241 16.572
 57    11.922 54195.11095940 40.16 115.084861  30.312961 16.572
 57    11.851 54195.11096004 40.22 115.083971  30.309671 16.572
 57    11.886 54195.11096069 40.40 115.083071  30.306381 16.572
 57    11.913 54195.11096133 39.56 115.082181  30.303101 16.572
 57    11.895 54195.11096198 39.71 115.081281  30.299811 16.572
 58    19.044 54230.11100585 18.77 115.087515  30.333008 15.320
 58    19.011 54230.11100650 15.09 115.086615  30.329728 15.320
 58    18.948 54230.11100714 16.06 115.085721  30.326436  8.514
 58    19.151 54230.11100779 15.25 115.084831  30.323156  8.514
 58    19.132 54230.11100843 14.51 115.083931  30.319866  8.514
 58    19.171 54230.11100907 15.17 115.083041  30.316576  8.514
 58    19.370 54230.11100972 15.57 115.082151  30.313296  8.514
 58    19.049 54230.11101036 15.83 115.081251  30.310006  8.514
 58    19.056 54230.11101101 16.89 115.080361  30.306716  8.514
 58    19.042 54230.11101165 18.33 115.079461  30.303436  8.514
 58    18.640 54230.11101230 24.33 115.078571  30.300146  8.514
 59    15.216 54265.11102386 24.30 115.087835  30.332345 11.425
 59    15.302 54265.11102450 24.38 115.086935  30.329055 11.425
 59    15.283 54265.11102515 25.01 115.086042  30.325764  7.353
 59    13.426 54265.11102579 25.76 115.085152  30.322484  7.353
 59    13.589 54265.11102644 26.77 115.084252  30.319194  7.353
 59    14.080 54265.11102708 27.08 115.083362  30.315904  7.353
 59    15.292 54265.11102773 27.16 115.082472  30.312624  7.353
 59    15.408 54265.11102837 27.17 115.081572  30.309334  7.353
 59    15.630 54265.11102902 26.94 115.080682  30.306044  7.353
 59    15.776 54265.11102966 27.49 115.079782  30.302764  7.353
 59    15.697 54265.11103030 27.73 115.078892  30.299474  7.353
 61    19.782 54335.11101710 20.59 115.086571  30.334648 21.120
 61    20.330 54335.11101775 20.00 115.085681  30.331358 21.120
 61    19.667 54335.11101839 21.74 115.084791  30.328078 21.120
 61    19.650 54335.11101903 20.85 115.083893  30.324786 14.930
 61    19.712 54335.11101968 18.37 115.083003  30.321506 14.930
 61    19.844 54335.11102032 16.83 115.082103  30.318216 14.930
 61    20.050 54335.11102097 17.02 115.081213  30.314926 14.930
 61    20.041 54335.11102161 16.31 115.080313  30.311646 14.930
 61    19.896 54335.11102226 17.70 115.079423  30.308356 14.930
 61    19.940 54335.11102290 21.34 115.078533  30.305066 14.930
 61    20.546 54335.11102355 23.48 115.077633  30.301786 14.930
 63    19.046 54405.11096131 21.70 115.086372  30.335801 11.786
 63    18.922 54405.11096196 19.00 115.085482  30.332521 11.786
 63    18.644 54405.11096260 18.50 115.084582  30.329231 11.786
 63    18.795 54405.11096325 18.21 115.083692  30.325951 11.786
 63    18.735 54405.11096389 17.51 115.082802  30.322661 11.786
 63    19.240 54405.11096454 17.41 115.081904  30.319370  9.723
 63    19.281 54405.11096518 17.66 115.081014  30.316090  9.723
 63    19.766 54405.11096583 17.66 115.080114  30.312800  9.723
 63    18.931 54405.11096647 19.42 115.079224  30.309510  9.723
 63    19.362 54405.11096712 19.96 115.078324  30.306230  9.723
 63    19.298 54405.11096776 23.19 115.077434  30.302940  9.723
 64    18.729 54440.11092142 18.75 115.088318  30.320846 10.551
 64    10.345 54440.11092207 20.06 115.087418  30.317556 10.551
 64    10.503 54440.11092271 24.43 115.086528  30.314276 10.551
 64    10.425 54440.11092336 27.51 115.085628  30.310986 10.551
 64    10.408 54440.11092400 28.31 115.084738  30.307696 10.551
 64    10.199 54440.11092465 27.54 115.083838  30.304416 10.551
 64    10.288 54440.11092529 28.22 115.082948  30.301126 10.551
 64     9.859 54440.11092593 28.75 115.082048  30.297846 10.551
 65     9.817 54475.11094953 47.96 115.088133  30.328907 30.514
 65     9.542 54475.11095018 52.39 115.087233  30.325627 30.514
 65     9.702 54475.11095082 49.52 115.086343  30.322337 30.514
 65     9.684 54475.11095147 51.06 115.085453  30.319047 30.514
 65     9.648 54475.11095211 49.53 115.084553  30.315767 30.514
 65     9.523 54475.11095276 46.43 115.083663  30.312477 30.514
 65     9.658 54475.11095340 48.14 115.082763  30.309187 30.514
 65     9.544 54475.11095405 45.47 115.081873  30.305907 30.514
 65     9.515 54475.11095469 46.06 115.080983  30.302617 30.514
 65     9.324 54475.11095534 45.75 115.080083  30.299327 30.514
 66    10.463 54510.11093535 51.19 115.087961  30.322360 25.415
 66    10.408 54510.11093600 50.00 115.087061  30.319070 25.415
 66    10.406 54510.11093664 47.76 115.086171  30.315780 25.415
 66    10.329 54510.11093729 50.06 115.085271  30.312500 25.415
 66    10.329 54510.11093793 49.58 115.084381  30.309210 25.415
 66    10.267 54510.11093857 47.18 115.083491  30.305920 25.415
 66    10.193 54510.11093922 46.24 115.082591  30.302640 25.415
 66    10.063 54510.11093986 42.01 115.081701  30.299350 25.415
 67    19.119 54545.11096276 17.30 115.087204  30.334292 14.204
 67    19.014 54545.11096340 18.03 115.086304  30.331002 14.204
 67    18.839 54545.11096405 17.38 115.085414  30.327722 14.204
 67    18.911 54545.11096469 16.16 115.084514  30.324432 14.204
 67    19.098 54545.11096533 14.92 115.083624  30.321142 14.204
 67    18.769 54545.11096598 16.22 115.082734  30.317862 14.204
 67    18.568 54545.11096662 18.21 115.081836  30.314570  8.327
 67     9.990 54545.11096727 21.73 115.080946  30.311290  8.327
 67    18.388 54545.11096791 19.05 115.080046  30.308000  8.327
 67    18.649 54545.11096856 17.34 115.079156  30.304710  8.327
 67    18.922 54545.11096920 17.82 115.078256  30.301430  8.327
 67    18.934 54545.11096985 22.23 115.077366  30.298140  8.327
 68    18.811 54580.11093115 18.61 115.087401  30.326384 14.830
 68    18.817 54580.11093180 14.82 115.086511  30.323104 14.830
 68    18.522 54580.11093244 14.60 115.085611  30.319814 14.830
 68    18.365 54580.11093309 16.03 115.084721  30.316524 14.830
 68    18.371 54580.11093373 15.90 115.083821  30.313244 14.830
 68    19.248 54580.11093438 15.26 115.082931  30.309952  5.653
 68    18.713 54580.11093502 16.23 115.082041  30.306672  5.653
 68    18.351 54580.11093567 16.96 115.081141  30.303382  5.653
 68    19.746 54580.11093631 17.99 115.080251  30.300092  5.653
 69    18.875 54615.11095295 18.95 115.087341  30.330448 11.872
 69    18.891 54615.11095359 18.64 115.086451  30.327168 11.872
 69    19.499 54615.11095424 18.29 115.085551  30.323878 11.872
 69    18.930 54615.11095488 19.11 115.084661  30.320598 11.872
 69    18.564 54615.11095553 19.10 115.083771  30.317308 11.872
 69    18.688 54615.11095617 20.08 115.082872  30.314017  7.532
 69    19.030 54615.11095682 20.01 115.081982  30.310737  7.532
 69    19.054 54615.11095746 20.40 115.081082  30.307447  7.532
 69    18.505 54615.11095811 22.17 115.080192  30.304157  7.532
 69    18.700 54615.11095875 23.68 115.079292  30.300877  7.532
 70    19.378 54650.11096391 14.56 115.086425  30.335120 11.439
 70    19.701 54650.11096456 15.07 115.085525  30.331830 11.439
 70    19.695 54650.11096520 15.51 115.084635  30.328550 11.439
 70    19.388 54650.11096584 16.48 115.083735  30.325260 11.439
 70    19.443 54650.11096649 16.46 115.082845  30.321970 11.439
 70    19.406 54650.11096713 16.69 115.081945  30.318690 11.439
 70    19.249 54650.11096778 17.24 115.081055  30.315400 11.439
 70    19.275 54650.11096842 17.73 115.080165  30.312110 11.439
 70    19.407 54650.11096907 17.73 115.079265  30.308830 11.439
 70    19.565 54650.11096971 17.94 115.078375  30.305540 11.439
 70    19.110 54650.11097036 18.85 115.077485  30.302250 11.439
 71    18.767 54685.11095739 16.45 115.086776  30.338968  9.166
 71    19.440 54685.11095804 13.75 115.085886  30.335688  9.166
 71    19.657 54685.11095868 13.87 115.084996  30.332398  9.166
 71    19.462 54685.11095933 14.34 115.084096  30.329108  9.166
 71    19.559 54685.11095997 14.71 115.083206  30.325828  9.166
 71    19.598 54685.11096061 14.54 115.082306  30.322538  9.166
 71    19.309 54685.11096126 15.74 115.081416  30.319248  9.166
 71    19.013 54685.11096190 15.98 115.080526  30.315968  9.166
 71    18.532 54685.11096255 19.56 115.079631  30.312675 10.308
 71    18.996 54685.11096319 19.55 115.078731  30.309395 10.308
 71    19.229 54685.11096384 19.31 115.077841  30.306105 10.308
 71    19.087 54685.11096448 19.97 115.076951  30.302815 10.308
 72    20.173 54720.11091032 26.06 115.088557  30.321117 25.595
 72    20.194 54720.11091097 19.49 115.087658  30.317828 11.339
 72    20.219 54720.11091161 18.49 115.086768  30.314538 11.339
 72    19.838 54720.11091226 18.73 115.085878  30.311258 11.339
 72    19.764 54720.11091290 19.27 115.084978  30.307968 11.339
 72    19.811 54720.11091355 19.78 115.084088  30.304678 11.339
 72    19.917 54720.11091419 19.48 115.083188  30.301398 11.339
 72    19.844 54720.11091484 20.16 115.082298  30.298108 11.339
 73    19.574 54755.11093291 17.68 115.086981  30.333922  8.612
 73    19.220 54755.11093355 16.92 115.086091  30.330632  8.612
 73    19.201 54755.11093420 17.68 115.085191  30.327342  8.612
 73    19.161 54755.11093484 17.00 115.084301  30.324062  8.612
 73    18.753 54755.11093549 17.70 115.083411  30.320772  8.612
 73    18.436 54755.11093613 17.28 115.082511  30.317483 13.931
 73    18.553 54755.11093678 18.11 115.081621  30.314203 13.931
 73    18.398 54755.11093742 20.35 115.080721  30.310913 13.931
 73    18.229 54755.11093807 22.59 115.079831  30.307623 13.931
 73    18.642 54755.11093871 20.35 115.078941  30.304343 13.931
 73    18.417 54755.11093936 21.46 115.078041  30.301053 13.931
 74    19.155 54790.11090318 21.55 115.087605  30.326684  8.134
 74    19.346 54790.11090383 19.21 115.086715  30.323404  8.134
 74    19.303 54790.11090447 16.29 115.085815  30.320114  8.134
 74    19.161 54790.11090512 17.30 115.084925  30.316824  8.134
 74    18.954 54790.11090576 19.18 115.084025  30.313544  8.134
 74    18.879 54790.11090641 20.64 115.083135  30.310254  8.134
 74    18.735 54790.11090705 20.81 115.082245  30.306964  8.134
 74    19.076 54790.11090770 17.72 115.081345  30.303684  8.134
 74    18.901 54790.11090834 18.27 115.080455  30.300394  8.134
 75    10.274 54825.11092941 36.11 115.087645  30.329190 10.627
 75    10.481 54825.11093006 35.76 115.086745  30.325900 10.627
 75    10.394 54825.11093070 36.95 115.085855  30.322620 10.627
 75    10.350 54825.11093135 36.42 115.084955  30.319330 10.627
 75    10.356 54825.11093199 37.42 115.084062  30.316039  8.897
 75    10.338 54825.11093264 37.43 115.083172  30.312759  8.897
 75    10.187 54825.11093328 35.27 115.082272  30.309469  8.897
 75    10.121 54825.11093393 35.47 115.081382  30.306179  8.897
 75    10.021 54825.11093457 31.79 115.080492  30.302899  8.897
 75    10.011 54825.11093521 31.24 115.079592  30.299609  8.897
 76     9.984 54860.11089684 45.85 115.088926  30.323821 25.234
 76     9.908 54860.11089749 51.13 115.088036  30.320531 25.234
 76    10.013 54860.11089813 50.54 115.087136  30.317251 25.234
 76     9.936 54860.11089878 51.49 115.086246  30.313961 25.234
 76     9.801 54860.11089942 50.45 115.085346  30.310681 25.234
 76     9.729 54860.11090007 48.10 115.084456  30.307391 25.234
 76     9.709 54860.11090071 47.39 115.083566  30.304101 25.234
 76     9.580 54860.11090136 46.09 115.082666  30.300821 25.234
 77    19.975 54895.11092932 22.24 115.086000  30.338784  7.528
 77    19.741 54895.11092996 20.26 115.085100  30.335494  7.528
 77    19.975 54895.11093060 19.81 115.084210  30.332214  7.528
 77    20.326 54895.11093125 19.36 115.083310  30.328924  7.528
 77    20.082 54895.11093189 20.90 115.082420  30.325634  7.528
 77    21.159 54895.11093254 19.60 115.081530  30.322354  7.528
 77    19.954 54895.11093318 20.01 115.080633  30.319063 11.134
 77    20.030 54895.11093383 20.58 115.079743  30.315783 11.134
 77    19.969 54895.11093447 21.55 115.078843  30.312493 11.134
 77    19.804 54895.11093512 23.70 115.077953  30.309203 11.134
 77    19.773 54895.11093576 22.89 115.077053  30.305923 11.134
 77    19.251 54895.11093641 28.25 115.076163  30.302633 11.134
 78    19.145 54930.11089405 22.00 115.087377  30.330012  9.762
 78    19.030 54930.11089469 23.42 115.086487  30.326732  9.762
 78    19.294 54930.11089534 20.09 115.085587  30.323442  9.762
 78    19.302 54930.11089598 18.24 115.084697  30.320152  9.762
 78    19.477 54930.11089663 18.59 115.083807  30.316872  9.762
 78    19.493 54930.11089727 18.14 115.082907  30.313582  9.762
 78    19.218 54930.11089792 19.58 115.082017  30.310292  9.762
 78    19.424 54930.11089856 18.21 115.081117  30.307012  9.762
 78    19.593 54930.11089921 17.74 115.080227  30.303722  9.762
 78    19.246 54930.11089985 19.43 115.079337  30.300432  9.762
 79    19.135 54965.11092994 18.49 115.086684  30.333303 12.079
 79    19.161 54965.11093059 16.86 115.085784  30.330013 12.079
 79    19.256 54965.11093123 17.98 115.084894  30.326733 12.079
 79    19.334 54965.11093188 16.72 115.083994  30.323443 12.079
 79    19.298 54965.11093252 17.32 115.083104  30.320153 12.079
 79    19.773 54965.11093316 16.89 115.082214  30.316873 12.079
 79    19.748 54965.11093381 18.41 115.081315  30.313581 11.756
 79    19.599 54965.11093445 20.87 115.080425  30.310301 11.756
 79    19.454 54965.11093510 21.53 115.079525  30.307011 11.756
 79    19.573 54965.11093574 18.79 115.078635  30.303721 11.756
 79    20.291 54965.11093639 20.82 115.077735  30.300441 11.756
 80    19.758 55000.11094932 16.37 115.085908  30.340076  6.273
 80    19.680 55000.11094996 16.17 115.085018  30.336786  6.273
 80    19.779 55000.11095060 16.60 115.084118  30.333496  6.273
 80    19.875 55000.11095125 18.05 115.083228  30.330216  6.273
 80    19.817 55000.11095189 17.27 115.082328  30.326926  6.273
 80    19.903 55000.11095254 17.13 115.081438  30.323636  6.273
 80    19.961 55000.11095318 17.14 115.080548  30.320356  6.273
 80    19.956 55000.11095383 18.40 115.079649  30.317065  8.716
 80    20.031 55000.11095447 21.91 115.078759  30.313785  8.716
 80    19.622 55000.11095512 27.43 115.077859  30.310495  8.716
 80    19.563 55000.11095576 25.19 115.076969  30.307205  8.716
 80    19.700 55000.11095641 21.77 115.076069  30.303925  8.716
 82    19.437 55070.11092492 25.56 115.086337  30.337985 12.763
 82    18.602 55070.11092556 25.16 115.085447  30.334705 12.763
 82    18.432 55070.11092621 25.18 115.084557  30.331415 12.763
 82    18.747 55070.11092685 23.64 115.083657  30.328125 12.763
 82    18.920 55070.11092750 23.36 115.082767  30.324845 12.763
 82    18.947 55070.11092814 23.12 115.081877  30.321555 12.763
 82    18.897 55070.11092879 22.96 115.080977  30.318265 12.763
 82    19.794 55070.11092943 22.45 115.080087  30.314985 12.763
 82    19.916 55070.11093008 23.41 115.079195  30.311693 22.012
 82    19.890 55070.11093072 24.51 115.078295  30.308413 22.012
 82    20.123 55070.11093137 24.25 115.077405  30.305123 22.012
 82    19.934 55070.11093201 25.59 115.076515  30.301833 22.012
 83    18.903 55105.11086850 22.66 115.087743  30.329254  6.767
 83    18.835 55105.11086915 22.24 115.086843  30.325964  6.767
 83    18.857 55105.11086979 21.28 115.085953  30.322674  6.767
 83    18.359 55105.11087044 21.07 115.085063  30.319394  6.767
 83    14.399 55105.11087108 23.45 115.084163  30.316104  6.767
 83    18.891 55105.11087173 23.39 115.083273  30.312814  6.767
 83    19.210 55105.11087237 23.43 115.082373  30.309534  6.767
 83    18.689 55105.11087302 24.96 115.081483  30.306244  6.767
 83    14.386 55105.11087366 25.04 115.080593  30.302954  6.767
 83    18.772 55105.11087431 24.14 115.079693  30.299674  6.767
 84    11.621 55140.11087394 24.75 115.086947  30.335119  9.011
 84    11.510 55140.11087458 25.25 115.086047  30.331829  9.011
 84    11.480 55140.11087522 25.26 115.085157  30.328539  9.011
 84    11.424 55140.11087587 24.95 115.084267  30.325259  9.011
 84    11.398 55140.11087651 26.30 115.083367  30.321969 13.990
 84    11.510 55140.11087716 26.22 115.082477  30.318689 13.990
 84    11.491 55140.11087780 28.11 115.081577  30.315399 13.990
 84    11.526 55140.11087845 28.88 115.080687  30.312109 13.990
 84    11.461 55140.11087909 29.51 115.079787  30.308829 13.990
 84    11.485 55140.11087974 29.03 115.078897  30.305539 13.990
 84    11.481 55140.11088038 28.40 115.078007  30.302249 13.990
 84    18.777 55140.11088103 27.64 115.077107  30.298969 13.990
 85     9.574 55175.11083701 33.25 115.088467  30.319733  7.907
 85     9.681 55175.11083765 34.36 115.087577  30.316453  7.907
 85     9.706 55175.11083830 32.79 115.086687  30.313163  7.907
 85     9.734 55175.11083894 33.88 115.085787  30.309873  7.907
 85     9.777 55175.11083959 32.81 115.084897  30.306593  7.907
 85     9.806 55175.11084023 32.46 115.083997  30.303303  7.907
 85     9.771 55175.11084088 31.11 115.083107  30.300013  7.907
 86    19.128 55210.11086960 16.32 115.087224  30.332480 11.479
 86    19.154 55210.11087025 14.65 115.086334  30.329190 11.479
 86    19.195 55210.11087089 14.58 115.085434  30.325900 11.479
 86    19.047 55210.11087154 15.07 115.084544  30.322620 11.479
 86    18.934 55210.11087218 15.02 115.083654  30.319330 11.479
 86    18.942 55210.11087283 15.33 115.082754  30.316040  8.413
 86    18.929 55210.11087347 16.52 115.081864  30.312760  8.413
 86    18.865 55210.11087412 18.43 115.080964  30.309470  8.413
 86    19.277 55210.11087476 17.49 115.080074  30.306180  8.413
 86    18.947 55210.11087541 20.42 115.079174  30.302900  8.413
 86    19.305 55210.11087605 19.53 115.078284  30.299610  8.413
 87    10.761 55245.11084190 46.52 115.088090  30.330604 32.195
 87    10.954 55245.11084255 51.02 115.087200  30.327324 32.195
 87    10.779 55245.11084319 49.94 115.086300  30.324034 32.195
 87    10.779 55245.11084384 51.77 115.085410  30.320744 32.195
 87    10.741 55245.11084448 51.61 115.084510  30.317464 32.195
 87    10.813 55245.11084513 50.55 115.083620  30.314174 32.195
 87    10.784 55245.11084577 50.84 115.082730  30.310884 32.195
 87    10.721 55245.11084641 51.82 115.081830  30.307604 32.195
 87    10.730 55245.11084706 51.00 115.080940  30.304314 32.195
 87    10.744 55245.11084770 50.80 115.080040  30.301024 32.195
 87    10.777 55245.11084835 50.44 115.079150  30.297744 32.195
 88    19.003 55280.11086185 26.34 115.086641  30.339259  6.858
 88    19.561 55280.11086250 19.66 115.085751  30.335969  6.858
 88    20.227 55280.11086314 19.01 115.084851  30.332679  6.858
 88    20.411 55280.11086379 20.00 115.083961  30.329399  6.858
 88    20.426 55280.11086443 21.29 115.083061  30.326109  6.858
 88    21.448 55280.11086508 20.32 115.082171  30.322819  6.858
 88    21.421 55280.11086572 19.38 115.081281  30.319539  6.858
 88    20.176 55280.11086637 21.39 115.080384  30.316245 12.282
 88    20.146 55280.11086701 22.70 115.079494  30.312965 12.282
 88    19.732 55280.11086766 29.60 115.078594  30.309675 12.282
 88    19.746 55280.11086830 26.36 115.077704  30.306385 12.282
 88    19.481 55280.11086895 25.05 115.076804  30.303105 12.282
 89    19.347 55315.11082794 22.06 115.087122  30.334535  9.767
 89    19.276 55315.11082859 21.29 115.086222  30.331245  9.767
 89    19.353 55315.11082923 19.99 115.085332  30.327955  9.767
 89    19.345 55315.11082988 19.67 115.084442  30.324675  9.767
 89    19.620 55315.11083052 17.52 115.083542  30.321385  9.767
 89    19.813 55315.11083116 17.50 115.082652  30.318095  9.767
 89    19.825 55315.11083181 18.76 115.081752  30.314815  9.767
 89    19.833 55315.11083245 20.70 115.080862  30.311525  9.767
 89    19.905 55315.11083310 21.10 115.079972  30.308235  9.767
 89    20.167 55315.11083374 19.71 115.079072  30.304955  9.767
 89    19.631 55315.11083439 21.41 115.078182  30.301665  9.767
 89    19.563 55315.11083503 23.12 115.077292  30.298375  9.767
 90    19.277 55350.11083397 23.88 115.086726  30.335728 12.777
 90    19.023 55350.11083462 22.95 115.085826  30.332438 12.777
 90    18.982 55350.11083526 22.35 115.084936  30.329158 12.777
 90    18.934 55350.11083591 22.89 115.084046  30.325868 12.777
 90    19.001 55350.11083655 23.24 115.083146  30.322588 12.777
 90    18.986 55350.11083720 23.47 115.082256  30.319298 12.777
 90    19.409 55350.11083784 23.85 115.081360  30.316007 15.226
 90    19.533 55350.11083848 24.63 115.080460  30.312727 15.226
 90    19.748 55350.11083913 25.07 115.079570  30.309437 15.226
 90    19.579 55350.11083977 26.14 115.078680  30.306147 15.226
 90    19.381 55350.11084042 25.98 115.077780  30.302867 15.226
 90    19.094 55350.11084106 28.08 115.076890  30.299577 15.226
 91    20.810 55385.11082841 26.69 115.087476  30.329718 15.090
 91    20.910 55385.11082906 28.13 115.086586  30.326438 15.090
 91    20.793 55385.11082970 26.23 115.085686  30.323148 15.090
 91    20.736 55385.11083035 22.47 115.084796  30.319858 15.090
 91    20.623 55385.11083099 20.46 115.083906  30.316578 15.090
 91    20.496 55385.11083164 21.91 115.083006  30.313288 15.090
 91    20.184 55385.11083228 23.20 115.082116  30.309998 15.090
 91    20.169 55385.11083292 23.17 115.081216  30.306718 15.090
 91    20.430 55385.11083357 23.62 115.080326  30.303428 15.090
 91    20.472 55385.11083421 25.04 115.079436  30.300138 15.090
 92    21.095 55420.11085322 29.88 115.087490  30.330553 25.251
 92    20.981 55420.11085387 29.80 115.086600  30.327273 25.251
 92    20.963 55420.11085451 31.01 115.085700  30.323983 25.251
 92    20.943 55420.11085515 29.53 115.084810  30.320693 25.251
 92    20.913 55420.11085580 27.05 115.083910  30.317413 25.251
 92    20.923 55420.11085644 25.28 115.083020  30.314120 15.648
 92    21.141 55420.11085709 23.25 115.082130  30.310840 15.648
 92    21.250 55420.11085773 22.03 115.081230  30.307550 15.648
 92    21.236 55420.11085838 22.52 115.080340  30.304260 15.648
 92    21.530 55420.11085902 23.47 115.079440  30.300980 15.648
 93    20.852 55455.11082922 23.74 115.086247  30.337879 16.625
 93    19.747 55455.11082986 21.77 115.085357  30.334589 16.625
 93    19.901 55455.11083051 22.25 115.084457  30.331309 16.625
 93    19.776 55455.11083115 21.33 115.083567  30.328019 16.625
 93    19.836 55455.11083180 20.89 115.082667  30.324729 16.625
 93    20.441 55455.11083244 19.01 115.081777  30.321449 16.625
 93    20.901 55455.11083309 18.13 115.080887  30.318159 16.625
 93    20.539 55455.11083373 21.82 115.079987  30.314869 16.625
 93    20.402 55455.11083437 24.85 115.079097  30.311589 16.625
 93    20.170 55455.11083502 28.31 115.078206  30.308297 16.199
 93    20.317 55455.11083566 26.26 115.077306  30.305017 16.199
 93    20.398 55455.11083631 23.46 115.076416  30.301727 16.199
