-344879.433   595.637     0.00   97.71
-344504.074   619.112    62.52   88.70
-344128.700   630.796    31.12   77.71
-343753.310   656.875    69.45   71.38
-343377.905   670.819    37.13   82.21
-343002.484   705.352    91.96  102.63
-342627.048   757.161   137.96  101.56
-342251.596   776.912    52.59  109.72
-341876.129   775.232    -4.47  107.86
-341500.646   767.875   -19.59  102.34
-341125.147   762.539   -14.21  102.87
-340749.633   774.471    31.77  108.95
-340374.104   810.137    94.95  122.87
-339998.559   838.899    76.57  115.46
-339622.999   858.066    51.02  129.57
-339247.422   867.923    26.24  165.19
-338871.831   864.399    -9.38  155.10
-338496.224   850.007   -38.31  156.26
-338120.601   856.232    16.57  129.99
-337744.963   878.796    60.05  131.34
-337369.309   873.796   -13.30  123.68
-336993.640   842.209   -84.06  101.08
-336617.955   816.099   -69.48   90.66
-336242.254   796.423   -52.36   85.45
-335866.538   815.496    50.75   89.10
-335490.806   851.652    96.20   84.86
-335115.059   916.471   172.46  113.01
-334739.296   984.994   182.31  107.72
-334363.518  1034.005   130.39   82.49
-333987.724  1062.375    75.47  101.10
-333611.914  1055.448   -18.43  129.54
-333236.089   982.753  -193.37  123.39
-332860.248   934.328  -128.81  115.48
-332484.392   897.661   -97.53   94.63
-332108.519   880.703   -45.10   93.60
-331732.632   850.447   -80.47   92.25
-331356.728   806.339  -117.31   90.81
-330980.809   783.357   -61.12   88.08
-330604.875   746.227   -98.74   97.23
-330228.925   732.540   -36.39  102.29
-329852.959   727.566   -13.23  109.18
-329476.977   755.056    73.10  152.86
-329100.980   814.471   157.98  173.69
-328724.967   877.830   168.46  144.33
-328348.939   876.912    -2.44  152.58
-327972.895   820.796  -149.19  151.19
-327596.835   795.261   -67.88  137.54
-327220.760   787.175   -21.50  136.38
-326844.669   801.181    37.23  113.93
-326468.562   754.630  -123.74  116.55
-326092.440   649.613  -279.13  137.47
-325716.301   552.866  -257.14  116.30
-325340.148   490.399  -166.02   77.80
-324963.978   478.573   -31.43   68.41
-324587.793   498.925    54.09   80.86
-324211.592   529.368    80.90   73.28
-323835.376   577.161   127.00   74.07
-323459.143   621.493   117.80   63.45
-323082.895   650.105    76.02   58.42
-322706.632   648.448    -4.40   63.64
-322330.352   608.523  -106.08   88.93
-321954.057   550.198  -154.96   95.70
-321577.746   508.804  -109.97   84.04
-321201.420   480.750   -74.53   70.64
-320825.078   478.516    -5.93   80.80
-320448.720   486.523    21.27   82.28
-320072.346   485.312    -3.22   78.26
-319695.956   446.522  -103.03   89.75
-319319.551   415.448   -82.53   79.43
-318943.130   401.471   -37.12   73.63
-318566.693   438.368    97.99   82.44
-318190.241   479.312   108.73   66.42
-317813.773   504.701    67.42   48.02
-317437.289   493.564   -29.58   49.96
-317060.789   478.075   -41.13   52.74
-316684.273   464.209   -36.82   48.22
-316307.742   473.334    24.23   44.34
-315931.195   499.971    70.72   48.97
-315554.632   533.152    88.09   63.37
-315178.053   553.912    55.11   65.19
-314801.459   542.675   -29.83   75.46
-314424.848   505.936   -97.53   96.12
-314048.222   461.932  -116.81   87.98
-313671.580   421.471  -107.40   70.14
-313294.923   396.546   -66.16   59.12
-312918.249   389.703   -18.16   51.98
-312541.560   372.880   -44.65   56.14
-312164.855   346.196   -70.82   59.17
-311788.134   314.812   -83.29   66.77
-311411.397   278.576   -96.16   54.05
-311034.644   251.925   -70.72   43.51
-310657.876   239.378   -33.29   25.52
-310281.092   241.703     6.17   26.99
-309904.292   249.789    21.45   25.26
-309527.476   254.214    11.74   20.11
-309150.644   262.039    20.76   21.45
-308773.796   277.750    41.68   26.56
-308396.933   298.122    54.04   43.71
-308020.053   336.331   101.36   62.35
-307643.158   379.624   114.84   72.23
-307266.247   412.448    87.06   55.68
-306889.320   431.696    51.05   34.49
-306512.377   432.843     3.04   30.51
-306135.418   423.912   -23.68   29.20
-305758.444   422.300    -4.28   29.49
-305381.453   411.698   -28.12   31.53
-305006.218   407.365   -11.54   28.02
-304632.356   420.880    36.14   35.22
-304258.478   438.750    47.78   36.38
-303884.585   443.192    11.88   33.96
-303510.676   450.447    19.40   32.88
-303136.751   453.727     8.77   35.56
-302762.811   471.016    46.22   48.78
-302388.855   503.471    86.77   66.11
-302014.884   561.328   154.67   80.69
-301640.897   623.308   165.69   89.06
-301266.894   648.042    66.12   88.35
-300892.876   629.796   -48.77  122.96
-300518.841   576.071  -143.60  126.10
-300144.792   541.075   -93.53   82.09
-299770.726   534.641   -17.20   63.32
-299396.645   575.261   108.56   72.75
-299022.549   612.637    99.88   41.93
-298648.436   610.732    -5.09   40.73
-298274.308   597.113   -36.39   45.76
-297900.164   582.161   -39.95   42.44
-297526.005   598.471    43.58   45.36
-297151.830   627.852    78.50   58.15
-296777.639   673.285   121.39   66.50
-296403.432   714.285   109.54   68.16
-296029.210   741.743    73.36   76.15
-295654.972   737.185   -12.18   92.46
-295280.718   697.399  -106.28  115.68
-294906.449   618.275  -211.36  114.73
-294532.164   557.889  -161.30   58.81
-294157.863   550.889   -18.70   46.06
-293783.547   575.726    66.34   67.34
-293409.214   598.936    61.99   68.56
-293034.866   591.661   -19.43   76.63
-292660.503   571.113   -54.87   85.72
-292286.123   554.042   -45.59  103.02
-291911.728   566.308    32.75  126.04
-291537.317   572.424    16.33  142.71
-291162.890   632.215   159.65  151.41
-290788.448   674.680   113.38  144.85
-290413.989   704.168    78.73  145.33
-290039.515   726.637    59.99  144.43
-289665.026   701.378   -67.43  145.49
-289290.520   652.308  -130.99  126.69
-288915.999   609.378  -114.60  113.07
-288541.462   559.709  -132.58   80.36
-288166.909   519.401  -107.59   82.17
-287792.340   481.923  -100.03   78.75
-287417.756   434.921  -125.45   75.38
-287043.155   389.743  -120.57   69.78
-286668.539   341.246  -129.43   51.11
-286293.908   310.899   -80.98   48.43
-285919.260   286.780   -64.36   39.62
-285544.596   275.613   -29.80   35.12
-285169.917   263.113   -33.35   31.25
-284795.222   254.007   -24.30   23.80
-284420.511   253.243    -2.04   24.49
-284045.784   247.129   -16.31   21.46
-283671.042   241.959   -13.79   15.35
-283296.283   243.613     4.41   14.54
-282921.509   251.275    20.44   20.45
-282546.719   261.652    27.68   22.90
-282171.913   266.419    12.72   22.64
-281797.091   267.238     2.18   21.66
-281422.254   263.726    -9.37   16.73
-281047.400   258.796   -13.15   16.43
-280672.531   255.122    -9.80   15.91
-280297.646   254.550    -1.53   14.16
-279922.745   256.948     6.40   16.19
-279547.828   261.896    13.19   17.70
-279172.895   265.889    10.65   16.62
-278797.946   268.562     7.13   15.83
-278422.982   274.780    16.58   19.83
-278048.001   280.652    15.66   22.76
-277673.005   281.444     2.11   24.08
-277297.992   275.789   -15.08   21.42
-276922.964   279.590    10.13   25.61
-276547.920   288.215    22.99   29.53
-276172.860   299.866    31.06   33.12
-275797.784   309.573    25.87   31.36
-275422.693   315.993    17.11   29.43
-275047.585   324.214    21.91   29.55
-274672.461   334.471    27.34   32.93
-274297.322   344.539    26.83   29.60
-273922.166   352.375    20.88   31.51
-273546.995   363.584    29.87   32.41
-273171.807   383.550    53.20   31.00
-272796.604   398.221    39.09   38.11
-272421.385   386.680   -30.75   44.79
-272046.150   384.471    -5.89   43.63
-271670.899   386.587     5.64   49.75
-271295.631   395.009    22.44   71.83
-270920.348   439.084   117.42   87.21
-270545.049   471.371    86.01   79.26
-270169.734   489.052    47.10   69.86
-269794.403   488.773    -0.74   77.61
-269419.056   466.304   -59.85   85.30
-269043.694   409.289  -151.86   76.64
-268668.315   370.906  -102.23   54.13
-268292.920   360.584   -27.49   49.65
-267917.509   376.145    41.44   73.07
-267542.082   394.819    49.73   80.84
-267166.639   401.732    18.41   70.07
-266791.180   397.753   -10.60   55.57
-266415.705   388.493   -24.65   49.66
-266040.214   395.896    19.71   60.84
-265664.707   407.378    30.57   63.88
-265289.184   421.494    37.58   60.16
-264913.645   423.542     5.45   54.48
-264538.090   431.880    22.20   50.08
-264162.519   447.086    40.48   60.80
-263786.932   460.243    35.02   75.78
-263411.329   481.923    57.71   76.12
-263035.710   514.308    86.20   70.96
-262660.075   560.613   123.25   94.51
-262284.424   597.788    98.94   86.94
-261908.756   659.357   163.86   98.66
-261533.073   698.546   104.29  101.30
-261157.373   734.923    96.80  103.20
-260781.658   799.424   171.64   98.01
-260405.926   809.161    25.91  108.84
-260030.179   835.726    70.68  110.50
-259654.415   860.471    65.84  112.56
-259278.635   867.471    18.62  120.79
-258902.839   877.852    27.62  121.63
-258527.027   877.423    -1.14  110.10
-258151.199   860.185   -45.86   86.61
-257775.355   858.373    -4.82   88.45
-257399.495   885.539    72.26   87.30
-257023.618   870.796   -39.21   98.38
-256647.726   808.052  -166.88  110.43
-256271.817   730.448  -206.40  137.27
-255895.893   679.852  -134.56  146.23
-255519.952   615.378  -171.46  129.85
-255143.995   576.780  -102.64  120.18
-254768.022   571.613   -13.74  109.93
-254392.032   605.885    91.13  121.02
-254016.027   678.401   192.82  125.14
-253640.005   759.280   215.05  141.33
-253263.968   835.090   201.56  135.95
-252887.914   881.401   123.12  116.78
-252511.844   893.105    31.11  104.04
-252135.758   840.587  -139.61  127.18
-251759.656   738.331  -271.82  129.19
-251383.537   683.804  -144.94  119.45
-251007.403   614.843  -183.30   76.54
-250631.252   591.657   -61.63   71.39
-250255.085   554.052   -99.95   83.46
-249878.902   522.804   -83.05   74.85
-249502.702   495.750   -71.90   61.55
-249126.487   496.875     2.99   71.92
-248750.255   520.029    61.53   79.74
-248374.007   566.804   124.29   93.55
-247997.743   603.958    98.72   83.66
-247621.463   636.866    87.44   82.50
-247245.166   675.107   101.60   81.02
-246868.853   708.852    89.65   81.37
-246492.524   751.703   113.84   90.36
-246116.179   782.238    81.12  105.70
-245739.818   805.819    62.64   98.44
-245363.440   815.994    27.03   98.90
-244987.046   811.796   -11.15   92.88
-244610.636   780.018   -84.41  113.29
-244234.210   758.518   -57.10  108.94
-243857.767   741.052   -46.39  114.52
-243481.308   715.185   -68.70  112.90
-243104.833   705.185   -26.56   95.51
-242728.342   645.925  -157.37  117.39
-242351.834   575.042  -188.23  141.41
-241975.310   452.703  -324.85  170.90
-241598.770   341.709  -294.71  139.83
-241222.214   265.766  -201.64   85.12
-240845.641   225.773  -106.18   61.66
-240469.052   225.005    -2.04   62.91
-240092.447   229.375    11.60   57.52
-239715.825   253.261    63.41   75.24
-239339.187   284.016    81.64   84.85
-238962.533   316.304    85.71   97.85
-238585.862   344.075    73.71  111.28
-238209.176   355.587    30.55  132.39
-237832.473   357.331     4.63  131.44
-237455.753   343.308   -37.22  120.12
-237079.017   323.875   -51.57   90.93
-236702.265   316.243   -20.25   68.01
-236325.497   334.271    47.84   82.23
-235948.712   377.875   115.71  106.26
-235571.911   423.610   121.35   86.94
-235195.094   430.331    17.83   79.05
-234818.260   425.866   -11.85   69.77
-234441.410   394.090   -84.30   74.42
-234064.544   370.819   -61.73   79.84
-233687.661   338.947   -84.55   72.59
-233310.762   331.192   -20.57   59.29
-232933.847   322.304   -23.58   57.82
-232556.915   331.397    24.12   65.24
-232179.966   318.075   -35.34   80.40
-231803.002   293.517   -65.13   83.62
-231426.021   278.613   -39.53   75.61
-231049.024   251.982   -70.63   61.81
-230672.010   237.185   -39.24   55.37
-230294.980   213.843   -61.90   38.41
-229920.162   188.354   -67.99   33.16
-229546.354   168.378   -53.43   31.41
-229172.530   147.685   -55.34   25.66
-228798.689   137.168   -28.13   21.51
-228424.833   129.192   -21.33   19.16
-228050.961   124.161   -13.45   20.83
-227677.072   117.402   -18.07   19.81
-227303.167   109.743   -20.48   15.24
-226929.246   103.066   -17.85   14.37
-226555.309    98.029   -13.47   15.21
-226181.356    93.726   -11.50   11.80
-225807.387    94.328     1.61   13.51
-225433.401    99.494    13.81   14.54
-225059.400   115.661    43.22   25.18
-224685.382   145.204    78.97   49.37
-224311.348   182.145    98.75   63.93
-223937.298   203.789    57.85   58.78
-223563.232   215.796    32.09   57.29
-223189.150   194.402   -57.18   63.88
-222815.051   156.130  -102.29   49.96
-222440.936   135.352   -55.53   45.52
-222066.805   120.471   -39.77   32.86
-221692.658   140.789    54.30   67.13
-221318.495   163.331    60.24   74.20
-220944.316   187.221    63.83   73.53
-220570.120   211.168    63.99   65.49
-220195.908   219.185    21.42   64.97
-219821.680   219.352     0.45   69.03
-219447.436   207.424   -31.86   73.34
-219073.175   187.834   -52.33   65.12
-218698.899   153.899   -90.65   50.85
-218324.606   131.357   -60.21   49.16
-217950.297   111.192   -53.86   41.60
-217575.971    96.804   -38.43   31.75
-217201.630    90.357   -17.22   24.01
-216827.272    86.773    -9.57   19.40
-216452.898    83.066    -9.90   19.73
-216078.508    75.192   -21.03   12.12
-215704.101    70.029   -13.79   11.25
-215329.678    67.424    -6.96    9.66
-214955.239    66.621    -2.15    8.42
-214580.784    63.880    -7.32    7.25
-214206.313    61.544    -6.24    6.87
-213831.825    58.709    -7.57    6.68
-213457.321    55.680    -8.09    5.49
-213082.800    54.209    -3.93    5.10
-212708.264    53.039    -3.12    4.28
-212333.711    52.324    -1.91    4.40
-211959.142    49.630    -7.19    4.67
-211584.556    45.666   -10.58    4.51
-211209.955    43.902    -4.71    3.98
-210835.336    43.375    -1.41    4.00
-210460.702    43.571     0.52    4.63
-210086.051    43.993     1.13    4.98
-209711.384    43.958    -0.09    5.91
-209336.701    44.099     0.38    7.22
-208962.002    42.447    -4.41    6.02
-208587.286    41.308    -3.04    5.77
-208212.553    40.215    -2.92    5.49
-207837.805    38.371    -4.92    4.88
-207463.040    38.062    -0.82    4.94
-207088.259    38.060    -0.00    4.90
-206713.461    38.540     1.28    4.87
-206338.647    41.084     6.79    5.35
-205963.817    41.959     2.33    4.33
-205588.970    40.539    -3.79    4.76
-205214.107    40.418    -0.32    4.93
-204839.228    40.652     0.63    4.96
-204464.332    41.750     2.93    5.23
-204089.420    43.192     3.85    4.74
-203714.492    43.447     0.68    4.85
-203339.547    41.202    -5.99    5.70
-202964.586    38.562    -7.04    5.03
-202589.608    36.983    -4.21    3.93
-202214.614    38.238     3.35    4.09
-201839.604    40.107     4.98    4.22
-201464.577    40.703     1.59    4.89
-201089.534    41.380     1.80    4.91
-200714.474    40.286    -2.91    4.03
-200339.398    38.130    -5.75    4.73
-199964.306    36.021    -5.62    5.49
-199589.197    33.925    -5.59    5.98
-199214.072    31.062    -7.63    5.42
-198838.930    29.936    -3.00    5.03
-198463.772    27.380    -6.81    5.43
-198088.597    24.576    -7.47    6.39
-197713.406    22.902    -4.46    5.07
-197338.199    23.308     1.08    5.46
-196962.975    25.016     4.55    5.54
-196587.735    26.145     3.01    4.79
-196212.478    24.932    -3.23    4.98
-195837.205    23.630    -3.47    4.01
-195461.915    24.246     1.64    4.47
-195086.609    26.402     5.75    5.41
-194711.286    29.902     9.32    5.93
-194335.947    33.494     9.57    6.08
-193960.592    35.084     4.23    5.64
-193585.220    35.576     1.31    5.47
-193209.831    33.789    -4.76    5.95
-192834.426    32.471    -3.51    4.84
-192459.005    33.607     3.03    4.82
-192083.567    34.425     2.18    4.44
-191708.112    35.573     3.06    4.38
-191332.641    35.698     0.33    4.42
-190957.154    36.550     2.27    4.03
-190581.650    38.221     4.45    3.84
-190206.129    39.889     4.44    4.00
-189830.592    40.424     1.42    3.90
-189455.038    40.062    -0.97    4.11
-189079.468    39.317    -1.98    4.68
-188703.882    37.789    -4.07    5.20
-188328.278    37.923     0.36    5.53
-187952.659    38.630     1.88    5.26
-187577.022    40.226     4.25    4.98
-187201.370    40.396     0.45    5.12
-186825.700    41.198     2.14    5.09
-186450.014    42.418     3.25    5.24
-186074.312    43.243     2.20    5.00
-185698.593    43.075    -0.45    4.67
-185322.857    41.936    -3.03    4.37
-184947.105    41.540    -1.05    4.83
-184571.336    42.727     3.16    5.97
-184195.550    47.516    12.74    7.56
-183819.748    54.666    19.02   12.81
-183443.930    72.168    46.56   32.12
-183068.095    87.238    40.09   39.20
-182692.243    86.934    -0.81   41.14
-182316.375    77.652   -24.69   43.40
-181940.490    62.471   -40.38   35.98
-181564.588    49.948   -33.31   17.62
-181188.670    47.680    -6.03   15.59
-180812.735    44.584    -8.23    7.20
-180436.784    44.540    -0.12    4.17
-180060.815    47.804     8.68    6.11
-179684.831    56.812    23.95   15.08
-179308.829    83.519    71.02   41.82
-178932.811   116.192    86.88   52.60
-178556.777   133.866    46.99   41.62
-178180.725   143.703    26.16   41.05
-177804.658   154.357    28.33   50.70
-177428.573   164.102    25.91   52.58
-177052.472   173.312    24.48   46.99
-176676.354   178.354    13.41   40.02
-176300.219   166.857   -30.56   33.98
-175924.068   143.819   -61.24   34.73
-175547.900   126.291   -46.59   35.05
-175171.715   113.721   -33.41   31.85
-174795.514    97.836   -42.22   26.37
-174419.296    91.378   -17.17   20.94
-174043.061    88.005    -8.96   16.89
-173666.810    85.447    -6.80   12.48
-173290.542    87.539     5.56   13.87
-172914.257    88.997     3.87   14.73
-172537.956    89.357     0.96   19.09
-172161.637    97.912    22.73   21.75
-171785.302   100.312     6.37   21.76
-171408.951    95.796   -12.00   25.81
-171032.582    85.983   -26.07   26.84
-170656.197    72.312   -36.32   18.66
-170279.795    67.397   -13.05   16.94
-169903.377    62.221   -13.75   13.25
-169526.942    63.099     2.33   12.95
-169150.489    67.447    11.55   14.65
-168774.021    72.516    13.46   13.72
-168397.535    75.418     7.71   12.04
-168021.033    74.016    -3.72   12.74
-167644.514    73.401    -1.63   12.33
-167267.978    76.198     7.43   14.88
-166891.425    80.075    10.30   14.92
-166514.856    82.445     6.29   13.88
-166138.269    86.493    10.75   14.32
-165761.666    89.746     8.63   15.78
-165385.047    95.312    14.78   17.88
-165008.410   104.880    25.40   20.77
-164631.757   112.610    20.52   21.45
-164255.087   125.993    35.53   25.53
-163878.400   144.444    48.98   28.86
-163501.696   170.698    69.68   33.52
-163124.975   178.145    19.77   29.10
-162748.238   169.243   -23.63   36.75
-162371.484   149.052   -53.59   41.66
-161994.712   130.419   -49.45   28.14
-161617.925   120.039   -27.55   20.82
-161241.120   117.624    -6.41   22.96
-160864.298   121.289     9.72   27.61
-160487.460   130.152    23.52   37.73
-160110.605   144.308    37.56   47.17
-159733.733   149.902    14.84   42.69
-159356.844   156.471    17.42   39.12
-158979.938   146.948   -25.26   36.23
-158603.015   131.016   -42.26   33.05
-158226.076   122.936   -21.43   31.05
-157849.119   105.099   -47.31   34.27
-157472.146    88.796   -43.24   28.90
-157095.156    76.880   -31.60   21.53
-156718.149    67.137   -25.84   16.50
-156341.125    59.789   -19.49    7.51
-155964.084    58.493    -3.44    5.71
-155587.026    57.232    -3.34    4.04
-155209.951    57.334     0.27    4.56
-154835.558    58.394     2.83    4.31
-154461.806    59.266     2.33    4.22
-154088.038    60.099     2.23    4.47
-153714.253    62.075     5.29    4.42
-153340.452    64.633     6.84    4.96
-152966.633    69.080    11.89   10.30
-152592.799    76.380    19.52   14.90
-152218.947    85.548    24.52   17.71
-151845.080    96.084    28.18   23.28
-151471.195   107.516    30.57   27.19
-151097.294   120.145    33.77   30.64
-150723.376   118.750    -3.73   28.94
-150349.442   116.291    -6.57   26.37
-149975.490   119.948     9.78   30.88
-149601.523   124.265    11.54   30.79
-149227.538   143.380    51.10   45.66
-148853.537   175.721    86.46   50.35
-148479.520   193.633    47.89   56.39
-148105.485   199.221    14.94   59.80
-147731.434   196.035    -8.52   61.11
-147357.367   187.312   -23.32   58.07
-146983.282   188.763     3.88   56.19
-146609.181   191.424     7.11   65.45
-146235.063   188.789    -7.04   70.50
-145860.929   173.168   -41.75   70.90
-145486.778   136.812   -97.16   56.46
-145112.610   103.155   -89.94   42.52
-144738.426    79.516   -63.17   34.23
-144364.225    63.423   -43.00   19.26
-143990.007    58.334   -13.60    7.31
-143615.772    62.447    10.99    9.18
-143241.521    68.871    17.16    9.66
-142867.253    76.812    21.21   11.09
-142492.968    81.071    11.38   12.19
-142118.667    78.857    -5.91   16.10
-141744.348    68.354   -28.05   20.34
-141370.013    57.424   -29.20   15.74
-140995.662    52.494   -13.17   10.02
-140621.293    52.265    -0.61    8.33
-140246.908    52.130    -0.36    9.44
-139872.506    50.671    -3.90   11.41
-139498.088    45.107   -14.86   11.54
-139123.652    39.494   -14.99    7.39
-138749.200    38.331    -3.10    6.75
-138374.731    38.948     1.65    6.73
-138000.245    39.086     0.37    6.59
-137625.743    37.084    -5.34    6.76
-137251.224    34.178    -7.76    5.52
-136876.688    33.613    -1.51    4.60
-136502.135    31.334    -6.08    5.42
-136127.565    29.617    -4.58    6.09
-135752.979    27.562    -5.49    6.94
-135378.375    24.836    -7.27    5.76
-135003.755    23.493    -3.58    5.75
-134629.119    22.780    -1.90    5.73
-134254.465    22.378    -1.07    6.09
-133879.794    22.090    -0.77    5.82
-133505.107    19.641    -6.53    6.54
-133130.403    16.675    -7.92    7.24
-132755.682    14.788    -5.04    7.78
-132380.944    12.175    -6.97    5.91
-132006.190    11.192    -2.62    4.40
-131631.418    10.493    -1.86    2.05
-131256.630    10.828     0.89    1.34
-130881.825    10.756    -0.19    1.29
-130507.003    10.880     0.33    1.35
-130132.164    10.646    -0.62    1.58
-129757.308    11.215     1.52    1.92
-129382.436    11.652     1.17    2.11
-129007.546    11.540    -0.30    2.19
-128632.640    11.936     1.05    2.19
-128257.716    11.703    -0.62    2.16
-127882.776    11.743     0.11    2.26
-127507.819    12.756     2.70    2.97
-127132.846    13.675     2.45    4.04
-126757.855    13.331    -0.92    4.60
-126382.847    12.280    -2.80    4.58
-126007.823    10.052    -5.94    3.12
-125632.781     9.352    -1.87    3.26
-125257.723     9.107    -0.65    2.86
-124882.647    10.680     4.19    4.45
-124507.555    13.005     6.20    5.24
-124132.446    15.447     6.51    5.70
-123757.320    16.354     2.42    5.61
-123382.177    17.471     2.98    5.09
-123007.017    17.617     0.39    5.18
-122631.840    20.039     6.45    7.25
-122256.646    24.737    12.52   11.11
-121881.435    27.401     7.10   10.41
-121506.208    27.401     0.00    9.12
-121130.963    26.005    -3.72    7.50
-120755.701    25.115    -2.37    5.93
-120380.423    24.804    -0.83    5.54
-120005.127    25.675     2.32    4.98
-119629.814    25.750     0.20    4.21
-119254.485    25.899     0.40    4.76
-118879.138    26.145     0.65    5.42
-118503.775    25.899    -0.65    5.16
-118128.394    26.266     0.98    4.60
-117752.997    27.494     3.27    4.69
-117377.582    31.471    10.59    7.96
-117002.151    38.923    19.85    9.97
-116626.702    44.796    15.64   10.13
-116251.237    49.337    12.09   10.87
-115875.754    47.739    -4.26   12.91
-115500.255    42.266   -14.57   12.70
-115124.738    36.766   -14.65   10.12
-114749.204    32.587   -11.13    9.09
-114373.654    30.052    -6.75    9.92
-113998.086    28.587    -3.90    9.77
-113622.501    24.048   -12.08    7.61
-113246.900    22.375    -4.45    8.70
-112871.281    19.993    -6.34    7.48
-112495.645    18.075    -5.11    6.23
-112119.992    17.494    -1.55    5.84
-111744.322    18.215     1.92    6.16
-111368.635    17.756    -1.22    5.61
-110992.931    18.107     0.93    5.61
-110617.210    17.052    -2.81    5.86
-110241.471    15.843    -3.22    5.69
-109865.716    13.756    -5.55    5.93
-109489.943    11.804    -5.20    3.71
-109114.154    11.357    -1.19    3.24
-108738.347    11.763     1.08    3.04
-108362.523    12.610     2.25    1.68
-107986.683    11.948    -1.76    1.76
-107610.825    11.843    -0.28    2.46
-107234.949    11.726    -0.31    3.72
-106859.057    11.637    -0.24    3.78
-106483.148    10.698    -2.50    3.35
-106107.221    10.637    -0.16    2.86
-105731.278    10.215    -1.12    2.20
-105355.317    10.375     0.43    2.09
-104979.339    10.275    -0.27    1.74
-104603.344    10.562     0.76    1.60
-104227.332    11.896     3.55    3.30
-103851.303    13.357     3.89    5.21
-103475.256    15.857     6.65    7.42
-103099.193    19.122     8.68    8.68
-102723.112    23.192    10.82   10.16
-102347.014    26.121     7.79   10.52
-101970.899    25.698    -1.12   11.41
-101594.767    21.494   -11.17   11.03
-101218.617    19.005    -6.62    9.15
-100842.451    18.107    -2.39    7.15
-100466.267    17.958    -0.39    5.94
-100090.066    19.812     4.93    6.73
 -99713.847    21.571     4.68    7.54
 -99337.612    22.107     1.43    8.49
 -98961.359    22.075    -0.08    7.37
 -98585.090    22.238     0.43    7.62
 -98208.802    22.843     1.61    8.62
 -97832.498    23.522     1.80   10.74
 -97456.177    23.993     1.25   10.81
 -97079.838    24.296     0.80    9.53
 -96703.482    24.145    -0.40    8.04
 -96327.109    24.471     0.86    6.74
 -95950.718    25.424     2.53    6.11
 -95574.311    27.766     6.22    7.11
 -95197.886    28.906     3.03    6.79
 -94821.443    33.902    13.27   11.86
 -94444.984    37.819    10.40   13.29
 -94068.507    40.925     8.25   12.26
 -93692.013    43.773     7.56   11.46
 -93315.502    45.086     3.49   10.22
 -92938.973    45.789     1.87    8.97
 -92562.428    45.836     0.13    7.03
 -92185.865    49.198     8.93    7.37
 -91809.284    53.471    11.35    7.97
 -91432.687    55.539     5.49    8.54
 -91056.072    54.857    -1.81    9.96
 -90679.439    55.286     1.14    9.81
 -90302.790    55.743     1.21   10.51
 -89926.123    56.099     0.94   12.71
 -89549.439    59.016     7.74   11.75
 -89172.737    60.448     3.80   11.03
 -88796.018    62.996     6.76   11.97
 -88419.282    68.016    13.33   13.48
 -88042.529    72.522    11.96   13.00
 -87665.758    71.517    -2.67   10.57
 -87288.970    74.062     6.75   13.84
 -86912.164    76.657     6.89   17.39
 -86535.341    83.607    18.44   20.56
 -86158.501    91.418    20.73   28.37
 -85781.643    91.380    -0.10   29.92
 -85404.768    89.232    -5.70   29.15
 -85027.876    88.271    -2.55   26.29
 -84650.967    85.378    -7.68   15.87
 -84274.039    92.129    17.91   21.46
 -83897.095   102.130    26.53   25.09
 -83520.133   102.753     1.65   29.12
 -83143.154    96.192   -17.40   36.17
 -82766.158    84.062   -32.17   39.32
 -82389.144    60.889   -61.46   28.09
 -82012.112    52.993   -20.94   19.35
 -81635.063    49.496    -9.28   18.34
 -81257.997    58.107    22.84   23.64
 -80880.914    69.422    30.00   22.74
 -80503.813    68.539    -2.34   22.75
 -80126.694    62.539   -15.91   24.74
 -79752.727    48.422   -37.75   17.53
 -79379.033    40.789   -20.42   16.45
 -79005.322    34.971   -15.57   15.09
 -78631.594    29.562   -14.47   11.71
 -78257.849    25.378   -11.19   11.53
 -77884.086    20.902   -11.97   12.49
 -77510.307    17.750    -8.43   12.81
 -77136.510    13.821   -10.51    9.59
 -76762.696    12.812    -2.70    6.36
 -76388.865    14.727     5.12    7.98
 -76015.017    17.562     7.58    8.27
 -75641.152    21.866    11.51    8.57
 -75267.270    26.447    12.25    9.29
 -74893.370    28.357     5.11    7.88
 -74519.454    27.946    -1.10    7.30
 -74145.520    25.221    -7.29    7.01
 -73771.569    23.163    -5.50    5.28
 -73397.601    22.703    -1.23    4.95
 -73023.616    23.493     2.11    5.03
 -72649.613    24.122     1.68    4.54
 -72275.594    24.937     2.18    4.48
 -71901.557    25.646     1.89    4.44
 -71527.503    27.402     4.70    4.21
 -71153.432    28.368     2.58    4.19
 -70779.344    29.285     2.45    3.62
 -70405.238    30.857     4.20    3.70
 -70031.116    32.424     4.19    4.20
 -69656.976    40.448    21.44   15.11
 -69282.819    47.546    18.97   18.14
 -68908.645    49.062     4.05   17.12
 -68534.453    49.771     1.89   18.58
 -68160.244    45.539   -11.31   14.74
 -67786.018    43.766    -4.74   13.00
 -67411.775    42.703    -2.84   15.66
 -67037.515    38.743   -10.58   16.84
 -66663.237    33.944   -12.82   14.11
 -66288.942    33.902    -0.11   13.36
 -65914.630    34.066     0.44   10.50
 -65540.301    40.671    17.64   16.69
 -65165.954    49.630    23.93   22.24
 -64791.590    54.424    12.81   29.69
 -64417.209    56.084     4.43   35.25
 -64042.811    47.760   -22.23   36.59
 -63668.395    35.516   -32.70   28.39
 -63293.962    25.168   -27.63    9.26
 -62919.512    24.130    -2.77    5.34
 -62545.044    26.137     5.36    5.45
 -62170.560    29.352     8.58    5.50
 -61796.057    33.221    10.33    7.53
 -61421.538    39.676    17.23   11.37
 -61047.001    49.721    26.82   17.50
 -60672.447    61.675    31.92   18.71
 -60297.876    75.402    36.65   24.18
 -59923.287    89.471    37.55   25.95
 -59548.682    94.397    13.15   25.39
 -59174.058    91.380    -8.05   25.18
 -58799.418    89.060    -6.19   23.39
 -58424.760    87.221    -4.91   19.76
 -58050.085    83.948    -8.73   18.94
 -57675.392    82.657    -3.45   22.64
 -57300.682    73.925   -23.30   21.90
 -56925.955    68.739   -13.84   19.32
 -56551.210    60.471   -22.06   17.86
 -56176.448    52.746   -20.61   14.99
 -55801.669    50.402    -6.25   14.01
 -55426.872    48.334    -5.52   14.34
 -55052.058    48.424     0.24   14.18
 -54677.227    52.675    11.34   15.47
 -54302.378    55.471     7.46   14.15
 -53927.512    57.834     6.30   17.74
 -53552.628    63.819    15.96   22.57
 -53177.727    65.804     5.29   22.44
 -52802.809    63.312    -6.65   23.49
 -52427.873    56.029   -19.42   24.47
 -52052.920    40.334   -41.86   22.36
 -51677.950    28.839   -30.65   13.40
 -51302.962    23.902   -13.16    9.47
 -50927.956    20.517    -9.03    2.24
 -50552.933    20.652     0.36    2.00
 -50177.893    20.834     0.48    2.20
 -49802.836    21.763     2.48    2.93
 -49427.761    22.539     2.07    3.54
 -49052.668    23.394     2.28    4.13
 -48677.558    25.584     5.84    4.59
 -48302.431    26.766     3.15    4.92
 -47927.286    28.726     5.23    4.90
 -47552.123    30.671     5.18    6.92
 -47176.944    36.346    15.13   12.59
 -46801.746    44.971    22.99   18.62
 -46426.532    56.701    31.26   20.41
 -46051.300    69.354    33.72   21.08
 -45676.050    79.516    27.08   19.23
 -45300.783    89.122    25.60   22.58
 -44925.498    98.107    23.94   26.23
 -44550.196   106.696    22.88   31.79
 -44174.877   116.834    27.01   40.93
 -43799.539   120.910    10.86   43.88
 -43424.185   126.093    13.81   47.21
 -43048.813   129.925    10.21   44.98
 -42673.423   127.709    -5.90   34.95
 -42298.016   130.516     7.48   33.83
 -41922.591   120.096   -27.76   28.76
 -41547.149   108.221   -31.63   29.12
 -41171.690    94.610   -36.25   24.99
 -40796.212    87.130   -19.92   20.76
 -40420.718    84.005    -8.32   16.83
 -40045.205    77.621   -17.00   15.82
 -39669.676    81.539    10.43   18.53
 -39294.128    84.727     8.49   19.59
 -38918.563    89.494    12.69   20.96
 -38542.981    90.447     2.54   21.01
 -38167.381    84.052   -17.03   23.52
 -37791.763    79.537   -12.02   18.33
 -37416.128    76.846    -7.17   16.40
 -37040.475    74.493    -6.26   15.65
 -36664.805    77.056     6.82   14.77
 -36289.117    70.875   -16.45   13.84
 -35913.411    68.215    -7.08   13.85
 -35537.688    68.352     0.36   12.86
 -35161.947    68.857     1.35   11.39
 -34786.189    73.446    12.21   14.65
 -34410.413    76.607     8.41   14.35
 -34034.620    80.304     9.84   13.23
 -33658.808    78.766    -4.09   12.63
 -33282.980    80.562     4.78   10.63
 -32907.133    87.202    17.67   16.62
 -32531.269   105.789    49.45   34.03
 -32155.388   142.471    97.59   55.06
 -31779.488   166.780    64.67   63.90
 -31403.571   191.493    65.74   64.56
 -31027.637   201.175    25.75   58.37
 -30651.685   215.448    37.96   59.95
 -30275.715   227.471    31.98   62.93
 -29899.727   248.693    56.44   64.62
 -29523.722   289.145   107.58   63.72
 -29147.699   310.542    56.90   57.88
 -28771.659   299.493   -29.38   79.20
 -28395.600   261.447  -101.17   98.34
 -28019.525   204.271  -152.03   88.16
 -27643.431   156.843  -126.10   50.73
 -27267.320   146.243   -28.18   46.94
 -26891.191   130.261   -42.49   45.89
 -26515.044   124.905   -14.24   47.68
 -26138.880   107.834   -45.38   43.47
 -25762.698    87.875   -53.06   34.90
 -25386.498    75.936   -31.74   27.36
 -25010.280    73.936    -5.32   25.94
 -24634.045    74.266     0.88   25.16
 -24257.792    71.039    -8.58   22.61
 -23881.522    57.539   -35.88   22.92
 -23505.233    53.084   -11.84   18.47
 -23128.927    57.238    11.04   21.56
 -22752.603    67.584    27.49   29.23
 -22376.262    90.130    59.91   41.47
 -21999.902    91.925     4.77   47.18
 -21623.525    91.743    -0.48   51.56
 -21247.130    84.630   -18.90   51.17
 -20870.717    79.789   -12.86   37.98
 -20494.287    92.789    34.53   46.02
 -20117.839   105.925    34.89   49.78
 -19741.373   118.812    34.23   47.77
 -19364.889   121.703     7.68   48.95
 -18988.388   111.912   -26.00   40.74
 -18611.868   122.382    27.80   49.76
 -18235.331   127.959    14.81   55.88
 -17858.776   114.737   -35.11   56.59
 -17482.203   105.401   -24.79   57.86
 -17105.613    88.789   -44.11   51.24
 -16729.005    77.750   -29.31   39.58
 -16352.378    66.750   -29.21   36.05
 -15975.734    63.789    -7.86   35.96
 -15599.073    57.584   -16.47   34.06
 -15222.393    48.948   -22.93   31.15
 -14845.695    45.056   -10.33   29.46
 -14468.980    43.016    -5.41   29.32
 -14092.247    38.648   -11.59   32.53
 -13715.496    29.819   -23.43   23.20
 -13338.727    22.843   -18.52   19.54
 -12961.940    21.075    -4.69   17.33
 -12585.136    17.004   -10.80   10.34
 -12208.313    14.899    -5.59    4.82
 -11831.473    16.380     3.93    8.83
 -11454.615    18.971     6.87   12.82
 -11077.739    21.568     6.89   15.77
 -10700.845    19.471    -5.57   15.43
 -10323.933    15.146   -11.47   10.56
  -9947.003    11.826    -8.81    6.40
  -9570.055    14.773     7.82   12.53
  -9193.090    16.401     4.32   13.58
  -8816.106    15.657    -1.97   14.11
  -8439.105    14.060    -4.23   15.05
  -8062.086     8.380   -15.07    9.10
  -7685.049     5.637    -7.27    1.97
  -7307.994     5.515    -0.32    1.97
  -6930.920     5.812     0.79    2.52
  -6553.830     7.005     3.17    3.28
  -6176.721     8.857     4.91    4.19
  -5799.594    11.155     6.09    3.68
  -5422.449    13.402     5.96    3.94
  -5045.365    16.099     7.15    5.01
  -4671.746    19.130     8.11    5.23
  -4298.110    20.630     4.01    5.47
  -3924.456    26.739    16.35   16.13
  -3550.784    40.925    37.96   29.10
  -3177.095    47.189    16.76   32.52
  -2803.389    53.152    15.96   32.09
  -2429.664    43.308   -26.34   34.13
  -2055.922    26.948   -43.77   29.54
  -1682.163    14.243   -33.99   23.49
  -1308.386     3.568   -28.56    6.22
   -934.591     0.948    -7.01    3.30
   -560.778    -0.529    -3.95    0.00
   -186.948    -0.529     0.00    0.00
    186.900    -0.111     1.12    1.93
    560.765     1.562     4.47    4.19
    934.648     3.993     6.50    5.30
   1308.549     6.196     5.89    5.33
   1682.468     8.130     5.17    4.62
   2056.404     9.646     4.05    2.78
   2430.358     9.925     0.75    1.61
   2804.329    10.331     1.09    2.22
   3178.318    10.425     0.25    2.32
   3552.325    10.198    -0.61    2.42
   3926.350    10.046    -0.41    2.63
   4300.392     9.902    -0.38    2.40
   4674.452    10.696     2.12    2.40
   5048.530     8.334    -6.31    5.12
   5422.625     5.471    -7.65    6.06
   5796.739     4.562    -2.43    5.81
   6170.869     4.539    -0.06    5.03
   6545.018     6.621     5.56    3.95
   6919.184     7.402     2.09    2.61
   7293.368     6.202    -3.21    1.36
   7667.570     5.826    -1.01    1.17
   8041.790     6.261     1.16    1.54
   8416.027     6.766     1.35    1.77
   8790.282     6.857     0.24    1.93
   9164.555     6.996     0.37    1.87
   9538.846     6.789    -0.55    2.40
   9913.154     6.763    -0.07    2.43
  10287.480     7.537     2.07    3.50
  10661.824     8.726     3.18    4.60
  11036.186    10.607     5.02    5.67
  11410.565    11.902     3.46    6.54
  11784.962    12.571     1.78    7.03
  12159.377    13.289     1.92    6.75
  12533.810    14.495     3.22    6.92
  12908.261    15.016     1.39    6.22
  13282.729    16.130     2.97    6.51
  13657.216    14.238    -5.05    7.25
  14031.720    13.584    -1.75    6.45
  14406.242    13.121    -1.24    5.24
  14780.781    13.107    -0.04    5.62
  15155.339    13.495     1.04    6.40
  15529.914    12.039    -3.89    5.82
  15904.507    10.652    -3.70    5.42
  16279.119    10.145    -1.35    5.60
  16653.747    10.789     1.72    5.81
  17028.394    10.102    -1.83    5.86
  17403.059    10.266     0.44    4.92
  17777.741    12.447     5.82    5.57
  18152.442    14.026     4.22    5.17
  18527.160    15.562     4.10    5.08
  18901.896    18.773     8.57    5.43
  19276.650    22.084     8.84    5.67
  19651.422    25.207     8.33    5.42
  20026.212    28.834     9.68    8.09
  20401.019    32.866    10.76   15.22
  20775.845    32.159    -1.88   15.28
  21150.688    30.493    -4.45   15.04
  21525.549    24.161   -16.89    5.43
  21900.429    21.402    -7.36    5.33
  22275.326    18.918    -6.63    5.40
  22650.241    16.289    -7.01    4.66
  23025.174    13.675    -6.97    4.65
  23400.125    11.562    -5.64    4.83
  23775.094     9.204    -6.29    4.15
  24150.080     7.471    -4.62    2.81
  24525.085     8.402     2.48    3.84
  24900.108    10.571     5.78    4.92
  25275.148    12.493     5.13    4.76
  25650.207    14.539     5.45    4.81
  26025.284    15.993     3.88    4.43
  26400.378    17.607     4.30    4.71
  26775.491    18.596     2.64    4.02
  27150.621    17.652    -2.51    4.44
  27525.769    14.696    -7.88    5.92
  27900.936    12.215    -6.61    5.23
  28276.120    11.152    -2.83    4.92
  28651.322    12.516     3.63    6.05
  29026.543    13.559     2.78    5.43
  29401.781    14.296     1.96    4.14
  29777.038    13.721    -1.53    4.70
  30152.312    11.666    -5.48    4.39
  30527.604     9.994    -4.45    4.71
  30902.915     9.122    -2.33    4.14
  31278.243     9.750     1.67    7.46
  31653.590     8.048    -4.53    8.37
  32028.954     4.641    -9.08    6.22
  32404.337     2.721    -5.12    4.77
  32779.737     2.680    -0.11    3.08
  33155.156     4.516     4.89    4.71
  33530.592     6.334     4.84    5.28
  33906.047     8.099     4.70    5.13
  34281.520     9.884     4.75    5.31
  34657.011    10.613     1.94    5.78
  35032.519    11.425     2.16    6.00
  35408.046    13.215     4.77    6.42
  35783.591    14.493     3.40    6.67
  36159.154    14.948     1.21    5.80
  36534.736    15.971     2.72    4.96
  36910.335    16.048     0.21    4.17
  37285.952    17.099     2.80    4.12
  37661.588    18.871     4.72    4.04
  38037.241    21.062     5.83    4.60
  38412.913    22.731     4.45    3.99
  38788.603    24.607     4.99    3.89
  39164.311    28.447    10.22    8.96
  39540.037    34.562    16.27   12.62
  39915.781    43.789    24.56   15.79
  40291.543    46.039     5.99   14.91
  40667.323    42.266   -10.04   16.88
  41043.122    33.175   -24.19   18.37
  41418.939    24.902   -22.01   12.78
  41794.773    20.721   -11.13    7.30
  42170.626    21.221     1.33    6.95
  42546.498    23.425     5.87    6.43
  42922.387    25.493     5.50    6.12
  43298.294    28.039     6.77    6.71
  43674.220    34.175    16.32   13.58
  44050.164    37.198     8.04   13.91
  44426.126    35.675    -4.05   15.64
  44802.106    29.516   -16.38   16.72
  45178.104    20.175   -24.84   12.41
  45554.121    14.516   -15.05    4.21
  45930.156    14.539     0.06    4.00
  46306.208    16.862     6.18    4.35
  46682.280    19.698     7.54    3.39
  47058.369    20.448     1.99    3.30
  47434.477    20.703     0.68    3.56
  47810.602    22.471     4.70    3.91
  48186.746    23.994     4.05    4.78
  48562.909    25.471     3.92    4.44
  48939.089    29.427    10.52   10.23
  49315.288    34.789    14.25   14.18
  49691.505    42.584    20.72   24.55
  50067.740    44.113     4.06   26.05
  50443.993    41.797    -6.16   25.06
  50820.265    40.331    -3.90   26.43
  51196.555    31.789   -22.70   21.33
  51572.863    26.113   -15.08   19.64
  51949.190    21.517   -12.21   16.08
  52325.535    14.039   -19.87    3.39
  52701.898    13.971    -0.18    2.09
  53078.279    13.559    -1.09    1.66
  53454.679    14.152     1.58    2.31
  53831.097    14.562     1.09    2.15
  54207.533    14.424    -0.37    2.25
  54583.987    13.771    -1.74    2.29
  54960.460    14.130     0.95    3.36
  55336.951    14.828     1.85    4.17
  55713.461    16.380     4.12    5.81
  56089.989    17.902     4.04    6.71
  56466.535    18.902     2.66    6.54
  56843.099    19.880     2.60    6.06
  57219.682    19.260    -1.65    5.67
  57596.283    20.721     3.88    6.22
  57972.903    21.959     3.29    6.33
  58349.540    23.493     4.07    7.01
  58726.197    26.848     8.91    7.96
  59102.871    29.875     8.04    7.98
  59479.564    34.039    11.05    7.08
  59856.275    36.778     7.27    6.28
  60233.005    38.471     4.49    5.85
  60609.753    39.698     3.26    5.06
  60986.519    40.354     1.74    4.92
  61363.304    39.604    -1.99    6.00
  61740.107    39.021    -1.55    6.78
  62116.929    37.584    -3.81    7.77
  62493.768    36.291    -3.43    7.55
  62870.627    36.912     1.65    6.99
  63247.504    38.062     3.05    6.36
  63624.399    39.471     3.74    5.89
  64001.312    42.026     6.78    6.66
  64378.244    43.018     2.63    6.00
  64755.195    43.425     1.08    6.01
  65132.164    44.107     1.81    6.70
  65509.151    42.493    -4.28    7.21
  65886.157    39.948    -6.75    8.61
  66263.181    36.685    -8.66    8.91
  66640.223    34.271    -6.40    8.31
  67017.284    31.680    -6.87    5.95
  67394.364    34.062     6.32    7.89
  67771.462    37.925    10.25    7.94
  68148.578    40.871     7.81    7.47
  68525.713    44.652    10.03    9.96
  68902.867    47.084     6.45   10.42
  69280.039    46.048    -2.75   11.43
  69657.229    44.743    -3.46   12.31
  70033.993    43.130    -4.28   13.12
  70407.552    41.721    -3.77   12.93
  70781.129    43.812     5.60   15.86
  71154.724    48.584    12.78   17.96
  71528.338    56.880    22.20   27.43
  71901.969    60.084     8.58   31.11
  72275.619    63.016     7.85   33.25
  72649.286    61.652    -3.65   29.45
  73022.972    72.084    27.92   36.88
  73396.676    92.198    53.83   47.34
  73770.398   131.971   106.43   55.22
  74144.139   171.107   104.72   65.85
  74517.897   197.925    71.76   59.82
  74891.674   212.471    38.92   50.69
  75265.469   220.721    22.07   46.33
  75639.282   223.607     7.72   49.86
  76013.113   234.493    29.12   47.34
  76386.962   247.266    34.17   41.08
  76760.830   264.671    46.56   36.27
  77134.716   283.607    50.65   43.02
  77508.620   315.004    83.98   61.69
  77882.542   341.880    71.88   66.48
  78256.482   376.448    92.45   70.73
  78630.441   416.630   107.46   62.72
  79004.418   436.652    53.54   49.73
  79378.413   471.248    92.51   72.38
  79752.426   520.539   131.80  108.66
  80126.458   617.137   258.28  140.61
  80500.507   733.192   310.29  152.69
  80874.575   860.182   339.51  144.18
  81248.662   939.789   212.82  130.64
  81622.766   981.137   110.53  126.53
  81996.889   973.604   -20.14  150.78
  82371.030   915.448  -155.45  154.91
  82745.189   856.115  -158.59  136.13
  83119.367   812.005  -117.89  115.48
  83493.563   752.198  -159.84  127.62
  83867.777   691.198  -163.02  126.13
  84242.009   655.630   -95.05  111.54
  84616.260   634.782   -55.71   96.05
  84990.529   635.357     1.54   78.17
  85364.816   645.648    27.50   85.91
  85739.121   635.285   -27.69   88.51
  86113.445   580.123  -147.38   97.45
  86487.787   545.587   -92.26   99.15
  86862.148   550.857    14.08  122.65
  87236.527   562.145    30.15  138.96
  87610.924   570.289    21.75  137.02
  87985.339   618.026   127.51  136.85
  88359.773   623.261    13.98  119.79
  88734.225   603.666   -52.33  113.52
  89108.696   537.137  -177.68  134.72
  89483.184   473.402  -170.21  122.70
  89857.692   410.797  -167.18  119.12
  90232.217   374.122   -97.93  115.76
  90606.761   392.743    49.72  113.40
  90981.323   424.590    85.03  135.96
  91355.904   519.666   253.84  164.64
  91730.503   624.875   280.88  109.50
  92105.120   632.516    20.40  102.96
  92479.756   581.130  -137.17  132.74
  92854.410   528.380  -140.81  117.43
  93229.083   479.226  -131.20   98.48
  93603.774   477.494    -4.62   98.76
  93978.483   482.731    13.98   86.29
  94353.211   502.447    52.62   81.58
  94727.957   538.337    95.78   72.33
  95102.721   578.993   108.49   49.06
  95477.504   580.737     4.65   47.45
  95852.306   576.584   -11.08   39.79
  96227.126   589.275    33.86   49.83
  96601.964   622.382    88.33   75.87
  96976.821   656.828    91.90   78.14
  97351.696   680.402    62.89   70.30
  97726.589   684.243    10.25   79.00
  98101.501   682.192    -5.47   87.10
  98476.432   657.630   -65.52  107.27
  98851.381   626.646   -82.64  121.53
  99226.348   576.675  -133.28   82.38
  99601.334   566.401   -27.40   54.19
  99976.339   607.107   108.56   79.10
 100351.361   653.782   124.47   82.98
 100726.403   670.447    44.44   84.18
 101101.463   674.084     9.70   90.09
 101476.541   655.046   -50.76   83.06
 101851.638   639.039   -42.68   67.72
 102226.753   649.401    27.63   72.54
 102601.887   657.584    21.82   70.77
 102977.039   675.789    48.53   64.33
 103352.210   697.495    57.86   71.75
 103727.399   731.221    89.90   67.61
 104102.607   753.275    58.79   56.49
 104477.834   770.789    46.68   47.88
 104853.079   812.743   111.82   49.94
 105228.342   852.448   105.81   79.11
 105603.624   906.198   143.24   96.19
 105978.925   951.397   120.45  114.31
 106354.244   974.812    62.39  111.91
 106729.582   985.521    28.53  103.97
 107104.938   966.425   -50.88   95.74
 107480.313   946.857   -52.13   70.59
 107855.706   957.607    28.64   68.36
 108231.118   990.915    88.73   75.20
 108606.549  1030.446   105.30   71.27
 108981.998  1057.380    71.75   53.97
 109357.466  1067.421    26.75   45.35
 109732.952  1044.029   -62.30   52.92
 110108.457  1038.698   -14.20   45.15
 110483.981  1039.698     2.66   43.96
 110859.523  1048.275    22.84   44.04
 111235.084  1048.324     0.13   56.77
 111610.663  1076.380    74.71   75.77
 111986.261  1089.448    34.80  107.53
 112361.878  1103.685    37.91  116.47
 112737.513  1085.584   -48.19  117.86
 113113.167  1032.289  -141.89  105.19
 113488.840   968.862  -168.85   80.31
 113864.531   920.471  -128.82   70.59
 114240.241   886.902   -89.36   75.84
 114615.969   837.607  -131.21   86.97
 114991.717   783.715  -143.44   98.73
 115367.483   729.334  -144.73   95.81
 115743.267   678.630  -134.94   60.49
 116119.070   690.166    30.70   75.18
 116494.892   743.447   141.79  122.93
 116870.733   795.582   138.73  118.35
 117246.592   828.493    87.57   85.91
 117622.470   788.204  -107.20   88.91
 117998.367   723.137  -173.12  106.29
 118374.282   667.925  -146.89   78.28
 118750.216   678.115    27.11   84.42
 119126.169   729.266   136.07   94.66
 119502.140   799.693   187.34   81.11
 119878.131   866.357   177.32   73.59
 120254.140   912.075   121.60   62.92
 120630.167   934.539    59.75   62.45
 121006.214   937.405     7.62   66.33
 121382.279   938.359     2.54   65.89
 121758.363   958.759    54.25   60.27
 122134.465   959.494     1.95   60.32
 122510.587   920.275  -104.28   91.32
 122886.727   895.613   -65.57  108.38
 123262.886   886.084   -25.34  107.55
 123639.064   913.079    71.77  124.61
 124015.260   954.221   109.37   99.77
 124391.475   964.107    26.28   73.55
 124767.709   940.709   -62.20   85.86
 125143.962   877.666  -167.57  121.34
 125520.234   793.726  -223.11  123.63
 125896.524   710.293  -221.75  100.09
 126272.834   646.402  -169.80   85.35
 126649.162   601.425  -119.53   78.90
 127025.508   554.993  -123.39   71.32
 127401.874   522.396   -86.62   59.92
 127778.259   501.826   -54.66   63.06
 128154.662   484.657   -45.62   75.76
 128531.084   456.016   -76.10   75.43
 128907.525   427.812   -74.93   76.64
 129283.985   396.373   -83.52   54.48
 129660.464   383.902   -33.13   41.01
 130036.961   384.739     2.22   59.06
 130413.477   399.248    38.54   93.93
 130790.013   401.221     5.24  117.47
 131166.567   379.075   -58.82  143.30
 131543.140   331.893  -125.31  140.24
 131919.732   265.346  -176.73   96.55
 132296.342   256.652   -23.09   78.86
 132672.972   259.052     6.37   81.35
 133049.620   279.693    54.81   93.39
 133426.288   295.312    41.47  100.72
 133802.974   293.959    -3.59  112.31
 134179.679   270.130   -63.26  102.50
 134556.403   277.617    19.88  112.55
 134933.146   287.221    25.49  109.62
 135309.908   333.804   123.66  110.26
 135686.689   369.062    93.59  108.52
 136063.489   391.471    59.48  102.05
 136440.308   412.780    56.56   97.18
 136817.145   408.004   -12.68   99.20
 137194.002   391.587   -43.57   99.03
 137570.877   345.848  -121.38  106.15
 137947.772   279.648  -175.67  109.89
 138324.685   215.579  -170.00   88.05
 138701.617   186.402   -77.42   60.70
 139078.569   193.721    19.42   73.27
 139455.539   216.426    60.24   84.35
 139832.528   225.516    24.11   83.64
 140209.537   206.380   -50.76   78.26
 140586.564   188.721   -46.84   72.09
 140963.610   167.471   -56.37   54.86
 141340.675   144.243   -61.61   43.68
 141717.760   131.993   -32.49   32.66
 142094.863   129.516    -6.57   31.53
 142471.985   148.271    49.74   60.60
 142849.126   178.185    79.33   72.45
 143226.287   194.721    43.85   68.82
 143603.466   191.623    -8.21   69.31
 143980.664   173.315   -48.54   61.35
 144357.882   153.285   -53.11   43.15
 144735.118   157.401    10.91   47.92
 145111.565   152.026   -14.28   38.16
 145485.063   158.923    18.47   30.34
 145858.580   160.427     4.03   28.40
 146232.115   165.652    13.99   32.18
 146605.669   177.130    30.73   33.30
 146979.242   170.780   -17.00   36.81
 147352.834   179.331    22.89   36.10
 147726.444   203.204    63.91   49.77
 148100.072   226.080    61.24   53.69
 148473.720   265.188   104.68   60.05
 148847.386   315.630   135.01   76.39
 149221.071   335.871    54.17   69.00
 149594.774   346.192    27.62   57.60
 149968.496   328.902   -46.27   64.24
 150342.237   303.130   -68.97   71.79
 150715.997   268.771   -91.94   66.94
 151089.775   250.382   -49.20   58.70
 151463.572   225.982   -65.28   58.96
 151837.388   203.698   -59.62   60.82
 152211.222   174.539   -78.01   58.36
 152585.075   149.402   -67.25   47.19
 152958.947   125.448   -64.08   22.65
 153332.838   119.321   -16.39   15.24
 153706.748   126.159    18.29   25.27
 154080.676   133.517    19.68   28.40
 154454.623   138.626    13.66   28.75
 154828.588   142.182     9.51   25.92
 155202.573   138.016   -11.14   27.70
 155576.576   118.493   -52.21   29.76
 155950.598   103.296   -40.64   25.43
 156324.639    87.062   -43.41   19.63
 156698.698    74.280   -34.17    9.54
 157072.777    68.826   -14.58    7.71
 157446.874    64.537   -11.47    3.31
 157820.990    63.029    -4.03    1.68
 158195.125    62.789    -0.64    1.41
 158569.278    62.446    -0.92    1.68
 158943.450    61.198    -3.34    3.31
 159317.642    60.804    -1.05    3.54
 159691.852    62.871     5.52    7.39
 160066.080    67.715    12.95   10.06
 160440.328    75.587    21.04   11.38
 160814.595    88.016    33.21   21.60
 161188.880    97.421    25.13   20.74
 161563.184   107.812    27.76   20.78
 161937.507   117.732    26.51   17.52
 162311.849   122.404    12.48   19.17
 162686.210   128.425    16.09   19.94
 163060.589   130.610     5.84   21.28
 163434.988   132.159     4.14   20.23
 163809.405   131.896    -0.70   19.73
 164183.841   131.539    -0.95   18.98
 164558.296   132.300     2.03   18.18
 164932.770   141.630    24.92   26.83
 165307.263   146.652    13.41   38.65
 165681.775   151.357    12.56   47.06
 166056.306   142.759   -22.96   48.27
 166430.855   127.996   -39.42   36.38
 166805.424   123.584   -11.78   23.15
 167180.011   131.401    20.87   23.21
 167554.617   142.304    29.11   21.83
 167929.243   160.871    49.57   28.96
 168303.887   175.471    38.98   29.34
 168678.550   187.688    32.61   35.44
 169053.232   190.934     8.66   37.64
 169427.933   175.471   -41.28   45.56
 169802.653   152.703   -60.77   49.60
 170177.392   132.773   -53.19   42.27
 170552.150   114.315   -49.26   32.23
 170926.927   105.818   -22.67   31.56
 171301.722   100.645   -13.81   30.51
 171676.537    99.804    -2.24   27.11
 172051.371    95.115   -12.51   23.42
 172426.224   101.152    16.11   26.86
 172801.095   113.902    34.02   30.30
 173175.986   124.004    26.95   27.29
 173550.896   131.514    20.04   27.24
 173925.824   135.789    11.40   26.83
 174300.772   129.289   -17.34   24.98
 174675.739   116.759   -33.42   27.29
 175050.725   109.084   -20.47   21.74
 175425.729   110.221     3.03   20.16
 175800.753   117.893    20.46   23.57
 176175.796   121.675    10.09   20.96
 176550.858   108.959   -33.91   28.48
 176925.939    95.253   -36.55   29.20
 177301.039    80.789   -38.57   21.80
 177676.158    69.093   -31.18   14.64
 178051.296    62.948   -16.38   12.10
 178426.453    58.449   -11.99    8.43
 178801.629    55.448    -8.00    1.44
 179176.824    56.048     1.60    1.83
 179552.038    56.036    -0.03    2.00
 179927.272    55.493    -1.45    2.54
 180302.524    58.293     7.46   10.22
 180677.796    64.866    17.52   19.34
 181053.086    73.101    21.95   22.44
 181428.396    82.750    25.71   24.32
 181803.725    87.515    12.70   18.80
 182179.073    92.405    13.03   14.48
 182554.440    91.982    -1.13   11.02
 182929.826    90.715    -3.37   11.55
 183305.231    86.471   -11.31   12.14
 183680.656    76.558   -26.41    9.57
 184056.099    69.709   -18.25    7.16
 184431.562    66.937    -7.38    6.07
 184807.044    65.993    -2.51    5.09
 185182.545    68.293     6.12    6.07
 185558.065    72.062    10.04    6.25
 185933.604    76.396    11.54    5.60
 186309.163    79.630     8.61    5.09
 186684.740    79.637     0.02    5.36
 187060.337    78.248    -3.70    6.58
 187435.953    74.248   -10.65    7.19
 187811.588    71.145    -8.26    6.65
 188187.243    69.402    -4.64    5.95
 188562.916    70.300     2.39    6.99
 188938.609    74.130    10.20    5.64
 189314.321    76.354     5.92    5.24
 189690.052    77.248     2.38    4.59
 190065.802    76.293    -2.54    5.49
 190441.572    73.828    -6.56    7.08
 190817.360    71.334    -6.64    7.60
 191193.168    67.593    -9.96    7.72
 191568.996    66.084    -4.01    7.65
 191944.842    63.675    -6.41    7.04
 192320.708    62.084    -4.23    5.77
 192696.593    60.340    -4.64    5.00
 193072.497    59.251    -2.90    4.94
 193448.420    59.093    -0.42    5.68
 193824.363    61.328     5.95    7.89
 194200.325    62.334     2.68    8.25
 194576.306    63.315     2.61    8.33
 194952.306    63.862     1.45    7.76
 195328.326    62.804    -2.81    7.02
 195704.365    63.542     1.96    6.57
 196080.423    60.159    -9.00    7.77
 196456.501    55.261   -13.03    6.63
 196832.598    51.789    -9.23    5.94
 197208.714    46.982   -12.78    6.01
 197584.850    43.253    -9.91    6.34
 197961.004    39.782    -9.23    4.90
 198337.179    38.159    -4.31    3.38
 198713.372    37.048    -2.95    3.14
 199089.585    36.848    -0.53    2.93
 199465.817    36.243    -1.61    2.24
 199842.068    35.937    -0.81    1.46
 200218.339    35.584    -0.94    1.47
 200594.629    35.982     1.06    2.23
 200970.939    37.427     3.84    4.58
 201347.268    39.515     5.55    5.86
 201723.616    42.648     8.33    6.42
 202099.983    43.866     3.24    5.82
 202476.370    43.514    -0.94    5.15
 202852.777    40.866    -7.04    5.22
 203229.202    40.759    -0.28    4.98
 203605.647    41.584     2.19    5.68
 203982.112    44.645     8.13    6.56
 204358.596    47.982     8.87    3.93
 204735.099    47.763    -0.58    4.61
 205111.622    44.959    -7.45    5.74
 205488.164    40.448   -11.98    4.94
 205864.725    36.721    -9.90    4.90
 206241.306    33.515    -8.51    3.40
 206617.906    31.994    -4.04    2.24
 206994.526    33.334     3.56    4.30
 207371.165    35.071     4.61    4.91
 207747.824    37.804     7.26    4.76
 208124.502    41.130     8.83    4.10
 208501.200    42.626     3.97    4.12
 208877.917    43.404     2.07    3.82
 209254.653    43.885     1.28    3.63
 209631.409    43.062    -2.19    3.74
 210008.184    41.494    -4.16    4.21
 210384.979    39.425    -5.49    4.75
 210761.793    35.782    -9.67    5.20
 211138.627    32.448    -8.85    4.82
 211515.480    29.623    -7.50    4.23
 211892.353    27.324    -6.10    1.85
 212269.245    26.426    -2.38    1.07
 212646.157    26.652     0.60    1.56
 213023.089    27.210     1.48    2.68
 213400.039    27.804     1.58    3.32
 213777.010    29.152     3.58    4.23
 214153.999    29.145    -0.02    4.20
 214531.009    29.766     1.65    4.10
 214908.038    32.604     7.53    5.38
 215285.086    34.857     5.98    5.07
 215662.154    35.604     1.98    4.41
 216039.242    34.493    -2.95    4.78
 216416.349    31.471    -8.02    3.80
 216793.475    29.359    -5.60    3.12
 217170.622    27.902    -3.86    1.93
 217547.787    29.029     2.99    3.79
 217924.973    31.537     6.65    5.42
 218302.178    35.099     9.44    5.76
 218679.402    38.101     7.96    4.80
 219056.646    39.710     4.27    4.78
 219433.910    41.137     3.78    4.82
 219811.193    41.271     0.35    5.21
 220187.333    41.542     0.72    5.06
 220560.773    41.715     0.46    5.18
 220934.232    41.447    -0.72    4.58
 221307.710    42.731     3.44    4.13
 221681.207    44.675     5.21    4.08
 222054.724    47.137     6.59    4.75
 222428.259    50.062     7.83    3.99
 222801.814    51.161     2.94    3.34
 223175.388    50.743    -1.12    3.93
 223548.982    49.496    -3.34    4.29
 223922.594    48.337    -3.10    4.04
 224296.226    47.812    -1.41    3.96
 224669.877    46.743    -2.86    3.73
 225043.548    46.671    -0.19    3.52
