# NaN NaN NaN ;Mean Elev.(m), Avg Gradient(m/km), RMS Gradient(m/km) - SRTM1     
#    6.715  -0.090   3.478 ;Mean Elev.(m), Avg Gradient(m/km), RMS Gradient(m/km) - ASTER GDEM
#   17.756   0.191   2.461 ;Mean Elev.(m), Avg Gradient(m/km), RMS Gradient(m/km) - GMTED2010 
  8    27.054 52499.11290927 23.61 114.461701  30.680213 18.087
  8    27.391 52499.11290992 31.48 114.460801  30.676933 18.087
 10    24.279 52569.11292461 17.87 114.466039  30.683890 23.391
 10    24.973 52569.11292526 18.07 114.465139  30.680600 23.391
 10    23.730 52569.11292590 23.32 114.464238  30.677322 18.612
 11    21.733 52604.11291119 19.32 114.458757  30.682030 17.187
 11    27.091 52604.11291183 16.87 114.457857  30.678740 17.187
 11    27.246 52604.11291248 18.11 114.456957  30.675460 17.187
 12    21.139 52639.11289070 24.87 114.463300  30.680563 20.238
 12    23.262 52639.11289135 22.07 114.462400  30.677273 20.238
 13    13.637 52674.11288751 25.79 114.460849  30.680699 19.292
 13    13.917 52674.11288816 24.46 114.459949  30.677409 19.292
 13    26.942 52674.11288880 23.43 114.459049  30.674129 19.292
 14    21.912 52709.11290028 21.89 114.465204  30.683960 19.013
 14    23.046 52709.11290092 19.57 114.464304  30.680670 19.013
 14    24.002 52709.11290157 22.79 114.463404  30.677380 19.013
 15    22.296 52744.11293073 25.55 114.454819  30.679846 15.669
 15    26.640 52744.11293138 19.38 114.453919  30.676556 15.669
 15    26.656 52744.11293202 24.17 114.453019  30.673276 15.669
 17    26.748 52814.11294967 19.18 114.463226  30.681411 19.323
 17    27.124 52814.11295032 20.03 114.462326  30.678121 19.323
 17    27.609 52814.11295096 23.36 114.461426  30.674841 19.323
 18    23.135 52849.11300267 30.00 114.465099  30.681362 23.681
 18    23.691 52849.11300332 25.68 114.464199  30.678072 23.681
 19    22.409 52884.11303840 19.82 114.459409  30.681794 18.105
 19    27.202 52884.11303905 17.38 114.458509  30.678504 18.105
 19    23.307 52884.11303969 19.55 114.457609  30.675214 18.105
 20    18.566 52919.11299500 26.67 114.461317  30.680899 20.538
 20    19.214 52919.11299565 25.48 114.460417  30.677609 20.538
 20    22.708 52919.11299629 24.99 114.459527  30.674319 20.538
 21    21.079 52954.11295694 21.02 114.472561  30.685487 21.545
 21    23.729 52954.11295759 18.26 114.471661  30.682207 21.545
 21    24.693 52954.11295823 20.31 114.470761  30.678917 21.545
 22    13.132 52989.11296518 28.75 114.473747  30.685056 26.266
 22    13.153 52989.11296583 23.57 114.472847  30.681776 26.266
 22    23.922 52989.11296647 21.26 114.471947  30.678486 26.266
 23    20.857 53024.11295058 22.10 114.468249  30.682429 24.654
 23    25.268 53024.11295122 17.97 114.467349  30.679139 24.654
 24    11.347 53059.11294669 26.09 114.473524  30.685015 25.905
 24    11.305 53059.11294733 23.74 114.472624  30.681735 25.905
 24    23.709 53059.11294798 21.06 114.471724  30.678445 25.905
 25    26.787 53094.11298607 15.17 114.452462  30.679620 14.798
 25    28.007 53094.11298671 15.74 114.451562  30.676330 14.798
 25    28.999 53094.11298736 16.38 114.450672  30.673050 14.798
 26    23.423 53129.11295618 19.98 114.471034  30.683509 20.667
 26    24.595 53129.11295683 19.58 114.470134  30.680229 20.667
 26    24.018 53129.11295747 28.74 114.469234  30.676939 20.667
 28    21.984 53199.11302542 21.25 114.464070  30.683110 20.825
 28    27.291 53199.11302606 18.49 114.463170  30.679820 20.825
 28    27.633 53199.11302670 20.16 114.462270  30.676530 20.825
 29    21.678 53234.11299492 30.89 114.471377  30.685295 26.552
 29    23.689 53234.11299556 17.95 114.470477  30.682005 26.552
 29    23.538 53234.11299621 24.34 114.469577  30.678725 26.552
 30    22.093 53269.11296308 25.13 114.457744  30.681546 14.561
 30    27.060 53269.11296373 19.52 114.456844  30.678266 14.561
 30    27.354 53269.11296437 20.02 114.455944  30.674976 14.561
 31    21.350 53304.11302410 19.61 114.456740  30.679335 10.810
 31    26.316 53304.11302475 17.57 114.455840  30.676045 10.810
 31    25.814 53304.11302539 21.00 114.454940  30.672755 10.810
 32    20.498 53339.11299255 21.48 114.460942  30.681655 23.909
 32    21.612 53339.11299320 20.28 114.460042  30.678375 23.909
 32    27.407 53339.11299384 17.22 114.459152  30.675085 23.909
 33    27.046 53374.11292481 16.28 114.461622  30.681308 18.122
 33    27.388 53374.11292546 16.33 114.460722  30.678018 18.122
 33    27.725 53374.11292610 17.51 114.459822  30.674738 18.122
 35    27.318 53444.11295006 17.84 114.459023  30.681343 16.099
 35    27.527 53444.11295070 19.64 114.458123  30.678063 16.099
 35    28.222 53444.11295135 18.33 114.457233  30.674773 16.099
 36    26.991 53479.11302721 20.10 114.458934  30.682043 15.170
 36    27.346 53479.11302785 18.76 114.458034  30.678753 15.170
 36    27.594 53479.11302850 19.91 114.457134  30.675473 15.170
 37    21.059 53514.11303510 22.15 114.462893  30.681997 14.897
 37    26.931 53514.11303574 21.70 114.461993  30.678707 14.897
 37    27.661 53514.11303639 21.70 114.461093  30.675427 14.897
 38    22.412 53549.11305425 28.54 114.456654  30.681694 15.204
 38    26.328 53549.11305489 24.04 114.455754  30.678404 15.204
 38    27.327 53549.11305554 21.46 114.454864  30.675114 15.204
 38    27.105 53549.11305618 32.01 114.453964  30.671834 15.204
 39    21.216 53584.11301785 19.34 114.463138  30.682846 13.545
 39    27.080 53584.11301849 19.03 114.462238  30.679566 13.545
 39    27.510 53584.11301914 18.85 114.461338  30.676276 13.545
 40    23.512 53619.11297515 29.00 114.455019  30.679272 19.201
 40    27.032 53619.11297580 23.96 114.454119  30.675982 19.201
 40    26.931 53619.11297644 28.24 114.453229  30.672702 19.201
 41    21.666 53654.11299929 18.31 114.463700  30.681033 23.204
 41    22.539 53654.11299993 17.26 114.462800  30.677743 23.204
 42    27.290 53689.11299618 18.98 114.459103  30.680783 16.364
 42    27.698 53689.11299683 19.79 114.458203  30.677503 16.364
 42    27.696 53689.11299747 22.64 114.457303  30.674213 16.364
 43    21.084 53724.11292036 15.38 114.461732  30.682532 21.616
 43    27.235 53724.11292101 14.94 114.460832  30.679242 21.616
 43    27.488 53724.11292165 15.74 114.459932  30.675962 21.616
 44    12.619 53759.11286054 25.07 114.473909  30.683470 25.632
 44    12.552 53759.11286119 22.62 114.473009  30.680180 25.632
 45    26.964 53794.11288097 18.26 114.465541  30.682591 16.386
 45    27.323 53794.11288161 19.49 114.464641  30.679301 16.386
 45    27.945 53794.11288226 21.87 114.463751  30.676021 16.386
 46    20.902 53829.11285429 19.38 114.471375  30.684048 16.610
 46    21.671 53829.11285493 17.46 114.470475  30.680758 16.610
 46    24.704 53829.11285557 16.98 114.469575  30.677478 16.610
 47    27.229 53864.11293583 20.74 114.462047  30.681745 14.822
 47    27.767 53864.11293647 23.59 114.461147  30.678465 14.822
 47    27.831 53864.11293712 28.00 114.460247  30.675175 14.822
 48    18.921 53899.11296011 31.12 114.464209  30.683673 19.744
 48    18.476 53899.11296076 28.91 114.463309  30.680383 19.744
 48    17.466 53899.11296140 28.64 114.462409  30.677093 19.744
 49    26.369 53934.11300547 19.12 114.452640  30.680757 14.400
 49    27.296 53934.11300611 19.28 114.451740  30.677477 14.400
 49    27.525 53934.11300676 19.38 114.450840  30.674187 14.400
 49    27.803 53934.11300740 22.53 114.449940  30.670907 14.400
 50    20.766 53969.11297652 19.65 114.455944  30.680825 10.462
 50    27.173 53969.11297716 16.39 114.455054  30.677535 10.462
 50    27.304 53969.11297781 20.53 114.454154  30.674255 10.462
 51    13.846 54004.11294790 24.89 114.470253  30.682639 20.999
 51    12.858 54004.11294854 23.45 114.469353  30.679359 20.999
 52    14.512 54039.11298165 23.27 114.468032  30.682543 20.125
 52    15.021 54039.11298229 21.12 114.467132  30.679253 20.125
 53    13.454 54074.11297655 21.15 114.463333  30.681678 17.886
 53    20.989 54074.11297719 19.60 114.462433  30.678398 17.886
 53    27.614 54074.11297783 17.59 114.461533  30.675108 17.886
 54    26.646 54109.11292270 18.61 114.456939  30.679548 14.936
 54    27.520 54109.11292335 17.88 114.456049  30.676268 14.936
 54    27.565 54109.11292399 21.78 114.455149  30.672978 14.936
 55    26.971 54144.11291334 20.17 114.465194  30.682984  8.976
 55    28.624 54144.11291399 20.52 114.464294  30.679704  8.976
 55    27.793 54144.11291463 25.19 114.463394  30.676414  8.976
 57    12.670 54214.11292084 22.70 114.463921  30.683324 19.663
 57    27.493 54214.11292149 15.97 114.463021  30.680044 19.663
 57    27.890 54214.11292213 18.91 114.462121  30.676754 19.663
 58    13.980 54249.11294881 23.90 114.463354  30.682247 19.500
 58    12.522 54249.11294945 23.80 114.462454  30.678957 19.500
 58    25.939 54249.11295010 20.93 114.461554  30.675667 19.500
 59    27.058 54284.11295738 18.71 114.463315  30.680808 13.753
 59    27.666 54284.11295803 20.17 114.462415  30.677518 13.753
 60    23.666 54319.11295454 34.44 114.464367  30.682594 24.053
 60    23.488 54319.11295518 31.41 114.463467  30.679314 24.053
 60    23.305 54319.11295582 28.44 114.462567  30.676024 24.053
 61    22.112 54354.11291838 19.95 114.461160  30.681509 17.838
 61    27.037 54354.11291903 19.75 114.460260  30.678229 17.838
 61    27.316 54354.11291967 19.98 114.459360  30.674939 17.838
 62    15.971 54389.11289451 31.75 114.465148  30.684011 18.156
 62    15.371 54389.11289516 30.17 114.464248  30.680731 18.156
 62    14.675 54389.11289580 28.81 114.463348  30.677441 18.156
 63    19.992 54424.11286861 20.03 114.461352  30.680939 19.467
 63    27.743 54424.11286925 17.18 114.460452  30.677659 19.467
 63    28.071 54424.11286990 18.19 114.459552  30.674369 19.467
 64    11.208 54459.11287004 21.72 114.466710  30.681850 21.684
 64    27.515 54459.11287068 16.84 114.465810  30.678560 21.684
 65    12.010 54494.11287257 48.30 114.463018  30.683439 20.157
 65    11.905 54494.11287321 46.76 114.462118  30.680159 20.157
 65    11.846 54494.11287386 38.29 114.461218  30.676869 20.157
 66    19.753 54529.11288273 20.09 114.466961  30.682499 20.139
 66    25.233 54529.11288337 16.85 114.466071  30.679219 20.139
 67    27.351 54564.11287993 19.85 114.459698  30.680499 19.585
 67    27.572 54564.11288058 24.36 114.458808  30.677209 19.585
 67    29.269 54564.11288122 23.19 114.457908  30.673929 19.585
 68    16.155 54599.11287810 25.38 114.463637  30.682410 21.124
 68    16.389 54599.11287874 23.94 114.462737  30.679120 21.124
 68    27.990 54599.11287939 23.40 114.461847  30.675840 21.124
 69    27.710 54634.11289154 17.93 114.461500  30.680486 14.817
 69    28.833 54634.11289219 18.44 114.460610  30.677206 14.817
 70    26.755 54669.11289576 19.32 114.461692  30.682930 19.517
 70    27.698 54669.11289641 18.13 114.460802  30.679640 19.517
 70    27.918 54669.11289705 20.73 114.459902  30.676360 19.517
 71    21.507 54704.11286009 24.54 114.462037  30.680828 21.393
 71    26.812 54704.11286073 21.86 114.461137  30.677538 21.393
 71    27.478 54704.11286137 23.69 114.460247  30.674248 21.393
 72    19.478 54739.11285832 24.99 114.465299  30.681726 18.249
 72    21.267 54739.11285897 24.48 114.464409  30.678446 18.249
 73    26.741 54774.11284127 17.99 114.463101  30.682973 17.976
 73    27.252 54774.11284192 17.62 114.462211  30.679683 17.976
 73    28.575 54774.11284256 18.66 114.461311  30.676403 17.976
 74    26.489 54809.11285167 17.10 114.465461  30.681825 20.442
 74    27.279 54809.11285231 16.39 114.464561  30.678545 20.442
 75    20.591 54844.11283930 21.41 114.462118  30.681864 17.120
 75    21.662 54844.11283994 19.43 114.461218  30.678574 17.120
 75    27.449 54844.11284059 18.46 114.460328  30.675294 17.120
 76    24.843 54879.11285523 20.48 114.462901  30.682414 24.415
 76    27.462 54879.11285588 19.11 114.462011  30.679124 24.415
 76    27.715 54879.11285652 18.65 114.461111  30.675844 24.415
 77    26.788 54914.11284351 19.69 114.458564  30.681746 17.714
 77    27.329 54914.11284416 18.11 114.457674  30.678456 17.714
 77    27.617 54914.11284480 22.29 114.456774  30.675176 17.714
 78    26.600 54949.11284695 18.09 114.462665  30.681816 21.969
 78    27.480 54949.11284760 17.73 114.461765  30.678526 21.969
 78    27.799 54949.11284824 19.04 114.460865  30.675246 21.969
 79    26.820 54984.11287251 22.81 114.461516  30.681239 22.451
 79    27.508 54984.11287316 22.70 114.460616  30.677959 22.451
 79    27.729 54984.11287380 24.76 114.459716  30.674669 22.451
 80    22.066 55019.11286880 24.08 114.463809  30.682264 21.695
 80    23.979 55019.11286945 22.58 114.462919  30.678974 21.695
 80    27.631 55019.11287009 20.67 114.462019  30.675694 21.695
 81    22.069 55054.11286487 22.82 114.463073  30.680676 19.158
 81    26.901 55054.11286552 21.13 114.462173  30.677386 19.158
 82    22.170 55089.11282570 20.64 114.459730  30.682348 20.196
 82    26.432 55089.11282634 17.25 114.458830  30.679058 20.196
 82    27.713 55089.11282699 16.47 114.457940  30.675768 20.196
 83    12.620 55124.11280169 27.86 114.465841  30.683620 24.723
 83    11.908 55124.11280234 26.01 114.464951  30.680340 24.723
 83    11.045 55124.11280298 25.51 114.464051  30.677050 24.723
 84    21.604 55159.11278718 20.43 114.459968  30.680043 20.466
 84    27.597 55159.11278782 17.07 114.459078  30.676753 20.466
 84    28.031 55159.11278847 18.30 114.458178  30.673473 20.466
 85    11.726 55194.11279133 22.77 114.466168  30.684148 23.485
 85    21.138 55194.11279197 18.95 114.465268  30.680858 23.485
 85    27.252 55194.11279262 16.98 114.464368  30.677578 23.485
 87    26.426 55264.11278695 18.09 114.464758  30.683285 17.064
 87    27.342 55264.11278760 17.82 114.463868  30.680005 17.064
 87    27.460 55264.11278824 20.19 114.462968  30.676715 17.064
 88    27.237 55299.11277173 16.84 114.460912  30.680775 12.176
 88    28.240 55299.11277237 17.38 114.460012  30.677495 12.176
 88    27.891 55299.11277302 20.44 114.459122  30.674205 12.176
 89    26.396 55334.11276489 24.21 114.461322  30.681338 17.650
 89    27.371 55334.11276553 23.65 114.460432  30.678048 17.650
 89    27.743 55334.11276618 26.22 114.459532  30.674768 17.650
 90    21.313 55369.11275607 27.78 114.463322  30.682758 19.053
 90    20.821 55369.11275671 27.33 114.462422  30.679468 19.053
 90    27.326 55369.11275735 26.16 114.461532  30.676188 19.053
 91    24.715 55404.11277249 28.82 114.465852  30.682168 18.243
 91    24.853 55404.11277313 27.46 114.464952  30.678878 18.243
 92    21.386 55439.11277392 30.94 114.463791  30.683424 15.073
 92    20.886 55439.11277456 29.09 114.462901  30.680134 15.073
 92    20.048 55439.11277520 27.96 114.462001  30.676844 15.073
 93    26.936 55474.11272150 18.50 114.460551  30.680758 21.689
 93    27.357 55474.11272215 18.53 114.459661  30.677468 21.689
 93    27.802 55474.11272279 21.41 114.458761  30.674178 21.689
