# NaN NaN NaN ;Mean Elev.(m), Avg Gradient(m/km), RMS Gradient(m/km) - SRTM1     
#    5.472  -3.148  18.717 ;Mean Elev.(m), Avg Gradient(m/km), RMS Gradient(m/km) - ASTER GDEM
#    7.529  -3.192  18.662 ;Mean Elev.(m), Avg Gradient(m/km), RMS Gradient(m/km) - GMTED2010 
  8    15.600 52499.57891002 19.54 116.662334  30.016343 16.355
  8    14.998 52499.57891067 18.63 116.661444  30.019623 16.355
  8    14.879 52499.57891131 16.36 116.660554  30.022913 16.355
  8    14.947 52499.57891196 18.38 116.659664  30.026203 16.355
  8    15.232 52499.57891260 20.37 116.658784  30.029483 16.355
  8    15.210 52499.57891325 22.69 116.657894  30.032773 16.355
  8    15.543 52499.57891389 29.93 116.657004  30.036063 16.355
  9    15.332 52534.57889609 20.35 116.654834  30.007882 24.487
  9    15.304 52534.57889674 17.72 116.653944  30.011162 24.487
  9    15.006 52534.57889738 17.87 116.653054  30.014452 24.487
  9    14.989 52534.57889803 19.20 116.652164  30.017742 24.487
  9    15.349 52534.57889867 21.96 116.651274  30.021022 24.487
  9    13.214 52534.57889931 24.88 116.650383  30.024315 31.509
 10    14.943 52569.57892665 20.72 116.659920  30.013666 17.120
 10    16.760 52569.57892730 15.20 116.659030  30.016956 17.120
 10    13.888 52569.57892794 15.45 116.658140  30.020236 17.120
 10    12.473 52569.57892858 17.56 116.657240  30.023526 17.120
 10    12.189 52569.57892923 21.50 116.656350  30.026816 17.120
 10    12.457 52569.57892987 22.75 116.655470  30.030096 17.120
 10    13.847 52569.57893052 24.12 116.654580  30.033386 17.120
 11    10.732 52604.57890871 19.57 116.660213  30.016738 13.392
 11     9.441 52604.57890936 22.13 116.659323  30.020028 13.392
 11    11.934 52604.57891000 20.47 116.658443  30.023308 13.392
 11    11.935 52604.57891065 21.95 116.657553  30.026598 13.392
 11    12.034 52604.57891129 22.78 116.656663  30.029888 13.392
 11    13.551 52604.57891194 24.74 116.655773  30.033168 13.392
 12    15.869 52639.57888952 26.17 116.657079  30.008722 14.750
 12    16.832 52639.57889016 18.42 116.656189  30.012002 14.750
 12    15.451 52639.57889081 16.11 116.655299  30.015292 14.750
 12    13.378 52639.57889145 18.65 116.654409  30.018582 14.750
 12    12.687 52639.57889210 24.14 116.653519  30.021862 14.750
 12    12.729 52639.57889274 28.83 116.652632  30.025155 24.085
 13    16.828 52674.57888633 15.94 116.661047  30.017685 15.509
 13    16.190 52674.57888697 16.23 116.660157  30.020965 15.509
 13    12.123 52674.57888762 18.34 116.659267  30.024255 15.509
 13    12.310 52674.57888826 19.31 116.658377  30.027545 15.509
 13    12.491 52674.57888891 22.58 116.657487  30.030825 15.509
 13    12.755 52674.57888955 25.57 116.656597  30.034115 15.509
 14    16.835 52709.57890232 19.38 116.657589  30.014045 17.773
 14    15.549 52709.57890296 18.52 116.656696  30.017341 28.615
 14    12.814 52709.57890361 19.55 116.655806  30.020621 28.615
 14    12.427 52709.57890425 25.96 116.654916  30.023911 28.615
 14    12.413 52709.57890490 28.81 116.654026  30.027201 28.615
 14    12.537 52709.57890554 31.49 116.653136  30.030481 28.615
 16    15.831 52779.57886618 23.27 116.656306  30.009743 15.666
 16    15.411 52779.57886683 22.70 116.655416  30.013023 15.666
 16    13.955 52779.57886747 22.52 116.654526  30.016313 15.666
 16    13.631 52779.57886812 22.59 116.653636  30.019603 15.666
 16    12.864 52779.57886876 25.99 116.652746  30.022883 15.666
 16    12.759 52779.57886941 31.76 116.651857  30.026177 29.721
 17    13.967 52814.57894978 22.42 116.655056  30.009493 20.669
 17    13.661 52814.57895042 23.63 116.654166  30.012783 20.669
 17    12.565 52814.57895107 24.39 116.653276  30.016063 20.669
 17    12.675 52814.57895171 25.79 116.652389  30.019357 35.712
 17    12.866 52814.57895236 29.48 116.651499  30.022637 35.712
 18    16.145 52849.57900278 29.66 116.658219  30.011795 19.781
 18    15.970 52849.57900342 26.89 116.657319  30.015085 19.781
 18    15.722 52849.57900407 26.53 116.656429  30.018375 19.781
 18    15.834 52849.57900471 26.09 116.655539  30.021655 19.781
 18    15.898 52849.57900536 27.34 116.654653  30.024949 31.918
 18    15.999 52849.57900600 28.95 116.653763  30.028229 31.918
 19    14.941 52884.57903786 18.40 116.657977  30.010521 13.676
 19    14.749 52884.57903851 15.64 116.657087  30.013801 13.676
 19    14.041 52884.57903915 15.28 116.656197  30.017091 13.676
 19    13.522 52884.57903980 15.84 116.655307  30.020381 13.676
 19    12.366 52884.57904044 19.29 116.654417  30.023661 13.676
 19    12.323 52884.57904109 23.92 116.653527  30.026956 27.550
 20    13.839 52919.57899511 18.31 116.662503  30.016683 16.766
 20    13.213 52919.57899575 17.18 116.661613  30.019973 16.766
 20    12.553 52919.57899640 18.38 116.660723  30.023263 16.766
 20    12.442 52919.57899704 19.51 116.659833  30.026543 16.766
 20    12.590 52919.57899769 19.87 116.658938  30.029839 28.458
 20    12.717 52919.57899833 22.98 116.658048  30.033119 28.458
 20    12.891 52919.57899898 26.16 116.657168  30.036409 28.458
 21    14.079 52954.57895834 17.13 116.661990  30.016067 13.384
 21     8.057 52954.57895899 17.28 116.661100  30.019357 13.384
 21    11.410 52954.57895963 17.19 116.660210  30.022637 13.384
 21    11.738 52954.57896027 17.30 116.659322  30.025930 20.185
 21    11.762 52954.57896092 18.40 116.658432  30.029210 20.185
 21     7.739 52954.57896156 32.76 116.657542  30.032500 20.185
 21     8.044 52954.57896221 33.51 116.656652  30.035790 20.185
 22    13.367 52989.57896851 17.15 116.667252  30.018727 19.952
 22    12.583 52989.57896916 16.47 116.666362  30.022007 19.952
 22    10.714 52989.57896980 16.21 116.665472  30.025297 19.952
 22    10.827 52989.57897045 16.14 116.664582  30.028587 19.952
 22    11.072 52989.57897109 17.59 116.663692  30.031867 19.952
 22    11.395 52989.57897174 18.29 116.662802  30.035157 19.952
 24    12.732 53059.57894744 19.07 116.667067  30.019142  9.605
 24     4.749 53059.57894808 19.84 116.666177  30.022432  9.605
 24     4.688 53059.57894873 22.44 116.665287  30.025712  9.605
 24     4.702 53059.57894937 23.33 116.664397  30.029002  9.605
 24     4.829 53059.57895002 25.56 116.663507  30.032292  9.605
 24     5.112 53059.57895066 30.15 116.662617  30.035572  9.605
 25    14.730 53094.57898360 12.70 116.657137  30.011170 14.202
 25    12.126 53094.57898424 13.41 116.656247  30.014460 14.202
 25    12.162 53094.57898489 15.09 116.655357  30.017740 14.202
 25    12.442 53094.57898553 14.55 116.654467  30.021030 14.202
 25    12.417 53094.57898617 19.81 116.653577  30.024320 14.202
 25    12.305 53094.57898682 22.95 116.652687  30.027600 14.202
 26    17.066 53129.57895693 16.50 116.662911  30.018407 13.300
 26    13.468 53129.57895758 15.40 116.662021  30.021697 13.300
 26    13.010 53129.57895822 17.69 116.661131  30.024977 13.300
 26    12.207 53129.57895887 17.92 116.660241  30.028267 13.300
 26    12.538 53129.57895951 19.85 116.659351  30.031557 13.300
 26    12.870 53129.57896016 25.00 116.658461  30.034837 13.300
 28    15.257 53199.57902681 25.98 116.659532  30.015935 16.392
 28    14.964 53199.57902746 19.50 116.658642  30.019215 16.392
 28    13.377 53199.57902810 21.30 116.657752  30.022511 33.775
 28    13.108 53199.57902875 22.66 116.656862  30.025791 33.775
 28    13.306 53199.57902939 26.18 116.655972  30.029081 33.775
 28    13.849 53199.57903004 28.44 116.655082  30.032371 33.775
 29    14.084 53234.57899696 22.71 116.669104  30.019305 16.195
 29    13.789 53234.57899761 17.33 116.668214  30.022585 16.195
 29    13.104 53234.57899825 19.17 116.667324  30.025875 16.195
 29    12.955 53234.57899890 18.00 116.666434  30.029165 16.195
 29    13.609 53234.57899954 15.12 116.665544  30.032445 16.195
 29    13.699 53234.57900019 15.32 116.664655  30.035740 26.937
 30    15.616 53269.57896061 20.26 116.656815  30.008821 22.257
 30    14.913 53269.57896126 19.29 116.655925  30.012101 22.257
 30    14.548 53269.57896190 15.89 116.655035  30.015391 22.257
 30    13.794 53269.57896255 16.93 116.654135  30.018681 22.257
 30    13.352 53269.57896319 19.28 116.653245  30.021961 22.257
 30    13.009 53269.57896384 22.64 116.652355  30.025251 22.257
 31    15.285 53304.57902157 11.56 116.653156  30.005856 26.290
 31    14.502 53304.57902221 12.56 116.652266  30.009136 26.290
 31    12.432 53304.57902286 14.53 116.651376  30.012426 26.290
 31    12.768 53304.57902350 14.17 116.650486  30.015716 26.290
 31    12.307 53304.57902415 19.08 116.649596  30.018996 26.290
 32    13.589 53339.57899189 13.88 116.660676  30.015867 16.208
 32    13.164 53339.57899253 13.45 116.659786  30.019157 16.208
 32    12.043 53339.57899318 16.01 116.658896  30.022437 16.208
 32    12.076 53339.57899382 16.10 116.658006  30.025727 16.208
 32    12.645 53339.57899447 20.71 116.657116  30.029017 16.208
 32    12.828 53339.57899511 22.27 116.656236  30.032297 16.208
 33    13.994 53374.57892399 12.27 116.665458  30.020261 16.303
 33    12.602 53374.57892463 13.04 116.664568  30.023551 16.303
 33    11.336 53374.57892528 13.36 116.663678  30.026831 16.303
 33    11.685 53374.57892592 14.78 116.662788  30.030121 16.303
 33    11.691 53374.57892657 17.51 116.661898  30.033411 16.303
 33    12.311 53374.57892721 17.90 116.661018  30.036691 16.303
 34    17.253 53409.57896621 16.49 116.661508  30.017620 15.403
 34    16.811 53409.57896686 18.69 116.660618  30.020900 15.403
 34    12.074 53409.57896750 20.26 116.659728  30.024190 15.403
 34    12.190 53409.57896815 22.28 116.658838  30.027480 15.403
 34    12.328 53409.57896879 25.41 116.657948  30.030760 15.403
 34    12.915 53409.57896944 27.31 116.657058  30.034050 15.403
 35    13.698 53444.57894923 23.23 116.664211  30.017016 12.067
 35    13.172 53444.57894988 23.85 116.663321  30.020306 12.067
 35     7.657 53444.57895052 25.56 116.662431  30.023586 12.067
 35     7.636 53444.57895117 26.81 116.661551  30.026876 12.067
 35     7.711 53444.57895181 26.71 116.660651  30.030166 12.067
 35     7.672 53444.57895246 28.75 116.659771  30.033446 12.067
 35     7.883 53444.57895310 32.64 116.658881  30.036736 12.067
 36    14.216 53479.57902727 18.76 116.653909  30.009031 20.549
 36    13.611 53479.57902791 19.67 116.653019  30.012311 20.549
 36    12.601 53479.57902856 19.84 116.652129  30.015601 20.549
 36    12.930 53479.57902920 21.00 116.651229  30.018891 20.549
 36    13.008 53479.57902984 24.86 116.650349  30.022171 20.549
 37    15.533 53514.57903562 28.58 116.660328  30.014044 17.216
 37    14.771 53514.57903627 21.60 116.659438  30.017324 17.216
 37    12.253 53514.57903691 22.08 116.658548  30.020614 17.216
 37    12.314 53514.57903755 22.56 116.657658  30.023904 17.216
 37    12.477 53514.57903820 25.69 116.656778  30.027184 17.216
 37    12.360 53514.57903884 29.00 116.655878  30.030474 17.216
 37    13.134 53514.57903949 31.54 116.654988  30.033764 17.216
 38    14.638 53549.57905405 31.58 116.656854  30.011025 27.729
 38    14.577 53549.57905470 30.79 116.655964  30.014305 27.729
 38    14.576 53549.57905534 29.91 116.655074  30.017595 27.729
 38    14.299 53549.57905599 28.82 116.654184  30.020885 27.729
 38    13.832 53549.57905663 27.86 116.653304  30.024165 27.729
 38    13.406 53549.57905728 32.30 116.652414  30.027455 27.729
 40    16.503 53619.57897348 47.21 116.661843  30.014494 21.760
 40    16.329 53619.57897412 31.63 116.660953  30.017784 21.760
 40    16.167 53619.57897477 29.76 116.660063  30.021074 21.760
 40    16.142 53619.57897541 29.19 116.659173  30.024354 21.760
 40    16.014 53619.57897606 27.54 116.658283  30.027644 21.760
 40    16.227 53619.57897670 26.27 116.657393  30.030934 21.760
 40    16.222 53619.57897735 26.29 116.656503  30.034214 21.760
 41    14.882 53654.57899936 24.26 116.658532  30.012152 22.326
 41    14.857 53654.57900000 18.26 116.657642  30.015432 22.326
 41    14.399 53654.57900065 15.64 116.656752  30.018722 22.326
 41    12.460 53654.57900129 16.73 116.655862  30.022012 22.326
 41    12.446 53654.57900194 20.45 116.654972  30.025292 22.326
 41    12.628 53654.57900258 28.45 116.654082  30.028582 22.326
 42    15.566 53689.57899451 16.97 116.658530  30.013915 22.193
 42    13.370 53689.57899516 17.66 116.657640  30.017205 22.193
 42    12.315 53689.57899580 19.40 116.656750  30.020495 22.193
 42    12.283 53689.57899645 21.45 116.655860  30.023775 22.193
 42    12.520 53689.57899709 26.88 116.654970  30.027065 22.193
 42    12.572 53689.57899773 29.23 116.654080  30.030355 22.193
 43    14.065 53724.57891968 14.24 116.665931  30.018650 16.339
 43    13.586 53724.57892032 11.24 116.665041  30.021940 16.339
 43    12.562 53724.57892096 11.88 116.664151  30.025220 16.339
 43    11.129 53724.57892161 14.41 116.663261  30.028510 16.339
 43    12.148 53724.57892225 14.03 116.662371  30.031800 16.339
 43    12.291 53724.57892290 15.53 116.661491  30.035080 16.339
 44    14.742 53759.57886211 16.05 116.664493  30.016826 12.803
 44    14.002 53759.57886275 14.92 116.663593  30.020116 12.803
 44    13.023 53759.57886340 15.76 116.662703  30.023406 12.803
 44    12.059 53759.57886404 17.16 116.661823  30.026686 12.803
 44    12.128 53759.57886468 18.46 116.660923  30.029976 12.803
 44    12.562 53759.57886533 21.22 116.660033  30.033266 12.803
 44    12.882 53759.57886597 22.74 116.659143  30.036546 12.803
 45    17.500 53794.57888121 17.81 116.665018  30.018314 14.920
 45    17.276 53794.57888186 16.56 116.664128  30.021594 14.920
 45    12.462 53794.57888250 18.73 116.663238  30.024884 14.920
 45    12.029 53794.57888315 19.57 116.662348  30.028174 14.920
 45    12.117 53794.57888379 22.04 116.661468  30.031454 14.920
 45    12.465 53794.57888444 25.51 116.660578  30.034744 14.920
 46    19.336 53829.57885673 15.47 116.660668  30.013783  9.217
 46    19.970 53829.57885738 14.70 116.659778  30.017073  9.217
 46    16.654 53829.57885802 15.59 116.658888  30.020353  9.217
 46    12.446 53829.57885867 17.49 116.657998  30.023643  9.217
 46    12.791 53829.57885931 18.27 116.657098  30.026933  9.217
 46    13.333 53829.57885996 20.04 116.656208  30.030213  9.217
 46    13.559 53829.57886060 20.83 116.655318  30.033503  9.217
 47    15.789 53864.57893539 26.60 116.656886  30.010331 26.363
 47    10.372 53864.57893604 25.45 116.655996  30.013621 26.363
 47    12.553 53864.57893668 23.29 116.655106  30.016911 26.363
 47    12.685 53864.57893733 22.41 116.654216  30.020191 26.363
 47    12.854 53864.57893797 25.34 116.653326  30.023481 26.363
 47    12.801 53864.57893862 30.55 116.652436  30.026771 26.363
 48    13.658 53899.57896206 36.88 116.659176  30.015623 15.653
 48    13.433 53899.57896271 38.11 116.658276  30.018913 15.653
 48    13.486 53899.57896335 36.30 116.657396  30.022193 15.653
 48    13.448 53899.57896399 34.55 116.656506  30.025483 15.653
 48    13.446 53899.57896464 33.29 116.655616  30.028773 15.653
 48    13.562 53899.57896528 31.62 116.654726  30.032053 15.653
 49    14.571 53934.57900318 33.97 116.653871  30.001701 29.560
 49    13.849 53934.57900447 19.57 116.652087  30.008278 33.174
 49    13.768 53934.57900512 19.34 116.651207  30.011568 33.174
 49    13.326 53934.57900576 21.97 116.650317  30.014858 33.174
 49    14.844 53934.57900641 29.00 116.649427  30.018138 33.174
 50    14.324 53969.57897498 14.97 116.657232  30.012922 26.525
 50    13.391 53969.57897562 15.33 116.656342  30.016212 26.525
 50    11.711 53969.57897627 16.85 116.655462  30.019502 26.525
 50    12.132 53969.57897691 17.74 116.654572  30.022792 26.525
 50    12.444 53969.57897756 19.50 116.653672  30.026072 26.525
 50    12.352 53969.57897820 27.90 116.652782  30.029362 26.525
 51    14.752 54004.57894943 12.70 116.659278  30.013758 21.019
 51    12.960 54004.57895007 14.19 116.658388  30.017038 21.019
 51    11.307 54004.57895072 13.38 116.657498  30.020328 21.019
 51    12.001 54004.57895136 15.02 116.656608  30.023618 21.019
 51    11.927 54004.57895201 17.17 116.655718  30.026898 21.019
 51    12.175 54004.57895265 23.27 116.654828  30.030188 21.019
 52    13.494 54039.57898170 19.67 116.661954  30.015813 16.349
 52     7.520 54039.57898234 21.72 116.661064  30.019103 16.349
 52     7.510 54039.57898299 21.81 116.660174  30.022393 16.349
 52    11.199 54039.57898363 21.34 116.659284  30.025673 16.349
 52    11.479 54039.57898428 21.25 116.658394  30.028963 16.349
 52     8.416 54039.57898492 25.74 116.657504  30.032253 16.349
 52    11.889 54039.57898556 24.05 116.656614  30.035533 16.349
 53    13.698 54074.57897621 14.30 116.661792  30.017430 16.176
 53    12.713 54074.57897686 15.34 116.660902  30.020720 16.176
 53    11.989 54074.57897750 15.22 116.660022  30.024010 16.176
 53    11.962 54074.57897815 17.01 116.659132  30.027290 16.176
 53    12.012 54074.57897879 19.78 116.658242  30.030580 16.176
 53    11.845 54074.57897944 24.90 116.657352  30.033870 16.176
 54     5.704 54109.57892085 28.61 116.663677  30.015593 17.403
 54     5.510 54109.57892150 26.18 116.662787  30.018883 17.403
 54     5.433 54109.57892214 26.85 116.661897  30.022173 17.403
 54     5.438 54109.57892279 28.35 116.661007  30.025463 17.403
 54     5.632 54109.57892343 28.28 116.660117  30.028743 17.403
 54     5.682 54109.57892408 28.51 116.659227  30.032033 17.403
 54     5.474 54109.57892472 29.25 116.658337  30.035323 17.403
 55    26.418 54144.57891396 16.90 116.658859  30.013197 12.174
 55    20.030 54144.57891461 16.35 116.657969  30.016487 12.174
 55    20.375 54144.57891525 16.45 116.657079  30.019767 12.174
 55    12.160 54144.57891590 17.98 116.656189  30.023057 12.174
 55    12.424 54144.57891654 20.73 116.655299  30.026347 12.174
 55    12.254 54144.57891718 25.26 116.654409  30.029627 12.174
 56    16.749 54179.57890593 18.31 116.662434  30.016610 12.534
 56    12.903 54179.57890657 17.96 116.661544  30.019900 12.534
 56    12.089 54179.57890722 18.37 116.660664  30.023180 12.534
 56    11.969 54179.57890786 20.57 116.659774  30.026470 12.534
 56    12.736 54179.57890851 19.64 116.658884  30.029760 12.534
 56    12.240 54179.57890915 27.53 116.657994  30.033040 12.534
 56    10.871 54179.57890980 30.32 116.657104  30.036330 12.534
 57     7.330 54214.57892160 24.44 116.658333  30.013134 13.343
 57     7.306 54214.57892225 26.19 116.657443  30.016424 13.343
 57     7.118 54214.57892289 26.84 116.656553  30.019704 13.343
 57    12.094 54214.57892354 25.89 116.655661  30.022997 23.861
 57    12.426 54214.57892418 25.18 116.654771  30.026277 23.861
 57    12.503 54214.57892483 25.13 116.653881  30.029567 23.861
 58     7.451 54249.57894957 21.92 116.659287  30.013083  9.442
 58     7.571 54249.57895021 21.86 116.658397  30.016373  9.442
 58     7.458 54249.57895086 22.60 116.657507  30.019663  9.442
 58     7.538 54249.57895150 22.82 116.656616  30.022949 22.297
 58    12.152 54249.57895215 22.86 116.655726  30.026229 22.297
 58    12.094 54249.57895279 22.42 116.654836  30.029519 22.297
 58    12.310 54249.57895344 22.62 116.653946  30.032809 22.297
 59    13.595 54284.57895750 19.65 116.661544  30.016242 17.940
 59    13.349 54284.57895814 19.54 116.660654  30.019532 17.940
 59    13.179 54284.57895879 19.91 116.659764  30.022822 17.940
 59    12.868 54284.57895943 22.77 116.658874  30.026112 17.940
 59    12.768 54284.57896008 23.99 116.657984  30.029398 26.517
 59    13.152 54284.57896072 26.60 116.657094  30.032678 26.517
 60    15.960 54319.57895465 34.61 116.662162  30.016168 15.929
 60    15.789 54319.57895529 33.94 116.661272  30.019448 15.929
 60    15.709 54319.57895594 32.33 116.660382  30.022738 15.929
 60    15.479 54319.57895658 32.02 116.659492  30.026028 15.929
 60    15.426 54319.57895723 29.67 116.658602  30.029308 15.929
 60    15.595 54319.57895787 28.38 116.657712  30.032603 22.415
 60    15.822 54319.57895852 30.33 116.656822  30.035883 22.415
 61    14.235 54354.57891785 24.66 116.663799  30.016849 11.309
 61    13.620 54354.57891850 24.70 116.662909  30.020139 11.309
 61    13.497 54354.57891914 22.43 116.662019  30.023419 11.309
 61    13.022 54354.57891979 22.41 116.661129  30.026709 11.309
 61    13.240 54354.57892043 21.10 116.660239  30.029999 11.309
 61    13.637 54354.57892108 20.55 116.659349  30.033279 11.309
 61    13.616 54354.57892172 21.98 116.658454  30.036565 28.372
 62    14.037 54389.57889484 23.92 116.661050  30.015601 16.807
 62    10.847 54389.57889548 15.58 116.660160  30.018891 16.807
 62    12.773 54389.57889613 14.72 116.659280  30.022171 16.807
 62    11.884 54389.57889677 16.91 116.658390  30.025461 16.807
 62    12.956 54389.57889742 18.53 116.657500  30.028751 16.807
 62    13.081 54389.57889806 19.81 116.656610  30.032031 16.807
 63     6.414 54424.57886769 26.06 116.661671  30.017283 15.037
 63     6.441 54424.57886833 26.75 116.660781  30.020563 15.037
 63     6.228 54424.57886897 27.31 116.659891  30.023853 15.037
 63     6.288 54424.57886962 26.75 116.658991  30.027143 15.037
 63    10.901 54424.57887026 23.83 116.658111  30.030423 15.037
 63     8.868 54424.57887091 32.59 116.657221  30.033713 15.037
 64    18.350 54459.57887040 12.34 116.659290  30.015266 11.697
 64    13.003 54459.57887104 12.87 116.658400  30.018546 11.697
 64    12.084 54459.57887169 14.00 116.657510  30.021836 11.697
 64    12.122 54459.57887233 16.79 116.656620  30.025126 11.697
 64    12.516 54459.57887298 19.94 116.655730  30.028406 11.697
 64    11.908 54459.57887362 21.83 116.654840  30.031696 11.697
 65    10.799 54494.57887282 12.64 116.662439  30.018292  5.374
 65    11.373 54494.57887347 11.97 116.661549  30.021582  5.374
 65    12.007 54494.57887411 12.29 116.660669  30.024862  5.374
 65    12.152 54494.57887476 12.36 116.659779  30.028152  5.374
 65    12.169 54494.57887540 13.26 116.658889  30.031442  5.374
 65    11.647 54494.57887605 16.46 116.657999  30.034722  5.374
 66    13.368 54529.57888349 13.79 116.660730  30.017270 18.716
 66    11.901 54529.57888413 15.13 116.659838  30.020564 21.842
 66    12.083 54529.57888478 15.99 116.658948  30.023844 21.842
 66    12.369 54529.57888542 16.53 116.658058  30.027134 21.842
 66    12.712 54529.57888607 20.92 116.657168  30.030424 21.842
 66     8.798 54529.57888671 30.83 116.656278  30.033704 21.842
 67     8.796 54564.57887940 28.11 116.663114  30.016683 14.277
 67     8.617 54564.57888005 30.14 116.662224  30.019973 14.277
 67     8.793 54564.57888069 31.74 116.661334  30.023263 14.277
 67     8.820 54564.57888134 31.82 116.660444  30.026543 14.277
 67     8.979 54564.57888198 31.70 116.659551  30.029839 22.743
 67     8.958 54564.57888263 33.76 116.658661  30.033119 22.743
 67     9.108 54564.57888327 43.45 116.657781  30.036409 22.743
 68    13.435 54599.57887886 18.11 116.660222  30.014024 18.384
 68    10.000 54599.57887951 18.71 116.659332  30.017304 18.384
 68     9.927 54599.57888015 19.24 116.658443  30.020600 27.094
 68    10.148 54599.57888080 21.89 116.657553  30.023880 27.094
 68    10.555 54599.57888144 23.53 116.656663  30.027170 27.094
 68    11.870 54599.57888208 24.48 116.655773  30.030460 27.094
 68    12.599 54599.57888273 23.88 116.654883  30.033740 27.094
 69    13.432 54634.57889101 21.29 116.659580  30.013475 12.857
 69    12.579 54634.57889166 21.16 116.658690  30.016765 12.857
 69    12.055 54634.57889230 23.00 116.657800  30.020045 12.857
 69    12.266 54634.57889295 24.03 116.656911  30.023341 26.501
 69    12.429 54634.57889359 25.99 116.656021  30.026621 26.501
 69    12.658 54634.57889424 27.69 116.655131  30.029911 26.501
 69    13.056 54634.57889488 34.32 116.654241  30.033201 26.501
 70    13.668 54669.57889588 24.63 116.660136  30.014701 15.940
 70    13.503 54669.57889652 15.01 116.659246  30.017991 15.940
 70    12.549 54669.57889717 15.64 116.658356  30.021271 15.940
 70    12.396 54669.57889781 17.24 116.657469  30.024566 28.857
 70    12.532 54669.57889846 21.58 116.656579  30.027846 28.857
 70    12.702 54669.57889910 27.00 116.655689  30.031136 28.857
 71    14.277 54704.57885956 27.02 116.663790  30.016445 12.467
 71    14.097 54704.57886020 26.37 116.662900  30.019725 12.467
 71    13.922 54704.57886085 23.84 116.662010  30.023015 12.467
 71    13.614 54704.57886149 24.35 116.661120  30.026305 12.467
 71    13.832 54704.57886214 22.87 116.660230  30.029585 12.467
 71    14.002 54704.57886278 22.54 116.659334  30.032881 19.521
 71    14.136 54704.57886343 20.79 116.658444  30.036161 19.521
 72    14.807 54739.57885844 28.87 116.659582  30.013645 17.014
 72    14.035 54739.57885909 25.08 116.658692  30.016925 17.014
 72    12.818 54739.57885973 24.30 116.657799  30.020221 23.864
 72    12.713 54739.57886038 22.37 116.656909  30.023501 23.864
 72    12.756 54739.57886102 21.90 116.656019  30.026791 23.864
 73     8.055 54774.57884010 31.84 116.663398  30.015703 13.169
 73     8.041 54774.57884074 31.55 116.662508  30.018983 13.169
 73     7.948 54774.57884139 30.88 116.661618  30.022273 13.169
 73     7.799 54774.57884203 30.31 116.660728  30.025563 13.169
 73     7.759 54774.57884268 29.67 116.659838  30.028843 13.169
 73     7.565 54774.57884332 29.60 116.658950  30.032137 20.825
 73    12.132 54774.57884397 27.67 116.658060  30.035417 20.825
 74    17.699 54809.57885178 13.45 116.657918  30.013913 15.973
 74    13.745 54809.57885243 14.62 116.657028  30.017193 15.973
 74    12.680 54809.57885307 14.91 116.656133  30.020486 26.016
 74    12.625 54809.57885372 14.48 116.655243  30.023766 26.016
 74    12.289 54809.57885436 22.18 116.654353  30.027056 26.016
 74    12.121 54809.57885501 25.79 116.653463  30.030346 26.016
 75     5.796 54844.57883942 23.79 116.661416  30.017763 16.774
 75     5.742 54844.57884006 25.01 116.660526  30.021053 16.774
 75     5.881 54844.57884071 26.01 116.659636  30.024343 16.774
 75     6.137 54844.57884135 26.19 116.658749  30.027629 19.552
 75    11.042 54844.57884200 28.70 116.657859  30.030909 19.552
 75    11.690 54844.57884264 26.71 116.656969  30.034199 19.552
 76    26.736 54879.57885535 13.25 116.658220  30.015513 14.133
 76    14.012 54879.57885600 16.36 116.657330  30.018808 24.452
 76    12.454 54879.57885664 18.27 116.656440  30.022088 24.452
 76    12.511 54879.57885728 20.54 116.655550  30.025378 24.452
 76    12.405 54879.57885793 23.54 116.654660  30.028668 24.452
 76    12.207 54879.57885857 27.60 116.653770  30.031948 24.452
 77    16.094 54914.57884234 21.67 116.661680  30.014615 18.989
 77    11.953 54914.57884299 19.25 116.660790  30.017895 18.989
 77    11.414 54914.57884363 20.44 116.659900  30.021185 18.989
 77    11.907 54914.57884428 21.41 116.659010  30.024475 18.989
 77    12.281 54914.57884492 22.01 116.658120  30.027755 18.989
 77    12.417 54914.57884556 27.70 116.657226  30.031049 33.003
 77     8.671 54914.57884621 35.62 116.656336  30.034329 33.003
 79    13.514 54984.57887263 28.17 116.658840  30.012361 15.706
 79    12.609 54984.57887328 27.37 116.657950  30.015651 15.706
 79    12.453 54984.57887392 28.19 116.657061  30.018928 27.602
 79    12.383 54984.57887457 28.08 116.656171  30.022218 27.602
 79    12.330 54984.57887521 28.09 116.655281  30.025508 27.602
 79    12.535 54984.57887586 30.11 116.654391  30.028798 27.602
 80    14.060 55019.57886828 25.93 116.661989  30.014923 19.148
 80    13.426 55019.57886892 20.70 116.661099  30.018213 19.148
 80    13.191 55019.57886956 19.92 116.660209  30.021503 19.148
 80    12.947 55019.57887021 20.64 116.659319  30.024783 19.148
 80    13.032 55019.57887085 21.17 116.658430  30.028078 28.959
 80    12.661 55019.57887150 25.30 116.657540  30.031358 28.959
 80    13.049 55019.57887214 27.24 116.656650  30.034648 28.959
 81    14.638 55054.57886499 30.11 116.662268  30.015864 16.864
 81    14.331 55054.57886564 28.84 116.661378  30.019154 16.864
 81    14.268 55054.57886628 28.55 116.660488  30.022434 16.864
 81    14.244 55054.57886692 27.88 116.659600  30.025729 24.493
 81    14.238 55054.57886757 26.44 116.658710  30.029009 24.493
 81    14.218 55054.57886821 27.21 116.657820  30.032299 24.493
 81    13.974 55054.57886886 27.66 116.656930  30.035589 24.493
 82    14.370 55089.57882517 18.41 116.662329  30.016092 18.653
 82    14.295 55089.57882582 11.54 116.661439  30.019372 18.653
 82    13.343 55089.57882646 12.44 116.660549  30.022662 18.653
 82    12.595 55089.57882711 15.42 116.659659  30.025952 18.653
 82    12.109 55089.57882775 17.43 116.658769  30.029242 18.653
 82    12.201 55089.57882840 21.95 116.657875  30.032530 27.005
 82    12.823 55089.57882904 24.47 116.656985  30.035810 27.005
 83     6.988 55124.57880181 23.03 116.660812  30.014430  9.503
 83     7.015 55124.57880246 24.26 116.659922  30.017710  9.503
 83     6.972 55124.57880310 25.38 116.659031  30.021004 21.761
 83     6.938 55124.57880375 25.95 116.658141  30.024284 21.761
 83     7.062 55124.57880439 25.87 116.657251  30.027574 21.761
 83    11.965 55124.57880503 25.40 116.656361  30.030864 21.761
 83    11.990 55124.57880568 31.36 116.655471  30.034144 21.761
 84     6.531 55159.57878601 22.38 116.660957  30.016830 11.118
 84     6.269 55159.57878665 24.77 116.660067  30.020110 11.118
 84     6.370 55159.57878730 24.19 116.659177  30.023400 11.118
 84     6.551 55159.57878794 25.08 116.658287  30.026690 11.118
 84     6.766 55159.57878859 32.96 116.657397  30.029970 11.118
 84     8.464 55159.57878923 32.20 116.656510  30.033264 27.531
 85     5.863 55194.57879209 23.88 116.658366  30.013261 13.415
 85     5.765 55194.57879274 23.51 116.657476  30.016541 13.415
 85    10.960 55194.57879338 24.83 116.656581  30.019836 22.285
 85    11.449 55194.57879403 25.43 116.655691  30.023116 22.285
 85    11.981 55194.57879467 26.60 116.654801  30.026406 22.285
 85    12.174 55194.57879532 27.04 116.653911  30.029696 22.285
 86    19.905 55229.57878819 15.91 116.661897  30.015768 13.068
 86    12.332 55229.57878883 18.59 116.661007  30.019058 13.068
 86    11.783 55229.57878948 18.30 116.660117  30.022348 13.068
 86    12.188 55229.57879012 18.18 116.659227  30.025628 13.068
 86    12.137 55229.57879077 23.01 116.658332  30.028925 15.203
 86    12.338 55229.57879141 24.96 116.657442  30.032205 15.203
 86    12.894 55229.57879206 24.90 116.656562  30.035495 15.203
 87    15.827 55264.57878707 21.73 116.661038  30.014335 18.993
 87    15.449 55264.57878772 18.10 116.660148  30.017615 18.993
 87    14.735 55264.57878836 18.03 116.659258  30.020908 26.004
 87    12.277 55264.57878901 20.52 116.658368  30.024188 26.004
 87    12.118 55264.57878965 25.74 116.657478  30.027478 26.004
 87    12.308 55264.57879030 29.61 116.656588  30.030768 26.004
 87    12.927 55264.57879094 30.20 116.655698  30.034048 26.004
 88    15.773 55299.57877121 15.54 116.663456  30.016236 16.194
 88    16.054 55299.57877185 14.75 116.662566  30.019516 16.194
 88    14.048 55299.57877249 16.83 116.661676  30.022806 16.194
 88    12.497 55299.57877314 18.79 116.660786  30.026096 16.194
 88    11.921 55299.57877378 20.60 116.659896  30.029376 16.194
 88    12.339 55299.57877443 23.21 116.659001  30.032672 25.911
 88    12.789 55299.57877507 26.05 116.658111  30.035952 25.911
 89    15.459 55334.57876501 30.50 116.660401  30.014606 15.444
 89    13.986 55334.57876565 23.78 116.659511  30.017896 15.444
 89    13.155 55334.57876630 23.80 116.658621  30.021176 15.444
 89    12.917 55334.57876694 24.67 116.657733  30.024473 28.383
 89    12.854 55334.57876759 25.52 116.656843  30.027753 28.383
 89    12.747 55334.57876823 29.81 116.655953  30.031043 28.383
 89    13.191 55334.57876888 31.21 116.655063  30.034333 28.383
 90    15.651 55369.57875619 25.24 116.661363  30.017642 17.651
 90    15.475 55369.57875683 23.79 116.660473  30.020932 17.651
 90    15.381 55369.57875748 22.61 116.659583  30.024222 17.651
 90    15.333 55369.57875812 23.43 116.658694  30.027507 27.343
 90    15.576 55369.57875876 24.78 116.657804  30.030787 27.343
 90    13.026 55369.57875941 29.76 116.656914  30.034077 27.343
 91    17.272 55404.57877325 29.97 116.659597  30.016215 13.296
 91    17.088 55404.57877390 26.98 116.658707  30.019495 13.296
 91    16.940 55404.57877454 27.10 116.657814  30.022789 28.027
 91    16.952 55404.57877519 25.46 116.656924  30.026069 28.027
 91    17.026 55404.57877583 25.88 116.656034  30.029359 28.027
 91    14.578 55404.57877648 29.78 116.655144  30.032649 28.027
 92    15.455 55439.57877468 18.39 116.662532  30.016918 19.005
 92    15.064 55439.57877533 16.41 116.661642  30.020208 19.005
 92    14.226 55439.57877597 15.78 116.660752  30.023498 19.005
 92    14.098 55439.57877662 17.66 116.659865  30.026785 19.845
 92    14.319 55439.57877726 19.18 116.658975  30.030065 19.845
 92    14.245 55439.57877790 22.44 116.658085  30.033355 19.845
 92    13.184 55439.57877855 28.47 116.657195  30.036645 19.845
 93    13.066 55474.57872034 25.47 116.664039  30.017682 10.837
 93    12.863 55474.57872098 21.77 116.663149  30.020972 10.837
 93    12.627 55474.57872163 23.10 116.662259  30.024252 10.837
 93    12.509 55474.57872227 22.08 116.661369  30.027542 10.837
 93    12.716 55474.57872291 21.24 116.660479  30.030832 10.837
 93    12.956 55474.57872356 21.76 116.659589  30.034112 10.837
