# NaN NaN NaN ;Mean Elev.(m), Avg Gradient(m/km), RMS Gradient(m/km) - SRTM1     
#   33.422   0.140   1.991 ;Mean Elev.(m), Avg Gradient(m/km), RMS Gradient(m/km) - ASTER GDEM
#   19.852  -0.028   0.998 ;Mean Elev.(m), Avg Gradient(m/km), RMS Gradient(m/km) - GMTED2010 
  7    13.685 52448.11510669 23.06 113.496707  29.804402 23.807
  7    13.098 52448.11510734 21.55 113.495817  29.801112 23.807
  7    12.877 52448.11510798 21.00 113.494927  29.797832 23.807
  7    12.535 52448.11510863 24.28 113.494047  29.794542 23.807
  7    12.286 52448.11510927 26.27 113.493157  29.791252 23.807
  8    27.624 52483.11509355 22.43 113.504196  29.812271 24.258
  8    27.358 52483.11509420 21.46 113.503316  29.808981 24.258
  8    27.126 52483.11509484 23.45 113.502426  29.805701 24.258
  8    27.143 52483.11509549 24.27 113.501536  29.802411 24.258
  8    27.315 52483.11509613 24.88 113.500646  29.799124 32.088
  8    28.739 52483.11509678 27.85 113.499766  29.795834 32.088
  9    29.599 52518.11505015 29.29 113.508854  29.817579 26.293
  9    29.464 52518.11505080 32.33 113.507964  29.814289 26.293
  9    29.552 52518.11505144 33.63 113.507084  29.810999 26.293
  9    29.398 52518.11505209 33.02 113.506194  29.807719 26.293
  9    29.117 52518.11505273 33.77 113.505304  29.804429 26.293
  9    28.898 52518.11505338 34.34 113.504418  29.801142 22.316
 10    25.386 52553.11510106 19.31 113.505303  29.812650 17.261
 10    25.582 52553.11510171 18.65 113.504423  29.809360 17.261
 10    25.550 52553.11510235 18.98 113.503533  29.806080 17.261
 10    25.539 52553.11510300 19.39 113.502643  29.802790 17.261
 10    24.702 52553.11510364 24.41 113.501753  29.799500 17.261
 10    28.591 52553.11510429 26.78 113.500873  29.796220 17.261
 12    20.774 52623.11503645 23.05 113.507908  29.817349 14.402
 12    25.349 52623.11503709 22.67 113.507018  29.814059 14.402
 12    25.244 52623.11503774 22.76 113.506128  29.810769 14.402
 12    25.031 52623.11503838 22.09 113.505248  29.807479 14.402
 12    24.875 52623.11503903 22.51 113.504358  29.804199 14.402
 12    24.849 52623.11503967 25.52 113.503468  29.800909 14.402
 12    24.489 52623.11504031 26.36 113.502588  29.797619 14.402
 13    18.593 52658.11504913 38.84 113.515749  29.829102 27.641
 13    18.505 52658.11504977 43.69 113.514869  29.825812 27.641
 13    18.492 52658.11505106 52.70 113.513089  29.819232 27.641
 13    18.612 52658.11505171 49.78 113.512199  29.815952 27.641
 13    18.490 52658.11505235 51.08 113.511319  29.812662 27.641
 13    18.628 52658.11505300 53.87 113.510429  29.809372 27.641
 15    24.543 52728.11507064 25.97 113.516137  29.829984 11.899
 15    24.797 52728.11507128 21.63 113.515247  29.826704 11.899
 15    25.461 52728.11507193 18.66 113.514357  29.823414 11.899
 15    25.728 52728.11507257 16.98 113.513477  29.820124 11.899
 15    25.751 52728.11507322 17.63 113.512589  29.816840 14.226
 15    26.142 52728.11507386 18.50 113.511699  29.813550 14.226
 15    26.508 52728.11507451 20.64 113.510809  29.810260 14.226
 15    26.265 52728.11507515 23.48 113.509929  29.806980 14.226
 16    24.145 52763.11508982 21.37 113.492401  29.799575 21.204
 16    24.432 52763.11509046 21.31 113.491517  29.796286 22.092
 16    24.430 52763.11509111 25.62 113.490627  29.792996 22.092
 16    24.978 52763.11509175 26.79 113.489747  29.789716 22.092
 16    25.546 52763.11509240 27.09 113.488857  29.786426 22.092
 17    23.430 52798.11505341 30.70 113.522382  29.830752 14.642
 17    22.775 52798.11505405 32.64 113.521502  29.827462 14.642
 17    22.763 52798.11505470 33.26 113.520612  29.824172 14.642
 17    22.693 52798.11505534 33.70 113.519722  29.820892 14.642
 17    22.733 52798.11505599 33.76 113.518832  29.817602 14.642
 18    30.350 52833.11512391 22.66 113.522066  29.831989 15.963
 18    30.046 52833.11512456 21.24 113.521176  29.828709 15.963
 18    29.631 52833.11512520 20.71 113.520286  29.825419 15.963
 18    29.267 52833.11512585 22.95 113.519406  29.822129 15.963
 18    29.766 52833.11512649 23.92 113.518516  29.818839 15.963
 18    29.717 52833.11512714 24.11 113.517626  29.815559 15.963
 19    25.479 52868.11516634 20.78 113.521767  29.832985 16.370
 19    24.713 52868.11516699 20.94 113.520877  29.829695 16.370
 19    25.729 52868.11516763 19.65 113.519997  29.826415 16.370
 19    26.174 52868.11516828 19.16 113.519107  29.823125 16.370
 19    26.238 52868.11516892 18.90 113.518217  29.819835 16.370
 19    26.622 52868.11516956 20.21 113.517327  29.816555 16.370
 20    26.226 52903.11518533 16.91 113.508075  29.817217 16.891
 20    26.199 52903.11518598 16.91 113.507195  29.813937 16.891
 20    26.211 52903.11518662 18.26 113.506305  29.810647 16.891
 20    26.282 52903.11518726 19.61 113.505415  29.807357 16.891
 20    26.104 52903.11518791 21.67 113.504535  29.804077 16.891
 20    25.590 52903.11518855 25.82 113.503645  29.800787 16.891
 20    24.495 52903.11518920 28.40 113.502755  29.797497 16.891
 21    21.443 52938.11512451 44.95 113.503055  29.810085 23.446
 21    21.522 52938.11512516 44.46 113.502165  29.806795 23.446
 21    21.473 52938.11512580 42.87 113.501285  29.803505 23.446
 21    21.494 52938.11512645 43.09 113.500395  29.800225 23.446
 21    21.560 52938.11512709 43.34 113.499505  29.796935 23.446
 21    21.615 52938.11512774 43.13 113.498625  29.793645 23.446
 22    17.810 52973.11515724 41.61 113.509350  29.816606 20.018
 22    17.764 52973.11515788 43.48 113.508460  29.813326 20.018
 22    17.668 52973.11515853 45.26 113.507570  29.810036 20.018
 22    17.756 52973.11515917 45.08 113.506690  29.806746 20.018
 22    17.921 52973.11515982 49.31 113.505802  29.803461 19.155
 22    17.860 52973.11516046 49.29 113.504912  29.800171 19.155
 23    16.503 53008.11516814 41.82 113.501311  29.806949 22.077
 23    16.511 53008.11516878 44.22 113.500431  29.803659 22.077
 23    16.685 53008.11516943 44.65 113.499541  29.800369 22.077
 23    16.766 53008.11517007 49.21 113.498659  29.797082 25.173
 23    16.838 53008.11517072 50.23 113.497769  29.793792 25.173
 24    23.592 53043.11512250 16.82 113.510384  29.817571 14.362
 24    24.823 53043.11512314 16.52 113.509494  29.814281 14.362
 24    25.341 53043.11512379 17.55 113.508604  29.811001 14.362
 24    25.149 53043.11512443 20.15 113.507714  29.807711 14.362
 24    24.376 53043.11512508 24.14 113.506834  29.804421 14.362
 24    24.890 53043.11512572 25.35 113.505943  29.801137 23.689
 25    18.346 53078.11515810 32.73 113.501198  29.807479 21.511
 25    18.359 53078.11515875 31.85 113.500317  29.804193 17.464
 25    18.406 53078.11515939 33.84 113.499427  29.800903 17.464
 25    18.274 53078.11516004 35.18 113.498537  29.797623 17.464
 25    18.329 53078.11516068 35.53 113.497647  29.794333 17.464
 26    23.899 53113.11512650 15.71 113.506768  29.816043 14.902
 26    24.223 53113.11512715 15.46 113.505878  29.812763 14.902
 26    24.133 53113.11512779 17.26 113.504988  29.809473 14.902
 26    24.168 53113.11512844 17.22 113.504108  29.806183 14.902
 26    24.223 53113.11512908 18.29 113.503215  29.802897 23.144
 26    23.407 53113.11512973 24.23 113.502325  29.799607 23.144
 26    23.383 53113.11513037 25.30 113.501435  29.796327 23.144
 27    25.332 53148.11517153 17.26 113.505480  29.813690 22.911
 27    25.220 53148.11517217 19.05 113.504600  29.810400 22.911
 27    25.185 53148.11517282 19.78 113.503710  29.807110 22.911
 27    25.479 53148.11517346 21.48 113.502824  29.803824 28.162
 27    24.257 53148.11517411 25.61 113.501934  29.800534 28.162
 27    24.118 53148.11517475 26.90 113.501044  29.797244 28.162
 28    26.178 53183.11516761 22.27 113.519222  29.830046 19.579
 28    26.235 53183.11516825 23.36 113.518342  29.826766 19.579
 28    26.630 53183.11516889 21.51 113.517452  29.823476 19.579
 28    26.730 53183.11516954 22.22 113.516562  29.820186 19.579
 28    26.822 53183.11517018 24.00 113.515672  29.816906 19.579
 28    27.073 53183.11517083 25.70 113.514792  29.813616 19.579
 29    27.280 53218.11519452 37.06 113.508709  29.817787 21.861
 29    27.285 53218.11519517 38.43 113.507819  29.814497 21.861
 29    27.224 53218.11519581 35.84 113.506929  29.811207 21.861
 29    27.079 53218.11519645 35.08 113.506039  29.807927 21.861
 29    27.213 53218.11519710 32.85 113.505159  29.804637 21.861
 29    27.306 53218.11519774 34.36 113.504269  29.801347 21.861
 29    27.374 53218.11519839 36.20 113.503377  29.798061 30.313
 30    25.392 53253.11517492 20.99 113.499089  29.804940 18.422
 30    24.773 53253.11517557 22.47 113.498199  29.801660 18.422
 30    24.751 53253.11517621 22.35 113.497309  29.798370 18.422
 30    25.070 53253.11517685 23.53 113.496425  29.795081 27.741
 30    24.979 53253.11517750 26.58 113.495535  29.791791 27.741
 31    24.030 53288.11517416 33.19 113.504953  29.812801 25.795
 31    24.143 53288.11517481 28.44 113.504063  29.809511 25.795
 31    24.015 53288.11517545 29.36 113.503180  29.806226 27.354
 31    24.087 53288.11517610 31.12 113.502290  29.802936 27.354
 31    24.176 53288.11517674 35.36 113.501410  29.799646 27.354
 31    24.106 53288.11517738 40.86 113.500520  29.796366 27.354
 32    25.812 53323.11514601 21.44 113.520662  29.832092 13.375
 32    25.490 53323.11514666 20.36 113.519782  29.828812 13.375
 32    25.063 53323.11514730 20.14 113.518892  29.825522 13.375
 32    26.095 53323.11514795 18.46 113.518002  29.822232 13.375
 32    26.350 53323.11514859 18.59 113.517112  29.818952 13.375
 32    26.819 53323.11514923 17.46 113.516232  29.815662 13.375
 33    16.797 53358.11511147 34.24 113.515628  29.828570 18.296
 33    17.129 53358.11511212 36.81 113.514738  29.825280 18.296
 33    17.427 53358.11511340 40.69 113.512968  29.818710 18.296
 33    17.450 53358.11511405 44.14 113.512078  29.815420 18.296
 33    17.474 53358.11511469 46.12 113.511188  29.812130 18.296
 33    17.548 53358.11511534 47.64 113.510308  29.808850 18.296
 34    24.482 53393.11512706 22.08 113.514588  29.828621  9.916
 34    25.326 53393.11512900 16.34 113.511928  29.818761  9.916
 34    25.187 53393.11512964 17.91 113.511038  29.815471  9.916
 34    25.641 53393.11513029 19.24 113.510148  29.812191  9.916
 34    25.656 53393.11513093 20.87 113.509258  29.808901  9.916
 34    24.629 53393.11513158 23.69 113.508378  29.805611  9.916
 35    24.842 53428.11512198 18.93 113.514303  29.827143 11.146
 35    24.702 53428.11512327 17.18 113.512533  29.820573 11.146
 35    25.488 53428.11512391 16.72 113.511643  29.817283 11.146
 35    25.363 53428.11512456 20.15 113.510753  29.813993 11.146
 35    25.931 53428.11512520 20.43 113.509873  29.810713 11.146
 35    25.406 53428.11512585 23.95 113.508983  29.807423 11.146
 36    23.850 53463.11514021 25.57 113.519015  29.829507 19.444
 36    19.641 53463.11514086 27.20 113.518135  29.826217 19.444
 36    19.809 53463.11514150 28.55 113.517245  29.822937 19.444
 36    19.837 53463.11514215 30.77 113.516355  29.819647 19.444
 36    19.957 53463.11514279 30.16 113.515465  29.816357 19.444
 36    20.021 53463.11514344 30.70 113.514580  29.813072 19.383
 37    25.562 53498.11521582 20.09 113.499788  29.805796 20.080
 37    25.623 53498.11521646 21.81 113.498908  29.802506 20.080
 37    25.849 53498.11521711 22.61 113.498018  29.799216 20.080
 37    23.908 53498.11521775 25.95 113.497134  29.795928 28.737
 37    24.547 53498.11521840 26.77 113.496244  29.792638 28.737
 38    27.295 53533.11519335 23.40 113.515242  29.828709 19.589
 38    24.540 53533.11519400 24.37 113.514352  29.825429 19.589
 38    27.194 53533.11519529 18.85 113.512582  29.818849 19.589
 38    27.241 53533.11519593 20.46 113.511692  29.815559 19.589
 38    27.193 53533.11519658 21.89 113.510812  29.812279 19.589
 38    27.229 53533.11519722 23.29 113.509922  29.808989 19.589
 38    27.463 53533.11519787 27.11 113.509032  29.805699 19.589
 39    26.632 53568.11521679 45.03 113.499747  29.806702 24.217
 39    26.818 53568.11521744 42.70 113.498867  29.803422 24.217
 39    26.563 53568.11521808 38.65 113.497977  29.800132 24.217
 39    26.601 53568.11521872 37.68 113.497087  29.796842 24.217
 39    26.671 53568.11521937 41.43 113.496197  29.793562 24.217
 40    28.509 53603.11516026 16.56 113.507868  29.815600 16.267
 40    27.825 53603.11516091 16.50 113.506978  29.812310 16.267
 40    27.646 53603.11516155 18.41 113.506098  29.809020 16.267
 40    27.333 53603.11516219 20.28 113.505208  29.805740 16.267
 40    26.529 53603.11516284 20.93 113.504318  29.802450 16.267
 40    25.324 53603.11516348 24.25 113.503432  29.799162 23.330
 41    25.662 53638.11515816 14.86 113.508952  29.816690 18.471
 41    25.839 53638.11515880 16.54 113.508062  29.813400 18.471
 41    26.226 53638.11515945 16.48 113.507172  29.810120 18.471
 41    26.031 53638.11516009 18.42 113.506282  29.806830 18.471
 41    26.092 53638.11516074 20.80 113.505402  29.803540 18.471
 41    25.635 53638.11516138 24.75 113.504512  29.800254 27.216
 42    22.459 53673.11518056 24.27 113.502484  29.808470 22.201
 42    24.326 53673.11518121 23.31 113.501594  29.805180 22.201
 42    23.624 53673.11518185 24.19 113.500709  29.801894 24.865
 42    23.687 53673.11518250 26.28 113.499819  29.798604 24.865
 42    22.350 53673.11518314 33.62 113.498929  29.795314 24.865
 43    24.695 53708.11510788 18.17 113.515733  29.827972 12.227
 43    24.355 53708.11510853 16.86 113.514843  29.824682 12.227
 43    24.587 53708.11510917 15.22 113.513953  29.821402 12.227
 43    25.545 53708.11510982 14.99 113.513073  29.818112 12.227
 43    25.698 53708.11511046 16.82 113.512183  29.814822 12.227
 43    25.777 53708.11511111 20.87 113.511293  29.811532 12.227
 43    25.853 53708.11511175 22.57 113.510413  29.808252 12.227
 44    16.885 53743.11502160 42.18 113.507536  29.815152 20.925
 44    16.817 53743.11502225 43.31 113.506646  29.811862 20.925
 44    16.826 53743.11502289 42.76 113.505766  29.808572 20.925
 44    16.954 53743.11502354 44.39 113.504876  29.805282 20.925
 44    17.025 53743.11502418 44.86 113.503986  29.802002 20.925
 44    17.093 53743.11502482 46.15 113.503106  29.798712 20.925
 45    25.348 53778.11504523 19.57 113.519034  29.830599 12.750
 45    24.414 53778.11504587 19.86 113.518144  29.827309 12.750
 45    23.967 53778.11504652 19.16 113.517254  29.824019 12.750
 45    25.699 53778.11504716 18.88 113.516374  29.820739 12.750
 45    24.438 53778.11504780 17.86 113.515484  29.817449 12.750
 45    25.887 53778.11504845 19.31 113.514594  29.814159 12.750
 46    20.668 53813.11502333 38.15 113.508007  29.816713 20.515
 46    20.697 53813.11502398 38.15 113.507127  29.813433 20.515
 46    20.712 53813.11502462 40.11 113.506237  29.810143 20.515
 46    20.781 53813.11502527 41.21 113.505347  29.806853 20.515
 46    20.731 53813.11502591 42.64 113.504467  29.803563 20.515
 46    20.910 53813.11502656 42.74 113.503577  29.800283 20.515
 46    20.840 53813.11502720 44.35 113.502687  29.796993 20.515
 47    21.076 53848.11507878 39.58 113.509391  29.818394 23.319
 47    21.063 53848.11507943 41.91 113.508501  29.815104 23.319
 47    20.998 53848.11508007 42.49 113.507611  29.811824 23.319
 47    21.062 53848.11508072 41.11 113.506731  29.808534 23.319
 47    21.014 53848.11508136 41.15 113.505841  29.805244 23.319
 47    21.122 53848.11508201 41.18 113.504951  29.801954 23.319
 47    21.209 53848.11508265 41.91 113.504061  29.798674 23.319
 49    24.874 53918.11516275 19.91 113.498678  29.805832 14.567
 49    24.488 53918.11516339 21.94 113.497788  29.802542 14.567
 49    24.726 53918.11516404 23.43 113.496898  29.799252 14.567
 49    24.960 53918.11516468 23.62 113.496018  29.795962 14.567
 49    25.417 53918.11516533 24.62 113.495128  29.792682 14.567
 50    23.783 53953.11516668 49.94 113.496274  29.802767 25.212
 50    23.817 53953.11516732 45.71 113.495384  29.799477 25.212
 50    23.777 53953.11516797 44.07 113.494494  29.796187 25.212
 50    23.765 53953.11516861 42.80 113.493614  29.792907 25.212
 50    23.877 53953.11516926 43.24 113.492724  29.789617 25.212
 52    24.767 54023.11514058 23.29 113.516968  29.831071  9.970
 52    24.220 54023.11514122 23.23 113.516078  29.827791  9.970
 52    18.804 54023.11514187 23.71 113.515188  29.824501  9.970
 52    22.983 54023.11514251 22.80 113.514298  29.821211  9.970
 52    18.935 54023.11514316 22.66 113.513418  29.817931  9.970
 52    18.913 54023.11514380 22.56 113.512528  29.814641  9.970
 52    25.613 54023.11514445 22.96 113.511638  29.811351  9.970
 52    25.640 54023.11514509 23.48 113.510748  29.808071  9.970
 53    16.983 54058.11513341 33.47 113.521073  29.830094 16.165
 53    17.234 54058.11513405 33.04 113.520183  29.826814 16.165
 53    17.289 54058.11513470 31.65 113.519293  29.823524 16.165
 53    17.318 54058.11513534 31.47 113.518403  29.820234 16.165
 53    17.256 54058.11513599 30.96 113.517523  29.816954 16.165
 54    16.707 54093.11511696 24.71 113.506839  29.816075 12.856
 54    16.753 54093.11511761 24.57 113.505949  29.812785 12.856
 54    16.918 54093.11511825 24.30 113.505059  29.809495 12.856
 54    22.874 54093.11511890 24.90 113.504169  29.806205 12.856
 54    23.180 54093.11511954 25.04 113.503289  29.802925 12.856
 54    23.777 54093.11512019 25.38 113.502399  29.799635 12.856
 54    23.831 54093.11512083 25.73 113.501519  29.796345 12.856
 55    24.162 54128.11505082 27.10 113.518458  29.830310 19.799
 55    17.070 54128.11505147 28.81 113.517568  29.827020 19.799
 55    16.964 54128.11505211 33.07 113.516678  29.823730 19.799
 55    17.302 54128.11505275 34.73 113.515798  29.820450 19.799
 55    17.471 54128.11505340 36.62 113.514908  29.817160 19.799
 55    17.620 54128.11505404 38.31 113.514018  29.813870 19.799
 55    17.626 54128.11505469 40.01 113.513128  29.810580 19.799
 56    25.984 54163.11508630 19.16 113.507640  29.816955 18.509
 56    25.929 54163.11508694 19.65 113.506750  29.813665 18.509
 56    25.986 54163.11508759 20.11 113.505870  29.810385 18.509
 56    29.017 54163.11508823 21.02 113.504980  29.807095 18.509
 56    29.340 54163.11508888 22.50 113.504090  29.803805 18.509
 56    24.757 54163.11508952 25.41 113.503209  29.800520 26.915
 56    24.311 54163.11509017 28.25 113.502319  29.797230 26.915
 57    16.991 54198.11505344 34.00 113.516105  29.830637 17.606
 57    17.436 54198.11505409 35.16 113.515215  29.827357 17.606
 57    17.771 54198.11505473 37.62 113.514325  29.824067 17.606
 57    17.925 54198.11505538 41.59 113.513445  29.820777 17.606
 57    18.025 54198.11505602 42.53 113.512555  29.817487 17.606
 57    18.089 54198.11505666 43.43 113.511665  29.814207 17.606
 57    18.215 54198.11505731 45.90 113.510775  29.810917 17.606
 57    18.210 54198.11505795 45.98 113.509895  29.807627 17.606
 58    19.527 54233.11509681 34.40 113.514998  29.829086 16.317
 58    19.969 54233.11509875 41.92 113.512328  29.819226 16.317
 58    20.108 54233.11509939 43.05 113.511448  29.815936 16.317
 58    20.109 54233.11510003 43.22 113.510558  29.812646 16.317
 58    20.103 54233.11510068 43.78 113.509668  29.809366 16.317
 58    20.142 54233.11510132 44.74 113.508788  29.806076 16.317
 59    24.756 54268.11511786 16.81 113.511270  29.818655 19.288
 59    25.464 54268.11511851 16.80 113.510380  29.815365 19.288
 59    25.864 54268.11511915 19.61 113.509490  29.812075 19.288
 59    25.485 54268.11511979 21.86 113.508600  29.808795 19.288
 59    25.053 54268.11512044 21.97 113.507720  29.805505 19.288
 59    24.820 54268.11512108 25.37 113.506830  29.802215 19.288
 60    24.635 54303.11511988 22.44 113.514251  29.828788 17.697
 60    27.427 54303.11512182 17.10 113.511591  29.818928 17.697
 60    27.450 54303.11512246 18.06 113.510701  29.815638 17.697
 60    27.368 54303.11512311 21.16 113.509811  29.812348 17.697
 60    27.773 54303.11512375 20.14 113.508921  29.809068 17.697
 60    27.740 54303.11512440 23.47 113.508041  29.805778 17.697
 61    26.125 54338.11510751 17.63 113.509579  29.817924 16.531
 61    26.048 54338.11510815 19.89 113.508689  29.814634 16.531
 61    26.131 54338.11510880 19.53 113.507799  29.811344 16.531
 61    26.215 54338.11510944 19.78 113.506919  29.808054 16.531
 61    26.172 54338.11511009 22.03 113.506029  29.804774 16.531
 61    26.291 54338.11511073 24.16 113.505139  29.801484 16.531
 62    24.766 54373.11505273 24.41 113.516276  29.830605 16.722
 62    24.440 54373.11505337 22.63 113.515396  29.827325 16.722
 62    24.643 54373.11505402 17.41 113.514506  29.824035 16.722
 62    25.513 54373.11505466 15.02 113.513616  29.820745 16.722
 62    26.310 54373.11505531 14.32 113.512726  29.817455 16.722
 62    25.585 54373.11505595 17.84 113.511846  29.814175 16.722
 62    25.778 54373.11505660 21.72 113.510956  29.810885 16.722
 62    26.005 54373.11505724 20.37 113.510066  29.807595 16.722
 63    24.855 54408.11505359 14.81 113.508438  29.815987 14.454
 63    25.038 54408.11505424 15.92 113.507558  29.812697 14.454
 63    24.978 54408.11505488 17.49 113.506668  29.809407 14.454
 63    24.536 54408.11505553 20.38 113.505778  29.806117 14.454
 63    24.751 54408.11505617 23.13 113.504898  29.802837 14.454
 63    24.805 54408.11505682 26.07 113.504008  29.799547 14.454
 64    25.088 54443.11501317 21.24 113.518822  29.831450 10.839
 64    24.066 54443.11501382 19.25 113.517942  29.828170 10.839
 64    23.747 54443.11501446 19.21 113.517052  29.824880 10.839
 64    23.663 54443.11501511 18.64 113.516162  29.821590 10.839
 64    24.515 54443.11501575 17.61 113.515272  29.818310 10.839
 64    24.951 54443.11501639 17.69 113.514382  29.815020 10.839
 64    25.542 54443.11501704 19.43 113.513502  29.811730 10.839
 65    23.890 54478.11504190 14.97 113.512119  29.820403 11.274
 65    24.540 54478.11504254 15.37 113.511239  29.817123 11.274
 65    24.607 54478.11504319 17.87 113.510349  29.813833 11.274
 65    24.504 54478.11504383 20.07 113.509459  29.810543 11.274
 65    24.147 54478.11504448 21.09 113.508569  29.807263 11.274
 65    24.147 54478.11504512 23.91 113.507689  29.803973 11.274
 66    25.203 54513.11502851 19.80 113.518324  29.830859 12.899
 66    24.361 54513.11502915 19.51 113.517444  29.827569 12.899
 66    23.876 54513.11502980 16.50 113.516554  29.824279 12.899
 66    23.775 54513.11503044 16.10 113.515664  29.820999 12.899
 66    24.079 54513.11503109 16.54 113.514774  29.817709 12.899
 66    25.538 54513.11503173 17.49 113.513884  29.814419 12.899
 66    25.311 54513.11503238 19.36 113.513000  29.811134 22.800
 67    25.334 54548.11505623 16.21 113.508683  29.816958 17.887
 67    25.431 54548.11505687 16.73 113.507803  29.813678 17.887
 67    25.368 54548.11505752 17.76 113.506913  29.810388 17.887
 67    24.951 54548.11505816 19.81 113.506031  29.807100 21.520
 67    24.564 54548.11505881 22.50 113.505141  29.803810 21.520
 67    24.326 54548.11505945 27.28 113.504251  29.800530 21.520
 68    28.075 54583.11502393 23.55 113.515571  29.830264 11.897
 68    24.356 54583.11502458 24.23 113.514691  29.826984 11.897
 68    21.968 54583.11502587 24.88 113.512911  29.820404 11.897
 68    21.745 54583.11502651 25.03 113.512021  29.817124 11.897
 68    25.094 54583.11502716 24.16 113.511141  29.813834 11.897
 68    25.473 54583.11502780 23.23 113.510251  29.810544 11.897
 68    24.561 54583.11502844 24.01 113.509365  29.807257 27.819
 69    22.397 54618.11504728 25.36 113.511046  29.817414 18.992
 69    22.590 54618.11504793 24.89 113.510166  29.814124 18.992
 69    24.082 54618.11504857 23.84 113.509276  29.810834 18.992
 69    23.987 54618.11504922 23.79 113.508390  29.807549 22.610
 69    24.037 54618.11504986 24.86 113.507500  29.804259 22.610
 70    23.872 54653.11505915 26.77 113.508795  29.817980 28.463
 70    24.034 54653.11505979 22.87 113.507915  29.814690 28.463
 70    23.967 54653.11506044 23.12 113.507025  29.811400 28.463
 70    24.474 54653.11506108 22.27 113.506139  29.808114 21.676
 70    24.817 54653.11506173 20.53 113.505249  29.804824 21.676
 70    24.534 54653.11506237 24.98 113.504359  29.801534 21.676
 70    25.010 54653.11506302 28.10 113.503479  29.798254 21.676
 71    25.415 54688.11504839 15.59 113.508583  29.817997 20.027
 71    25.119 54688.11504904 16.32 113.507693  29.814707 20.027
 71    25.199 54688.11504968 18.74 113.506803  29.811427 20.027
 71    25.154 54688.11505033 19.28 113.505923  29.808137 20.027
 71    24.772 54688.11505097 20.87 113.505033  29.804847 20.027
 71    24.665 54688.11505162 23.43 113.504143  29.801559 28.846
 71    24.728 54688.11505226 26.88 113.503263  29.798269 28.846
 72    25.667 54723.11500376 22.81 113.518484  29.831328 13.105
 72    27.100 54723.11500441 16.66 113.517594  29.828038 13.105
 72    27.342 54723.11500505 16.23 113.516714  29.824748 13.105
 72    26.973 54723.11500570 17.46 113.515824  29.821458 13.105
 72    27.143 54723.11500634 17.25 113.514934  29.818178 13.105
 72    27.057 54723.11500699 18.32 113.514044  29.814888 13.105
 72    26.586 54723.11500763 21.84 113.513164  29.811598 13.105
 73    25.193 54758.11502460 14.83 113.508931  29.817713 17.188
 73    25.259 54758.11502524 15.95 113.508041  29.814423 17.188
 73    25.530 54758.11502589 16.12 113.507161  29.811133 17.188
 73    24.860 54758.11502653 19.30 113.506271  29.807853 17.188
 73    24.909 54758.11502718 21.74 113.505381  29.804563 17.188
 73    25.071 54758.11502782 24.31 113.504491  29.801273 17.188
 74    24.370 54793.11499802 24.11 113.515810  29.828525 15.440
 74    23.701 54793.11499866 25.39 113.514930  29.825235 15.440
 74    23.450 54793.11499995 25.28 113.513150  29.818665 15.440
 74    23.602 54793.11500060 23.94 113.512260  29.815375 15.440
 74    25.637 54793.11500124 23.54 113.511374  29.812090 27.767
 74    25.863 54793.11500189 22.74 113.510484  29.808800 27.767
 75    24.678 54828.11502017 23.28 113.514116  29.829018 14.074
 75    17.523 54828.11502210 23.18 113.511456  29.819158 14.074
 75    17.512 54828.11502275 26.79 113.510566  29.815878 14.074
 75    24.808 54828.11502339 24.29 113.509686  29.812588 14.074
 75    25.735 54828.11502404 20.89 113.508796  29.809298 14.074
 75    24.740 54828.11502468 21.54 113.507910  29.806011 21.217
 75    25.343 54828.11502533 23.19 113.507020  29.802721 21.217
 76    24.875 54863.11499162 22.57 113.517364  29.831171 14.817
 76    24.277 54863.11499227 19.64 113.516484  29.827881 14.817
 76    24.202 54863.11499291 15.30 113.515594  29.824591 14.817
 76    23.880 54863.11499356 17.07 113.514704  29.821311 14.817
 76    22.811 54863.11499420 20.97 113.513814  29.818021 14.817
 76    23.000 54863.11499485 24.33 113.512934  29.814731 14.817
 76    25.541 54863.11499549 21.95 113.512041  29.811448 21.181
 76    25.827 54863.11499614 21.86 113.511151  29.808158 21.181
 77    25.569 54898.11502310 20.13 113.507272  29.816070 21.063
 77    25.572 54898.11502375 20.18 113.506382  29.812780 21.063
 77    25.102 54898.11502439 20.96 113.505499  29.809494 23.457
 77    25.132 54898.11502504 22.18 113.504609  29.806204 23.457
 77    24.781 54898.11502568 23.09 113.503719  29.802914 23.457
 77    23.924 54898.11502633 28.43 113.502829  29.799634 23.457
 77    24.077 54898.11502697 29.48 113.501949  29.796344 23.457
 78    28.796 54933.11498633 30.11 113.514952  29.829965 12.641
 78    24.267 54933.11498827 21.54 113.512292  29.820105 12.641
 78    25.200 54933.11498891 22.02 113.511402  29.816825 12.641
 78    25.692 54933.11498955 22.10 113.510512  29.813535 12.641
 78    25.987 54933.11499020 21.97 113.509632  29.810245 12.641
 78    25.665 54933.11499084 23.18 113.508741  29.806957 28.713
 79    23.362 54968.11502334 23.99 113.510443  29.817070 16.840
 79    25.291 54968.11502398 24.54 113.509553  29.813790 16.840
 79    25.703 54968.11502463 23.57 113.508673  29.810500 16.840
 79    25.719 54968.11502527 23.74 113.507783  29.807210 16.840
 79    25.067 54968.11502591 25.06 113.506898  29.803924 30.644
 80    25.006 55003.11504424 25.76 113.506494  29.813980 30.139
 80    23.466 55003.11504488 25.65 113.505604  29.810690 30.139
 80    24.426 55003.11504553 24.91 113.504719  29.807405 18.894
 80    24.715 55003.11504617 25.52 113.503829  29.804115 18.894
 80    24.768 55003.11504682 26.41 113.502939  29.800825 18.894
 80    25.095 55003.11504746 27.92 113.502059  29.797545 18.894
 81    28.086 55038.11502765 23.42 113.514524  29.829022 16.924
 81    25.727 55038.11502959 15.66 113.511864  29.819152 16.924
 81    26.019 55038.11503023 16.65 113.510974  29.815862 16.924
 81    26.050 55038.11503088 19.04 113.510094  29.812582 16.924
 81    26.362 55038.11503152 20.66 113.509204  29.809292 16.924
 81    25.764 55038.11503217 23.62 113.508319  29.806005 27.049
 82    26.487 55073.11501599 16.06 113.507613  29.815675 17.842
 82    26.705 55073.11501663 16.61 113.506733  29.812385 17.842
 82    26.498 55073.11501728 18.02 113.505843  29.809105 17.842
 82    26.238 55073.11501792 19.95 113.504953  29.805815 17.842
 82    26.254 55073.11501856 21.64 113.504064  29.802527 25.197
 82    24.723 55073.11501921 25.90 113.503184  29.799237 25.197
 83    24.376 55108.11496034 22.62 113.515512  29.828715 13.642
 83    23.805 55108.11496098 22.10 113.514622  29.825425 13.642
 83    20.351 55108.11496227 23.23 113.512842  29.818855 13.642
 83    22.481 55108.11496292 22.38 113.511952  29.815565 13.642
 83    25.364 55108.11496356 22.36 113.511072  29.812275 13.642
 83    26.526 55108.11496421 21.33 113.510181  29.808992 19.375
 84    18.123 55143.11496772 32.36 113.507455  29.815535 22.997
 84    17.835 55143.11496836 31.23 113.506565  29.812245 22.997
 84    17.403 55143.11496901 29.66 113.505682  29.808959 15.679
 84    16.894 55143.11496965 27.26 113.504792  29.805669 15.679
 84    23.020 55143.11497030 25.96 113.503902  29.802389 15.679
 84    23.996 55143.11497094 24.46 113.503012  29.799099 15.679
 85    25.585 55178.11493184 20.44 113.518673  29.830909 14.013
 85    25.520 55178.11493249 18.60 113.517783  29.827619 14.013
 85    25.490 55178.11493313 17.92 113.516903  29.824329 14.013
 85    25.852 55178.11493378 17.98 113.516013  29.821049 14.013
 85    26.115 55178.11493442 16.54 113.515123  29.817759 14.013
 85    26.132 55178.11493507 18.10 113.514233  29.814469 14.013
 85    25.980 55178.11493571 19.97 113.513347  29.811184 23.573
 86    17.176 55213.11496206 37.83 113.509386  29.816512 23.641
 86    17.272 55213.11496271 35.99 113.508506  29.813222 23.641
 86    17.222 55213.11496335 32.48 113.507616  29.809932 23.641
 86    17.265 55213.11496400 32.69 113.506732  29.806647 18.331
 86    17.034 55213.11496464 30.60 113.505842  29.803357 18.331
 86    24.765 55213.11496528 27.02 113.504952  29.800077 18.331
 87    24.444 55248.11493341 23.67 113.516120  29.829036 12.208
 87    16.617 55248.11493405 24.35 113.515240  29.825746 12.208
 87    16.799 55248.11493534 25.11 113.513460  29.819176 12.208
 87    22.614 55248.11493598 23.74 113.512570  29.815886 12.208
 87    22.923 55248.11493663 23.88 113.511690  29.812596 12.208
 87    25.324 55248.11493727 23.89 113.510799  29.809311 22.830
 88    17.319 55283.11495565 30.70 113.507477  29.816012 21.938
 88    17.019 55283.11495629 30.48 113.506587  29.812732 21.938
 88    16.932 55283.11495694 29.23 113.505697  29.809442 21.938
 88    16.327 55283.11495758 28.64 113.504815  29.806153 24.878
 88    24.458 55283.11495823 27.09 113.503925  29.802863 24.878
 88    24.417 55283.11495887 27.55 113.503035  29.799583 24.878
 88    24.363 55283.11495952 27.98 113.502155  29.796293 24.878
 89    25.482 55318.11492524 17.63 113.508410  29.816039 20.566
 89    25.685 55318.11492589 18.70 113.507530  29.812749 20.566
 89    25.493 55318.11492653 19.38 113.506640  29.809459 20.566
 89    25.106 55318.11492718 21.43 113.505755  29.806172 25.264
 89    25.007 55318.11492782 23.44 113.504865  29.802882 25.264
 89    24.788 55318.11492847 26.95 113.503975  29.799592 25.264
 90    25.500 55353.11492836 20.09 113.508729  29.816572 24.586
 90    25.621 55353.11492901 21.20 113.507849  29.813282 24.586
 90    25.635 55353.11492965 21.79 113.506959  29.809992 24.586
 90    25.228 55353.11493030 23.51 113.506067  29.806706 24.934
 90    25.240 55353.11493094 23.94 113.505187  29.803416 24.934
 90    25.043 55353.11493159 27.88 113.504297  29.800136 24.934
 91    28.549 55388.11492306 22.93 113.514345  29.828297 22.322
 91    34.579 55388.11492499 19.11 113.511685  29.818437 22.322
 91    28.585 55388.11492564 19.71 113.510795  29.815147 22.322
 91    35.078 55388.11492628 22.53 113.509905  29.811857 22.322
 91    27.654 55388.11492693 23.81 113.509023  29.808571 27.785
 91    27.238 55388.11492757 27.35 113.508133  29.805281 27.785
 92    27.385 55423.11494554 19.32 113.510892  29.817330 19.678
 92    27.206 55423.11494619 19.68 113.510002  29.814040 19.678
 92    27.087 55423.11494683 20.77 113.509112  29.810760 19.678
 92    27.138 55423.11494748 21.24 113.508232  29.807470 19.678
 92    26.700 55423.11494812 24.11 113.507342  29.804180 19.678
 93    26.231 55458.11491854 18.14 113.508081  29.815297 20.105
 93    26.375 55458.11491918 18.35 113.507201  29.812017 20.105
 93    26.234 55458.11491983 20.13 113.506311  29.808727 20.105
 93    26.264 55458.11492047 20.79 113.505421  29.805437 20.105
 93    26.465 55458.11492112 22.52 113.504533  29.802151 22.523
 93    26.513 55458.11492176 26.23 113.503653  29.798861 22.523
