-195181.472    15.771     0.00    2.08
-194804.805    15.833     0.17    1.92
-194428.157    17.235     3.72    2.68
-194051.530    18.786     4.12    2.83
-193674.924    20.778     5.29    3.02
-193298.338    23.524     7.29    3.16
-192921.772    25.702     5.78    3.47
-192545.227    27.722     5.37    3.08
-192168.702    28.778     2.80    2.57
-191792.198    29.680     2.40    2.46
-191415.714    30.304     1.66    3.18
-191039.250    31.625     3.51    3.35
-190662.807    32.804     3.13    2.82
-190286.384    32.968     0.44    2.74
-189909.982    32.857    -0.30    2.79
-189533.599    32.191    -1.77    2.76
-189157.238    30.946    -3.31    3.31
-188780.896    29.600    -3.58    3.75
-188404.575    27.756    -4.90    3.49
-188028.275    26.009    -4.64    3.34
-187651.994    25.302    -1.88    2.87
-187275.734    24.879    -1.12    2.24
-186899.495    25.051     0.46    1.83
-186523.275    26.451     3.72    2.88
-186147.076    28.386     5.14    3.02
-185770.898    29.864     3.93    3.06
-185394.739    30.781     2.44    3.01
-185018.601    31.531     1.99    3.15
-184642.483    31.991     1.22    3.03
-184266.386    32.874     2.35    3.38
-183890.309    34.768     5.04    3.85
-183514.252    36.486     4.57    4.41
-183138.215    38.457     5.24    4.84
-182762.199    42.013     9.46    6.25
-182386.203    45.586     9.50    7.77
-182010.227    51.395    15.45    6.53
-181634.272    54.237     7.56    3.83
-181258.336    54.413     0.47    3.64
-180882.421    54.736     0.86    5.14
-180506.527    54.986     0.67    5.27
-180130.652    52.978    -5.34    6.52
-179754.798    49.556    -9.10    5.99
-179378.964    47.568    -5.29    5.01
-179003.150    47.667     0.26    5.62
-178627.356    49.191     4.06    5.74
-178251.583    52.408     8.56    6.07
-177875.830    55.038     7.00    5.51
-177500.097    56.560     4.05    4.61
-177124.384    59.168     6.94    6.41
-176748.691    59.386     0.58    6.91
-176373.019    59.486     0.27    6.85
-175997.367    58.079    -3.74    6.07
-175621.734    56.391    -4.50    5.08
-175246.123    53.582    -7.48    3.97
-174870.531    51.302    -6.07    3.01
-174494.959    50.531    -2.05    3.06
-174119.408    51.278     1.99    3.98
-173743.877    53.622     6.25    4.77
-173368.366    55.324     4.53    4.18
-172992.875    55.813     1.30    3.87
-172617.404    55.100    -1.90    4.83
-172241.953    53.147    -5.20    6.06
-171866.523    51.538    -4.29    7.36
-171491.112    48.604    -7.82    7.75
-171115.722    45.257    -8.92    6.79
-170740.352    42.591    -7.11    4.91
-170365.002    40.902    -4.50    4.06
-169989.672    41.898     2.65    4.97
-169614.362    43.038     3.04    5.37
-169239.072    44.304     3.37    4.55
-168863.802    46.235     5.15    5.32
-168488.552    43.568    -7.11    7.62
-168113.323    39.145   -11.79   10.11
-167738.113    34.327   -12.84   10.22
-167362.924    28.491   -15.56    3.84
-166987.755    28.235    -0.68    2.93
-166612.605    29.400     3.11    3.67
-166237.476    30.279     2.35    3.42
-165862.367    32.768     6.64    4.41
-165487.278    35.429     7.09    5.96
-165112.208    37.872     6.52    6.61
-164737.159    40.214     6.25    6.02
-164362.130    41.713     4.00    6.19
-163987.121    43.102     3.70    5.46
-163612.132    44.463     3.63    5.17
-163237.163    46.125     4.43    5.00
-162862.214    48.237     5.63    4.56
-162487.285    47.821    -1.11    3.88
-162112.376    45.881    -5.18    5.02
-161737.487    43.746    -5.70    4.82
-161362.618    41.734    -5.37    4.12
-160987.768    41.017    -1.91    3.95
-160612.939    39.495    -4.06    4.97
-160238.130    37.524    -5.26    5.47
-159863.341    34.995    -6.75    5.32
-159488.572    33.554    -3.84    4.05
-159113.822    33.324    -0.61    3.78
-158739.093    34.600     3.40    4.12
-158364.384    35.918     3.52    3.45
-157989.694    35.778    -0.37    3.66
-157615.025    34.372    -3.75    4.00
-157240.375    33.821    -1.47    3.69
-156865.745    33.712    -0.29    3.39
-156491.135    35.495     4.76    3.85
-156116.546    38.768     8.74    3.65
-155741.976    41.054     6.10    3.94
-155367.426    43.017     5.24    3.23
-154992.895    43.600     1.56    3.45
-154618.385    44.361     2.03    4.28
-154243.895    44.212    -0.40    4.97
-153869.424    42.538    -4.47    5.74
-153494.974    41.054    -3.96    5.49
-153120.543    38.842    -5.91    4.39
-152746.132    37.902    -2.51    2.61
-152371.741    41.572     9.80    9.75
-151997.370    45.908    11.58   12.81
-151623.019    51.079    13.82   15.55
-151248.687    52.951     5.00   14.00
-150874.375    54.102     3.07   12.90
-150500.084    58.408    11.51   16.59
-150125.812    70.813    33.15   23.56
-149751.560    83.605    34.19   25.09
-149377.327    86.746     8.39   23.50
-149003.115    84.586    -5.77   26.44
-148628.922    76.524   -21.55   28.71
-148254.749    66.279   -27.38   20.56
-147880.596    66.918     1.71   18.46
-147506.463    70.327     9.11   19.15
-147132.349    77.786    19.94   22.93
-146758.256    80.872     8.25   24.46
-146384.182    85.214    11.61   30.40
-146010.128   102.879    47.23   34.05
-145636.093   122.724    53.06   32.12
-145262.079   137.446    39.37   28.64
-144888.084   141.968    12.09   23.55
-144514.109   140.116    -4.95   25.15
-144140.153   123.191   -45.27   32.36
-143766.218   103.935   -51.50   31.44
-143392.302    83.679   -54.18   28.34
-143018.406    69.827   -37.05   21.95
-142644.529    71.145     3.53   28.03
-142270.673    73.278     5.70   29.02
-141896.836    80.898    20.39   29.04
-141523.018    76.857   -10.81   26.93
-141149.221    64.548   -32.94   22.81
-140775.443    55.902   -23.13   21.32
-140401.685    46.712   -24.59   14.91
-140027.947    40.691   -16.11    7.42
-139654.228    37.843    -7.62    5.25
-139280.529    36.486    -3.63    5.25
-138906.849    34.973    -4.05    5.28
-138533.190    32.214    -7.38    4.55
-138159.550    30.768    -3.87    4.40
-137785.929    28.941    -4.89    3.86
-137412.329    28.125    -2.18    3.44
-137038.748    26.835    -3.45    2.57
-136665.186    26.057    -2.08    2.55
-136291.645    24.799    -3.37    2.34
-135918.122    24.441    -0.96    2.93
-135544.620    24.857     1.12    4.32
-135171.137    26.327     3.94    4.80
-134797.674    27.031     1.89    4.47
-134424.230    28.082     2.81    3.83
-134050.806    27.930    -0.41    2.98
-133677.402    26.968    -2.57    3.15
-133304.017    27.441     1.26    4.13
-132930.652    28.321     2.36    5.35
-132557.307    31.850     9.45    6.34
-132182.231    33.035     3.16    4.81
-131804.957    33.408     0.99    5.34
-131427.703    32.813    -1.58    5.65
-131050.469    33.057     0.65    5.79
-130673.255    33.560     1.33    5.43
-130296.061    34.278     1.90    3.83
-129918.887    33.524    -2.00    3.48
-129541.733    32.028    -3.97    3.93
-129164.599    29.835    -5.81    4.05
-128787.485    27.738    -5.56    4.12
-128410.391    25.604    -5.66    3.94
-128033.316    23.600    -5.32    4.15
-127656.262    21.430    -5.76    3.95
-127279.228    20.077    -3.59    4.68
-126902.214    20.024    -0.14    5.11
-126525.220    21.054     2.73    5.85
-126148.245    22.952     5.04    5.66
-125771.291    22.946    -0.02    4.71
-125394.357    21.946    -2.65    4.91
-125017.442    23.074     2.99    5.35
-124640.548    25.702     6.97    6.29
-124263.673    28.841     8.33    5.12
-123886.819    30.054     3.22    4.27
-123509.984    28.768    -3.41    4.81
-123133.169    26.691    -5.51    5.59
-122756.374    25.951    -1.96    5.60
-122379.599    26.958     2.67    5.60
-122002.844    28.017     2.81    5.50
-121626.109    29.691     4.44    4.39
-121249.394    28.713    -2.59    3.98
-120872.698    27.886    -2.20    3.86
-120496.023    26.517    -3.64    4.47
-120119.367    24.799    -4.56    4.13
-119742.731    24.259    -1.44    3.87
-119366.115    26.973     7.21    5.62
-118989.519    30.054     8.18    5.29
-118612.943    31.546     3.96    4.11
-118236.386    31.038    -1.35    4.00
-117859.850    29.479    -4.14    4.18
-117483.333    27.256    -5.91    3.67
-117106.836    25.886    -3.64    3.78
-116730.359    25.712    -0.46    4.10
-116353.902    26.124     1.09    3.56
-115977.465    27.005     2.34    3.40
-115601.047    27.147     0.38    3.15
-115224.649    25.929    -3.24    3.69
-114848.271    24.386    -4.10    3.58
-114471.913    22.821    -4.16    3.50
-114095.575    21.517    -3.47    3.95
-113719.256    19.546    -5.24    4.29
-113342.957    17.738    -4.81    4.45
-112966.678    15.281    -6.53    4.42
-112590.419    13.786    -3.98    4.55
-112214.180    11.857    -5.13    3.81
-111837.960    10.524    -3.54    2.77
-111461.760     9.168    -3.61    1.81
-111085.580     8.122    -2.78    1.84
-110709.419     7.500    -1.65    1.85
-110333.278     7.463    -0.10    1.85
-109957.157     6.749    -1.90    1.62
-109581.056     6.057    -1.84    1.52
-109204.975     5.791    -0.71    1.50
-108828.913     5.330    -1.22    1.01
-108452.871     5.546     0.57    1.17
-108076.848     5.841     0.78    1.29
-107700.846     5.759    -0.22    1.26
-107324.863     5.799     0.11    1.27
-106948.899     5.600    -0.53    1.62
-106572.956     5.991     1.04    1.73
-106197.032     6.259     0.71    1.39
-105821.128     6.364     0.28    1.30
-105445.243     6.429     0.17    1.14
-105069.378     6.281    -0.39    1.05
-104693.533     6.791     1.35    1.42
-104317.708     7.734     2.51    2.08
-103941.902     9.057     3.52    2.72
-103566.116    11.281     5.92    4.11
-103190.349    14.063     7.40    5.02
-102814.602    17.327     8.69    4.27
-102438.875    18.079     2.00    3.39
-102063.167    17.122    -2.55    3.27
-101687.479    15.657    -3.90    3.78
-101311.811    13.702    -5.21    3.24
-100936.162    11.509    -5.84    3.52
-100560.533     9.060    -6.52    3.60
-100184.923     7.463    -4.25    2.72
 -99809.333     6.281    -3.15    1.70
 -99433.763     6.702     1.12    2.13
 -99058.212     7.100     1.06    2.63
 -98682.681     8.147     2.79    3.25
 -98307.169     8.908     2.03    4.15
 -97931.677     9.324     1.11    4.68
 -97556.205     8.054    -3.38    4.61
 -97180.752     6.781    -3.39    3.88
 -96805.318     5.324    -3.88    2.61
 -96429.905     4.581    -1.98    1.41
 -96054.510     4.364    -0.58    1.35
 -95679.136     4.850     1.29    1.22
 -95303.781     5.035     0.49    1.35
 -94928.445     5.031    -0.01    1.54
 -94553.129     5.121     0.24    2.14
 -94177.832     4.509    -1.63    2.20
 -93802.555     4.116    -1.05    2.43
 -93427.298     4.635     1.38    2.26
 -93052.060     5.005     0.98    2.22
 -92676.841     5.413     1.09    2.18
 -92301.642     5.746     0.89    1.85
 -91926.463     5.857     0.30    1.62
 -91551.303     5.759    -0.26    1.61
 -91176.163     5.459    -0.80    1.43
 -90801.042     4.902    -1.49    1.31
 -90425.940     9.463    12.16   12.97
 -90050.858    17.346    21.02   20.16
 -89675.795    36.613    51.37   34.80
 -89300.752    58.524    58.43   37.76
 -88925.729    80.100    57.54   41.95
 -88550.724   100.727    55.01   55.99
 -88175.740   105.077    11.60   60.32
 -87800.774   106.104     2.74   58.47
 -87425.828   111.531    14.48   51.07
 -87050.902   109.517    -5.37   45.37
 -86675.995    95.429   -37.58   41.17
 -86301.107    74.886   -54.80   41.08
 -85926.239    52.191   -60.55   25.25
 -85551.391    39.079   -34.98   14.81
 -85176.561    31.995   -18.90    6.15
 -84801.751    29.582    -6.44    3.74
 -84426.961    28.857    -1.93    3.34
 -84052.190    30.804     5.20    5.51
 -83677.438    31.821     2.71    5.99
 -83302.705    33.888     5.52    6.08
 -82927.992    35.257     3.65    4.82
 -82553.299    35.635     1.01    4.25
 -82178.625    34.756    -2.35    4.18
 -81803.970    33.079    -4.47    4.36
 -81429.334    31.713    -3.65    4.61
 -81054.718    31.060    -1.74    4.68
 -80680.121    32.009     2.53    5.45
 -80305.544    34.057     5.47    5.31
 -79930.986    35.902     4.92    3.84
 -79556.447    37.304     3.74    4.38
 -79181.927    37.395     0.24    4.29
 -78807.427    37.191    -0.55    4.60
 -78432.946    37.279     0.24    4.45
 -78058.485    35.879    -3.74    4.10
 -77684.043    34.577    -3.48    4.75
 -77309.620    32.013    -6.85    5.01
 -76935.216    29.350    -7.11    4.40
 -76560.832    26.364    -7.97    4.51
 -76186.467    24.441    -5.14    4.90
 -75812.121    21.568    -7.67    5.36
 -75437.795    20.191    -3.68    5.83
 -75063.488    19.324    -2.32    5.87
 -74689.200    17.524    -4.81    5.92
 -74314.931    15.493    -5.43    6.03
 -73940.682    14.147    -3.60    5.08
 -73566.452    13.237    -2.43    3.99
 -73192.241    14.413     3.14    4.24
 -72818.050    16.712     6.15    4.34
 -72443.877    18.368     4.43    4.74
 -72069.724    21.391     8.08    5.32
 -71695.590    23.262     5.00    5.71
 -71321.476    25.191     5.16    5.94
 -70947.380    27.619     6.49    6.03
 -70573.304    28.973     3.62    5.62
 -70199.247    31.850     7.69    6.13
 -69825.209    35.857    10.72   11.07
 -69451.191    50.713    39.72   27.71
 -69077.191    56.905    16.56   26.75
 -68703.211    56.509    -1.06   26.29
 -68329.250    51.142   -14.35   27.26
 -67955.309    39.657   -30.71   20.52
 -67581.386    29.963   -25.93    7.09
 -67207.482    27.122    -7.60    7.26
 -66833.598    24.781    -6.26    7.73
 -66459.733    20.667   -11.01    6.33
 -66085.887    16.850   -10.21    4.68
 -65712.060    14.266    -6.91    3.81
 -65338.253    11.813    -6.56    3.16
 -64964.464    10.470    -3.59    2.90
 -64590.695     9.146    -3.54    2.80
 -64216.945     7.657    -3.98    2.14
 -63843.214     6.667    -2.65    1.35
 -63469.502     6.304    -0.97    1.38
 -63095.809     6.310     0.01    1.61
 -62722.135     6.372     0.17    2.01
 -62348.481     6.260    -0.30    2.23
 -61974.845     6.279     0.05    2.23
 -61601.229     6.368     0.24    2.57
 -61227.632     6.981     1.64    2.93
 -60854.053     6.668    -0.84    3.63
 -60480.494     6.291    -1.01    4.06
 -60106.954     4.850    -3.86    3.65
 -59733.433     4.098    -2.01    1.86
 -59359.931     4.613     1.38    1.91
 -58986.449     5.554     2.52    1.60
 -58612.985     6.372     2.19    1.60
 -58239.540     7.079     1.89    1.81
 -57866.115     7.291     0.57    1.78
 -57492.708     7.009    -0.75    1.88
 -57117.135     6.191    -2.18    2.01
 -56739.913     5.941    -0.66    2.11
 -56362.711     5.813    -0.34    2.03
 -55985.529     5.941     0.34    1.40
 -55608.366     5.843    -0.26    1.39
 -55231.222     5.643    -0.53    1.50
 -54854.098     5.702     0.16    1.50
 -54476.993     6.054     0.93    1.42
 -54099.908     6.495     1.17    1.70
 -53722.842     6.657     0.43    1.62
 -53345.795     7.031     0.99    1.70
 -52968.768     7.625     1.58    1.67
 -52591.760     7.986     0.96    1.75
 -52214.772     8.302     0.84    1.86
 -51837.803     8.577     0.73    1.86
 -51460.854     9.473     2.38    2.86
 -51083.924    11.479     5.32    3.76
 -50707.013    13.473     5.29    3.55
 -50330.122    14.324     2.26    3.03
 -49953.250    13.613    -1.89    3.47
 -49576.397    12.237    -3.65    3.77
 -49199.564    10.495    -4.62    2.69
 -48822.750     9.714    -2.07    1.94
 -48445.955     9.479    -0.62    1.53
 -48069.180     9.147    -0.88    2.03
 -47692.424     8.857    -0.77    2.22
 -47315.688     8.502    -0.94    2.40
 -46938.971     8.762     0.69    2.37
 -46562.273     8.538    -0.59    2.32
 -46185.594     7.643    -2.38    2.53
 -45808.935     7.124    -1.38    2.33
 -45432.295     6.691    -1.15    2.19
 -45055.675     6.577    -0.30    2.33
 -44679.073     6.350    -0.60    1.84
 -44302.491     6.341    -0.02    1.67
 -43925.929     6.479     0.37    1.62
 -43549.385     6.470    -0.03    1.61
 -43172.861     6.702     0.62    1.46
 -42796.356     7.057     0.94    1.39
 -42419.871     6.881    -0.47    1.49
 -42043.405     6.577    -0.81    1.63
 -41666.958     6.191    -1.03    1.59
 -41290.530     5.986    -0.54    1.47
 -40914.121     6.168     0.48    1.42
 -40537.732     6.168     0.00    1.27
 -40161.362     6.368     0.53    1.32
 -39785.011     6.069    -0.80    1.50
 -39408.680     6.486     1.11    1.84
 -39032.368     6.795     0.82    1.65
 -38656.074     6.786    -0.03    1.82
 -38279.801     6.435    -0.93    1.69
 -37903.546     6.302    -0.35    1.51
 -37527.311     6.017    -0.76    1.54
 -37151.094     5.929    -0.23    1.34
 -36774.897     6.435     1.35    1.65
 -36398.720     6.827     1.04    2.06
 -36022.561     7.281     1.21    2.13
 -35646.422     7.191    -0.24    2.14
 -35270.301     6.781    -1.09    1.85
 -34894.200     6.635    -0.39    1.69
 -34518.118     7.009     0.99    1.70
 -34142.056     6.568    -1.17    1.70
 -33766.012     6.259    -0.82    1.86
 -33389.988     6.077    -0.48    1.85
 -33013.982     6.100     0.06    1.94
 -32637.996     5.918    -0.48    2.25
 -32262.029     6.009     0.24    3.07
 -31886.082     5.918    -0.24    3.45
 -31510.153     5.872    -0.12    3.18
 -31134.243     5.235    -1.70    2.47
 -30758.353     5.054    -0.48    2.12
 -30382.482     4.625    -1.14    2.03
 -30006.629     4.147    -1.27    2.05
 -29630.796     4.457     0.83    2.57
 -29254.982     5.463     2.68    2.81
 -28879.187     5.713     0.67    2.61
 -28503.412     5.924     0.56    2.45
 -28127.655     6.000     0.20    2.70
 -27751.917     4.864    -3.02    2.80
 -27376.199     5.009     0.38    2.94
 -27000.499     5.191     0.48    2.84
 -26624.819     5.941     2.00    3.38
 -26249.158     7.000     2.82    3.26
 -25873.515     7.691     1.84    2.99
 -25497.892     7.337    -0.94    3.22
 -25122.288     8.435     2.92    2.75
 -24746.703     9.918     3.95    2.94
 -24371.137    10.827     2.42    2.53
 -23995.590    11.463     1.69    2.41
 -23620.062    11.654     0.51    2.57
 -23244.553     9.622    -5.41    3.57
 -22869.063     7.857    -4.70    3.75
 -22493.592     6.281    -4.20    3.32
 -22118.140     4.857    -3.79    1.41
 -21742.707     5.191     0.89    1.46
 -21367.294     5.235     0.12    1.41
 -20991.899     5.691     1.21    1.34
 -20616.523     5.781     0.24    1.35
 -20241.166     5.643    -0.37    1.33
 -19865.828     5.657     0.04    1.42
 -19490.509     5.827     0.45    1.51
 -19115.209     6.237     1.09    1.65
 -18739.928     6.879     1.71    1.72
 -18364.666     7.191     0.83    1.60
 -17989.423     7.327     0.36    1.73
 -17614.199     7.098    -0.61    1.85
 -17238.994     6.645    -1.21    1.50
 -16863.808     6.213    -1.15    1.20
 -16488.640     6.327     0.30    1.72
 -16113.492     6.560     0.62    1.90
 -15738.363     6.500    -0.16    1.91
 -15363.252     6.191    -0.83    1.58
 -14988.161     6.395     0.55    1.37
 -14613.088     6.441     0.12    1.46
 -14238.034     6.502     0.16    1.53
 -13863.000     6.577     0.20    1.69
 -13487.984     6.256    -0.86    1.85
 -13112.987     5.762    -1.32    1.63
 -12738.009     5.668    -0.25    1.47
 -12363.049     5.509    -0.42    1.44
 -11988.109     5.235    -0.73    1.43
 -11613.188     5.235     0.00    1.59
 -11238.285     4.918    -0.85    1.45
 -10863.401     4.451    -1.24    1.79
 -10488.536     4.470     0.05    1.97
 -10113.691     4.635     0.44    1.89
  -9738.863     4.418    -0.58    1.71
  -9364.055     4.804     1.03    1.74
  -8989.266     4.902     0.26    1.88
  -8614.495     4.622    -0.75    1.69
  -8239.743     4.736     0.30    1.55
  -7865.011     4.850     0.30    1.52
  -7490.296     4.768    -0.22    1.59
  -7115.601     4.781     0.04    1.73
  -6740.925     4.486    -0.79    1.76
  -6366.267     4.395    -0.24    1.82
  -5991.628     4.168    -0.61    1.66
  -5617.008     4.327     0.42    1.59
  -5242.407     4.463     0.36    1.44
  -4867.825     4.554     0.24    1.53
  -4493.261     4.724     0.45    1.63
  -4118.716     4.850     0.34    1.80
  -3744.190     5.102     0.67    1.94
  -3369.683     5.509     1.09    1.72
  -2995.194     6.546     2.77    1.99
  -2620.725     7.122     1.54    2.20
  -2246.274     7.509     1.03    2.10
  -1871.842     7.768     0.69    2.48
  -1497.428     6.238    -4.09    3.60
  -1123.033     3.712    -6.75    4.40
   -748.657     1.736    -5.28    4.32
   -374.300    -0.628    -6.31    0.95
      0.038    -0.809    -0.49    0.00
    374.358    -0.809     0.00    0.00
    748.659    -0.809     0.00    0.00
   1122.941    -0.738     0.19    0.34
   1497.205     1.625     6.31    4.35
   1871.450     4.122     6.67    4.99
   2245.676     6.035     5.11    4.42
   2619.884     7.804     4.73    2.70
   2994.072     7.600    -0.55    2.35
   3368.243     6.724    -2.34    2.80
   3742.394     6.143    -1.55    2.91
   4116.527     5.495    -1.73    2.46
   4490.641     5.333    -0.43    1.97
   4864.736     5.791     1.22    1.76
   5238.813     5.986     0.52    1.68
   5612.871     6.057     0.19    1.70
   5986.910     5.600    -1.22    2.30
   6360.931     4.703    -2.40    2.27
   6734.933     4.759     0.15    2.41
   7108.917     5.000     0.65    2.51
   7482.881     6.102     2.95    2.55
   7856.828     6.804     1.88    2.18
   8230.755     6.372    -1.15    2.00
   8604.664     5.759    -1.64    1.74
   8978.554     5.044    -1.91    1.39
   9352.426     5.259     0.57    1.62
   9726.279     5.452     0.52    1.53
  10100.113     5.546     0.25    1.63
  10473.929     5.645     0.26    1.70
  10847.727     5.691     0.12    1.56
  11221.505     5.281    -1.09    1.36
  11595.265     4.947    -0.90    1.39
  11969.007     4.668    -0.75    1.41
  12342.730     4.214    -1.21    1.18
  12716.434     4.213    -0.00    1.39
  13090.120     4.122    -0.24    1.35
  13463.787     4.372     0.67    2.60
  13837.436     6.079     4.57    7.93
  14211.066     7.142     2.84    8.36
  14584.677     5.895    -3.34    3.84
  14958.270     5.215    -1.82    2.81
  15331.845     8.679     9.27   10.01
  15705.401    19.749    29.63   24.01
  16078.938    25.486    15.36   23.42
  16452.457    35.509    26.83   27.91
  16825.957    47.581    32.32   38.54
  17199.439    56.281    23.30   51.92
  17572.902    68.691    33.23   56.32
  17948.964    72.991    11.43   56.67
  18326.140    74.986     5.29   45.50
  18703.297    85.632    28.23   43.76
  19080.435    88.079     6.49   42.15
  19457.554    82.316   -15.28   35.49
  19834.654    78.554    -9.97   33.68
  20211.736    72.591   -15.81   27.62
  20588.798    79.827    19.19   37.35
  20965.842    78.509    -3.50   37.61
  21342.867    76.470    -5.41   39.09
  21719.873    70.279   -16.42   35.16
  22096.860    68.881    -3.71   41.17
  22473.828    54.395   -38.43   36.55
  22850.777    52.813    -4.20   34.77
  23227.708    50.941    -4.97   28.99
  23604.620    45.791   -13.66   22.66
  23981.513    42.238    -9.43    9.21
  24358.387    38.413   -10.15    8.88
  24735.242    34.377   -10.71    7.85
  25112.078    35.102     1.92    8.88
  25488.896    44.941    26.11   23.17
  25865.695    56.473    30.61   34.32
  26242.475    64.031    20.06   34.26
  26619.236    65.736     4.52   34.20
  26995.978    62.302    -9.12   28.46
  27372.702    57.031   -13.99   20.49
  27749.407    54.895    -5.67   17.97
  28126.093    54.600    -0.78   16.76
  28502.760    58.463    10.26   22.40
  28879.408    62.691    11.22   22.78
  29256.038    75.418    33.79   29.90
  29632.649    88.122    33.73   34.64
  30009.241   105.168    45.26   40.47
  30385.815   126.857    57.59   38.95
  30762.369   142.600    41.81   35.12
  31138.905   143.756     3.07   37.90
  31515.423   135.279   -22.51   40.63
  31891.921   109.531   -68.39   47.82
  32268.401    81.539   -74.35   42.43
  32644.862    62.035   -51.81   29.81
  33021.304    47.619   -38.29   23.63
  33397.728    39.645   -21.18   24.17
  33774.133    34.168   -14.55   24.79
  34150.519    26.463   -20.47   21.26
  34526.887    24.872    -4.23   21.23
  34903.235    27.191     6.16   25.33
  35279.565    33.941    17.94   30.41
  35655.877    38.262    11.48   30.22
  36032.170    32.554   -15.17   23.66
  36408.444    30.531    -5.38   20.32
  36784.699    39.554    23.98   33.76
  37160.936    47.350    20.72   40.46
  37537.154    42.391   -13.18   38.05
  37913.353    40.963    -3.79   28.87
  38289.534    34.702   -16.64   17.57
  38665.696    40.713    15.98   24.92
  39041.840    47.013    16.75   30.20
  39417.965    66.262    51.18   44.25
  39794.071    70.441    11.11   45.42
  40170.158    65.093   -14.22   42.33
  40546.227    65.145     0.14   42.42
  40922.278    66.941     4.77   55.36
  41298.309    50.493   -43.74   30.72
  41674.322    40.102   -27.63    9.73
  42050.317    40.766     1.77    9.33
  42426.293    44.554    10.08   11.06
  42802.250    52.741    21.77   24.34
  43178.189    69.122    43.57   43.32
  43554.109    97.145    74.54   62.45
  43930.010   131.005    90.07   78.65
  44305.893   179.146   128.07  110.64
  44681.758   211.016    84.79  118.03
  45057.604   263.327   139.18  121.88
  45433.431   310.214   124.75  103.43
  45809.239   332.679    59.78   82.09
  46185.030   346.124    35.78   62.93
  46560.801   331.539   -38.81   68.74
  46936.554   289.582  -111.66   79.11
  47312.289   254.238   -94.06   75.65
  47688.005   221.657   -86.71   68.53
  48063.702   195.098   -70.69   54.68
  48439.381   179.951   -40.31   46.23
  48815.041   167.509   -33.12   52.79
  49190.683   139.786   -73.80   43.61
  49566.307   116.082   -63.10   37.18
  49941.911    97.167   -50.36   23.72
  50317.498    88.413   -23.31   11.61
  50693.066    85.035    -8.99   11.18
  51068.615    82.886    -5.72   12.14
  51444.146    80.895    -5.30   11.49
  51819.658    76.888   -10.67   11.34
  52195.152    70.879   -16.00   13.36
  52570.627    64.214   -17.75   14.27
  52946.084    57.418   -18.10   12.36
  53321.523    55.991    -3.80   14.18
  53696.943    55.679    -0.83   15.64
  54072.344    54.102    -4.20   16.07
  54447.728    51.531    -6.85   15.10
  54823.092    46.691   -12.90   11.34
  55198.438    44.279    -6.42    8.93
  55573.766    42.463    -4.84    8.43
  55949.076    41.568    -2.38    7.92
  56324.366    40.691    -2.34    8.50
  56699.639    42.413     4.59   11.10
  57074.893    43.413     2.66   12.48
  57450.129    43.986     1.53   13.27
  57825.346    46.835     7.59   14.78
  58200.545    46.074    -2.03   15.33
  58575.725    44.146    -5.14   14.53
  58950.887    42.554    -4.24   13.78
  59326.031    38.145   -11.75   10.73
  59701.156    34.035   -10.96    8.79
  60076.263    30.327    -9.88    6.94
  60451.351    30.100    -0.61    8.30
  60826.422    29.333    -2.04    9.01
  61201.473    28.669    -1.77    8.99
  61576.507    30.609     5.17   10.66
  61951.522    37.486    18.34   16.42
  62326.518    47.918    27.82   18.61
  62701.497    59.463    30.79   15.51
  63076.457    62.857     9.05   13.02
  63451.398    60.072    -7.43   15.11
  63826.322    56.691    -9.02   13.56
  64201.226    57.918     3.27   12.32
  64576.113    60.463     6.79   11.21
  64950.981    60.929     1.24   10.96
  65325.831    57.563    -8.98   10.96
  65700.663    49.213   -22.27   10.91
  66075.476    42.849   -16.98   10.68
  66450.271    38.017   -12.89   12.71
  66825.048    37.600    -1.11   18.25
  67199.807    40.835     8.63   21.86
  67574.547    40.238    -1.59   20.54
  67949.269    36.800    -9.17   13.05
  68323.972    34.736    -5.51    5.66
  68698.658    35.666     2.48    4.51
  69073.325    44.546    23.70   17.35
  69447.973    56.963    33.14   28.59
  69822.604    65.850    23.72   33.28
  70197.216    67.725     5.01   33.58
  70571.810    69.266     4.11   34.12
  70946.386    77.100    20.91   47.25
  71320.943    83.491    17.06   50.11
  71695.483   103.324    52.95   63.66
  72070.004   127.679    65.03   67.40
  72444.506   175.941   128.86   73.61
  72818.991   229.632   143.37   55.20
  73193.457   240.703    29.56   66.23
  73567.905   254.441    36.68   78.56
  73942.335   270.166    41.99   91.82
  74316.747   290.413    54.07   99.60
  74691.140   365.074   199.41   90.30
  75065.516   412.804   127.48   67.12
  75439.873   391.486   -56.94   83.21
  75814.212   349.341  -112.58  105.55
  76188.532   296.986  -139.86  108.75
  76562.835   232.020  -173.55   84.21
  76937.119   175.857  -150.04   84.00
  77311.385   146.981   -77.15   73.31
  77685.633   135.577   -30.47   54.64
  78059.863   145.395    26.23   50.65
  78434.075   175.466    80.35   58.62
  78808.268   215.804   107.79   60.14
  79182.444   252.044    96.85   70.13
  79556.601   309.591   153.79   97.12
  79930.740   390.074   215.10  108.56
  80304.861   457.645   180.60  115.82
  80678.964   526.279   183.45   93.89
  81053.049   541.434    40.51   75.40
  81427.115   495.441  -122.95  116.57
  81801.164   417.654  -207.94  130.82
  82175.194   351.524  -176.79  115.76
  82549.206   279.486  -192.59   87.52
  82923.200   243.236   -96.92   71.59
  83297.176   201.079  -112.72   61.27
  83671.134   184.483   -44.38   45.91
  84045.074   193.350    23.71   56.73
  84418.996   221.630    75.62   78.48
  84792.899   249.924    75.67   81.88
  85166.785   296.327   124.10   81.76
  85540.652   336.958   108.67   86.09
  85914.502   384.302   126.63   87.65
  86288.333   412.069    74.27   82.54
  86662.146   433.441    57.17   69.65
  87035.942   443.678    27.39   58.94
  87409.719   446.146     6.60   70.70
  87783.478   430.168   -42.75   91.40
  88157.219   406.446   -63.47  107.09
  88530.942   365.391  -109.85  117.23
  88904.647   356.825   -22.92  109.99
  89278.334   377.691    55.83  111.52
  89652.003   429.041   137.41  103.42
  90025.654   479.009   133.72   83.97
  90399.287   526.077   125.96   60.03
  90772.902   533.214    19.10   57.36
  91146.499   522.191   -29.50   61.23
  91520.078   505.434   -44.85   63.28
  91893.639   484.668   -55.59   58.41
  92267.182   462.466   -59.43   62.02
  92640.706   456.668   -15.52   66.19
  93017.258   440.509   -42.91   73.52
  93394.387   436.772    -9.91   71.43
  93771.498   416.835   -52.86   76.21
  94148.590   399.291   -46.52   80.71
  94525.664   390.418   -23.53   86.45
  94902.720   379.483   -29.00   79.00
  95279.757   368.009   -30.43   67.85
  95656.776   355.191   -34.00   53.68
  96033.777   343.572   -30.82   63.02
  96410.759   352.327    23.22   70.28
  96787.723   350.191    -5.67   84.49
  97164.669   367.145    44.97   84.48
  97541.596   375.463    22.07   81.44
  97918.505   348.531   -71.45   95.72
  98295.396   303.031  -120.71  102.68
  98672.268   233.833  -183.60   94.18
  99049.123   179.235  -144.87   75.13
  99425.959   155.772   -62.26   44.89
  99802.776   153.941    -4.86   39.10
 100179.576   161.879    21.07   40.67
 100556.357   181.035    50.84   50.11
 100933.120   206.418    67.36   60.42
 101309.864   255.609   130.56   70.46
 101686.591   271.591    42.42   55.16
 102063.299   268.077    -9.33   51.68
 102439.989   250.768   -45.94   58.28
 102816.660   239.850   -28.98   62.42
 103193.313   230.645   -24.44   68.09
 103569.949   225.079   -14.78   67.59
 103946.566   208.145   -44.96   60.66
 104323.164   210.958     7.47   68.06
 104699.745   218.441    19.87   84.82
 105076.307   210.586   -20.86   91.52
 105452.851   181.281   -77.82   79.48
 105829.377   155.213   -69.23   59.92
 106205.884   130.691   -65.12   29.64
 106582.374   123.013   -20.39   20.43
 106958.845   118.005   -13.30   15.90
 107335.298   115.813    -5.82   12.47
 107711.733   114.031    -4.73    9.29
 108088.150   111.509    -6.70    7.87
 108464.548   108.963    -6.76    6.32
 108840.929   106.986    -5.25    4.43
 109217.291   110.395     9.06   12.12
 109593.635   119.452    24.06   20.44
 109969.961   130.413    29.12   28.12
 110346.269   143.502    34.78   34.85
 110722.558   151.213    20.49   41.01
 111098.830   155.476    11.33   49.39
 111475.083   158.818     8.88   49.71
 111851.318   179.279    54.38   61.46
 112227.535   193.556    37.94   64.25
 112603.734   198.057    11.96   64.65
 112979.915   197.168    -2.36   62.26
 113356.078   179.353   -47.35   58.88
 113732.222   156.600   -60.49   59.16
 114108.349   136.313   -53.93   52.96
 114484.457   115.509   -55.31   24.21
 114860.548   108.524   -18.57    7.76
 115236.620   110.236     4.55    8.81
 115612.674   110.122    -0.30    8.69
 115988.710   110.166     0.12    7.95
 116364.728   112.395     5.93    9.25
 116740.728   116.866    11.89   15.22
 117116.710   135.568    49.74   45.09
 117492.673   166.632    82.62   70.31
 117868.619   204.600   100.98   85.58
 118244.547   223.260    49.63   92.79
 118620.456   262.616   104.68  116.54
 118996.348   263.145     1.41  135.06
 119372.221   239.532   -62.82  126.11
 119748.077   257.077    46.67  117.51
 120123.914   289.645    86.65  113.36
 120499.734   352.237   166.53  120.72
 120875.535   383.304    82.66  130.79
 121251.318   383.954     1.73  132.53
 121627.084   390.304    16.90  144.62
 122002.831   352.795   -99.81  132.20
 122378.561   330.724   -58.74  120.84
 122754.272   299.279   -83.68  117.20
 123129.965   245.353  -143.52   92.83
 123505.641   212.259   -88.08   57.50
 123881.298   202.770   -25.26   51.83
 124256.937   192.713   -26.77   41.04
 124632.559   186.850   -15.61   31.95
 125008.162   191.895    13.43   31.00
 125383.748   210.635    49.89   39.16
 125759.315   237.572    71.71   32.86
 126134.865   253.577    42.61   28.86
 126510.396   261.062    19.93   27.45
 126885.910   265.191    10.99   31.63
 127261.406   279.213    37.34   46.57
 127636.883   287.395    21.79   55.65
 128012.343   264.213   -61.74   64.30
 128387.785   258.391   -15.51   68.06
 128763.209   246.963   -30.43   64.67
 129138.615   251.816    12.92   73.66
 129514.003   287.333    94.61   91.15
 129889.373   322.304    93.15   80.78
 130264.725   336.446    37.67   68.57
 130640.060   333.679    -7.37   62.86
 131015.376   307.691   -69.24   55.81
 131390.675   300.441   -19.32   52.70
 131765.955   310.548    26.93   63.85
 132141.218   312.656     5.62   60.75
 132516.463   319.259    17.59   58.69
 132891.690   313.000   -16.68   64.86
 133266.899   291.600   -57.03   59.91
 133642.090   274.714   -45.00   44.27
 134017.264   268.554   -16.42   37.53
 134392.419   268.486    -0.18   36.47
 134767.557   267.031    -3.88   37.21
 135142.677   260.531   -17.33   33.93
 135517.779   265.833    14.13   40.54
 135892.863   271.013    13.81   45.53
 136267.929   279.005    21.30   50.29
 136642.978   281.167     5.77   48.80
 137018.008   288.981    20.83   45.76
 137393.021   313.857    66.33   60.80
 137768.016   362.260   129.06   94.37
 138142.993   441.548   211.42  141.38
 138517.953   522.413   215.64  143.69
 138892.894   634.981   300.19  124.54
 139267.818   711.888   205.10  100.42
 139642.724   712.586     1.86   92.81
 140017.612   702.591   -26.66  102.96
 140392.482   617.281  -227.54  143.90
 140767.335   509.313  -287.99  102.80
 141142.169   460.054  -131.40   85.95
 141516.986   438.850   -56.57   71.58
 141891.786   467.259    75.79   83.26
 142266.567   534.539   179.50   84.74
 142641.331   575.941   110.46   61.90
 143016.077   573.600    -6.25   70.86
 143390.805   544.452   -77.77   95.08
 143765.515   506.850  -100.34  100.94
 144140.208   460.645  -123.30   90.30
 144514.883   462.895     6.00   84.88
 144889.540   467.260    11.65   78.42
 145264.179   494.377    72.37   92.78
 145638.801   550.418   149.57  105.83
 146013.405   593.516   115.04   89.85
 146387.991   612.502    50.68   83.22
 146762.560   624.600    32.29   94.95
 147137.111   634.009    25.12  120.03
 147511.644   629.668   -11.59  128.08
 147886.159   634.632    13.25  130.20
 148260.657   630.013   -12.33  122.56
 148635.137   592.842   -99.25  116.42
 149009.599   596.279     9.18  108.30
 149384.044   602.054    15.42   81.56
 149758.471   604.168     5.65   69.43
 150132.880   600.645    -9.41   80.08
 150507.272   592.833   -20.86  109.19
 150881.646   591.304    -4.08  119.83
 151256.002   592.586     3.42  111.38
 151630.341   592.591     0.01   98.22
 152004.662   577.632   -39.96   88.51
 152378.965   538.568  -104.35   96.05
 152753.251   477.713  -162.57   99.85
 153127.519   415.857  -165.25   73.59
 153501.769   397.818   -48.19   61.43
 153876.002   390.446   -19.70   58.73
 154250.217   400.435    26.69   59.55
 154624.415   401.100     1.78   58.60
 154998.595   386.234   -39.72   64.27
 155372.757   368.353   -47.78   73.84
 155746.902   363.191   -13.80   79.15
 156121.029   329.516   -90.00   80.15
 156495.138   300.284   -78.13   68.80
 156869.230   280.941   -51.70   61.34
 157243.304   265.100   -42.34   61.14
 157617.361   264.995    -0.28   68.97
 157991.400   254.191   -28.88   61.90
 158365.421   249.548   -12.41   56.62
 158739.425   237.028   -33.47   49.54
 159113.412   218.539   -49.43   37.69
 159487.381   211.327   -19.28   30.75
 159861.332   210.577    -2.01   24.31
 160235.265   219.691    24.37   29.17
 160609.182   229.122    25.22   23.98
 160983.080   229.121    -0.00   27.11
 161356.961   218.865   -27.43   20.93
 161730.825   220.668     4.82   27.95
 162104.671   232.327    31.18   43.17
 162478.499   243.100    28.81   52.87
 162852.310   242.256    -2.26   53.37
 163226.103   221.395   -55.80   43.99
 163599.879   204.191   -46.02   28.11
 163973.637   195.850   -22.31   22.16
 164347.378   180.759   -40.37   24.43
 164721.101   174.713   -16.17   24.13
 165094.807   179.509    12.83   32.76
 165468.495   188.778    24.80   39.44
 165842.166   205.554    44.89   38.17
 166215.820   224.143    49.74   38.98
 166589.455   240.395    43.49   47.38
 166963.074   242.577     5.84   49.92
 167336.675   241.759    -2.19   50.76
 167710.258   243.446     4.52   48.82
 168087.293   248.446    13.26   46.02
 168464.374   281.759    88.33   61.73
 168841.436   331.981   133.17   70.24
 169218.481   369.191    98.67   75.45
 169595.508   402.145    87.39   59.79
 169972.517   421.524    51.39   60.32
 170349.509   416.400   -13.59   65.92
 170726.482   396.470   -52.86   64.36
 171103.438   369.850   -70.61   51.51
 171480.376   341.981   -73.92   56.03
 171857.297   320.725   -56.38   53.53
 172234.199   316.872   -10.22   47.00
 172611.084   329.918    34.61   53.05
 172987.951   384.691   145.31   70.23
 173364.800   438.918   143.87   80.98
 173741.632   479.031   106.43   70.44
 174118.445   495.168    42.82   52.32
 174495.241   471.144   -63.75   67.48
 174872.020   424.213  -124.54   73.98
 175248.780   383.554  -107.90   50.23
 175625.523   375.691   -20.87   43.05
 176002.248   364.281   -30.28   45.90
 176378.955   372.981    23.09   66.28
 176755.645   405.257    85.67   81.14
 177132.317   406.310     2.79   96.04
 177508.971   408.281     5.23  110.69
 177885.608   383.546   -65.66  118.95
 178262.226   341.353  -112.01   90.41
 178638.827   325.054   -43.27   71.56
 179015.411   311.786   -35.23   44.85
 179391.976   307.430   -11.57   42.50
 179768.524   301.028   -17.00   42.97
 180145.055   298.645    -6.33   41.73
 180521.567   294.500   -11.01   45.10
 180898.062   309.810    40.66   57.62
 181274.540   332.781    61.01   67.32
 181650.999   350.991    48.36   65.96
 182027.441   363.702    33.76   67.32
 182403.866   369.827    16.27   78.31
 182780.272   380.725    28.95  100.24
 183156.661   398.100    46.15  111.85
 183533.033   397.044    -2.80  110.59
 183909.387   399.191     5.70   98.13
 184285.723   391.643   -20.05   76.28
 184662.041   413.327    57.61   70.00
 185038.342   446.214    87.38   78.70
 185414.625   475.605    78.10   71.03
 185790.891   482.191    17.50   82.27
 186167.139   485.441     8.64   94.86
 186543.369   494.035    22.84  108.45
 186919.582   523.981    79.59  117.58
 187295.777   572.622   129.28  123.88
 187671.955   648.554   201.82  118.58
 188048.115   669.037    54.44   99.36
 188424.258   664.191   -12.88   91.80
 188800.383   619.630  -118.45  109.22
 189176.490   580.635  -103.66   99.14
 189552.580   584.035     9.04   96.92
 189928.652   604.446    54.27   89.69
 190304.706   617.804    35.52   74.33
 190680.743   629.506    31.11   83.05
 191056.763   607.236   -59.22  101.33
 191432.765   559.935  -125.78  104.57
 191808.749   533.281   -70.88   88.41
 192184.716   506.645   -70.84   61.03
 192560.665   512.849    16.50   91.50
 192936.597   547.645    92.54  111.86
 193312.512   580.216    86.63  112.25
 193688.408   600.372    53.61   93.88
 194064.288   632.941    86.63   97.48
 194440.149   685.958   141.03  133.25
 194815.993   775.486   238.16  169.70
 195191.820   872.191   257.27  179.92
 195567.629  1000.122   340.36  189.68
 195943.421  1148.416   394.55  179.63
 196319.195  1244.968   256.90  166.78
 196694.952  1330.304   227.06  153.29
 197070.691  1362.098    84.60  150.77
 197446.413  1362.577     1.28  129.22
 197822.117  1339.927   -60.28  123.65
 198197.804  1262.145  -207.00  135.37
 198573.473  1162.827  -264.33  138.52
 198949.125  1114.260  -129.26  126.59
 199324.760  1055.100  -157.47  103.42
 199700.377   993.069  -165.12   91.99
 200075.976   941.122  -138.28   92.02
 200451.558   878.498  -166.71   84.24
 200827.123   848.795   -79.08  103.04
 201202.670   821.781   -71.92  132.34
 201578.200   842.098    54.09  179.49
 201953.712   898.724   150.77  196.99
 202329.207   935.241    97.23  163.63
 202704.685   886.918  -128.67  167.79
 203080.145   798.616  -235.14  183.01
 203455.587   675.986  -326.57  176.71
 203831.013   551.350  -331.93  134.02
 204206.421   469.307  -218.50  107.31
 204581.811   418.077  -136.45   90.31
 204957.184   377.483  -108.12  103.63
 205332.540   335.304  -112.35   94.61
 205707.878   292.470  -114.10   78.08
 206083.199   280.872   -30.89   73.24
 206458.503   265.736   -40.32   69.06
 206833.789   248.214   -46.68   57.00
 207209.058   256.327    21.61   61.83
 207584.309   259.370     8.11   67.59
 207959.543   259.463     0.25   65.70
 208334.760   249.074   -27.68   73.34
 208709.959   219.167   -79.69   67.01
 209085.141   190.635   -76.04   58.56
 209460.306   172.616   -48.02   44.77
 209835.453   168.872    -9.98   35.17
 210210.583   180.550    31.12   45.05
 210585.696   213.667    88.27   57.86
 210960.791   243.725    80.12   53.28
 211335.869   254.935    29.88   47.11
 211710.930   246.031   -23.73   48.01
 212085.974   223.166   -60.96   42.44
 212461.000   201.918   -56.65   35.58
 212836.009   199.337    -6.88   35.23
 213211.000   204.486    13.73   36.72
 213585.974   197.463   -18.73   40.94
 213960.931   192.929   -12.09   45.01
 214335.871   181.713   -29.91   39.72
 214710.793   173.678   -21.43   36.50
 215085.698   184.441    28.70   41.27
 215460.586   187.632     8.51   40.48
 215835.457   189.736     5.61   39.96
 216210.310   185.470   -11.38   38.90
 216585.146   190.971    14.67   43.85
 216959.965   212.191    56.60   50.53
 217334.766   232.891    55.22   44.10
 217709.550   242.600    25.90   35.69
 218084.318   233.074   -25.41   30.38
 218459.067   223.586   -25.31   28.96
 218833.800   224.524     2.50   30.49
 219208.515   232.441    21.12   32.82
 219583.213   246.713    38.08   35.44
 219957.894   264.341    47.04   34.23
 220332.558   273.738    25.08   40.14
 220707.204   273.842     0.28   36.66
 221081.833   275.470     4.34   39.93
 221456.445   280.418    13.21   38.77
 221831.040   279.941    -1.27   41.50
 222205.618   266.168   -36.76   45.77
 222580.178   246.703   -51.96   45.51
 222954.722   240.772   -15.83   46.93
 223329.248   224.827   -42.57   44.62
 223703.757   211.214   -36.34   40.74
 224078.248   202.668   -22.82   37.82
 224452.723   190.337   -32.92   32.82
 224827.180   181.963   -22.36   32.03
 225201.620   179.905    -5.50   34.52
 225576.043   180.918     2.70   37.17
 225950.449   182.350     3.82   37.33
 226324.838   182.667     0.85   36.76
 226699.210   178.622   -10.80   31.56
 227073.564   166.716   -31.80   25.66
 227447.901   162.827   -10.39   25.72
 227822.222   160.656    -5.80   27.52
 228196.525   161.077     1.13   30.94
 228570.811   158.679    -6.41   28.99
 228945.079   155.041    -9.72   28.31
 229319.331   144.554   -28.01   24.33
 229693.566   135.037   -25.43   22.05
 230067.783   143.191    21.78   30.26
 230441.984   154.446    30.07   32.69
 230816.167   162.470    21.44   29.42
 231190.333   166.635    11.13   25.22
 231564.482   154.566   -32.25   21.70
 231938.614   146.850   -20.62   22.58
 232312.729   141.985   -13.00   25.32
 232686.827   131.377   -28.35   25.51
 233060.908   115.236   -43.14   24.38
 233434.971   103.656   -30.95   21.14
 233809.018   100.372    -8.78   17.78
 234183.048    96.866    -9.37   14.15
 234557.060   103.281    17.15   17.65
 234931.056   112.755    25.32   16.60
 235305.034   113.781     2.75   14.39
 235678.995   118.781    13.37   14.31
 236052.940   116.167    -6.99   16.65
 236426.867   111.713   -11.91   18.49
 236800.777   102.691   -24.13   23.17
 237174.670   107.963    14.10   31.65
 237548.547   107.093    -2.33   34.43
 237922.406    99.879   -19.29   33.38
 238296.248    98.168    -4.58   30.52
 238670.073    91.237   -18.54   25.40
 239043.881    87.986    -8.70   15.95
 239417.672    89.112     3.01   14.35
 239791.447    87.872    -3.31   15.82
 240165.204    95.191    19.58   24.58
 240538.944   118.168    61.47   54.53
 240912.667   142.391    64.80   59.06
 241286.373   154.714    32.97   48.84
 241660.063   156.145     3.83   34.75
 242033.735   152.322   -10.23   35.35
 242407.390   145.872   -17.26   41.94
 242781.483   137.702   -21.84   44.19
 243158.537   139.986     6.06   43.39
 243535.574   139.918    -0.18   31.89
 243912.593   160.016    53.30   45.06
 244289.596   193.418    88.58   63.16
 244666.581   212.191    49.79   68.58
 245043.549   227.327    40.14   68.41
 245420.499   239.918    33.39   66.04
 245797.432   235.935   -10.56   58.00
 246174.348   222.531   -35.55   60.14
 246551.247   193.585   -76.78   64.73
 246928.128   161.850   -84.19   48.41
 247304.993   149.850   -31.83   40.86
 247681.840   154.191    11.52   50.62
 248058.669   154.872     1.81   47.22
 248435.482   159.466    12.19   42.37
 248812.277   159.327    -0.37   48.39
 249189.055   154.319   -13.29   46.56
 249565.816   152.818    -3.98   40.76
 249942.559   146.304   -17.29   31.30
 250319.286   147.353     2.78   28.86
 250695.995   135.872   -30.47   27.84
 251072.687   118.991   -44.81   29.44
 251449.362   109.668   -24.74   27.66
 251826.019    97.702   -31.76   19.57
 252202.660    89.213   -22.53   19.52
 252579.283    81.470   -20.56   19.34
 252955.889    78.566    -7.71   19.27
 253332.478    75.281    -8.72   19.26
 253709.050    83.091    20.73   27.56
 254085.604    97.619    38.57   40.39
 254462.141   115.749    48.14   43.78
 254838.662   124.795    24.02   37.11
 255215.165   112.736   -32.02   42.37
 255591.650    87.069   -68.16   31.31
 255968.119    75.372   -31.06   24.54
 256344.571    63.069   -32.68   14.82
 256721.005    56.327   -17.91   12.66
 257097.422    54.810    -4.03   12.94
 257473.823    53.541    -3.37   12.51
 257850.206    51.986    -4.13   10.80
 258226.571    51.691    -0.78   11.40
 258602.920    49.714    -5.25   10.01
 258979.252    53.509    10.08   11.43
 259355.566    58.905    14.34   12.85
 259731.864    65.486    17.49   13.88
 260108.144    72.024    17.37   15.04
 260484.408    84.725    33.75   24.33
 260860.654    89.918    13.80   24.49
