# NaN NaN NaN ;Mean Elev.(m), Avg Gradient(m/km), RMS Gradient(m/km) - SRTM1     
#  -11.759   0.123   3.553 ;Mean Elev.(m), Avg Gradient(m/km), RMS Gradient(m/km) - ASTER GDEM
#    1.809  -0.170   1.752 ;Mean Elev.(m), Avg Gradient(m/km), RMS Gradient(m/km) - GMTED2010 
  6 118.212398  31.286922     7.085     7.090  8 52439.10283448 21.189
  7 118.217451  31.289115     9.320     9.314  7 52474.10283287 24.684
  8 118.222309  31.287846    10.143    10.262  7 52509.10279799 18.741
  9 118.230757  31.288252     7.520     7.482  7 52544.10279372 22.162
 10 118.220193  31.289198     7.160     8.170  7 52579.10283536 20.640
 11 118.216160  31.288067     6.689     7.182  8 52614.10280221 20.365
 12 118.226525  31.289077     5.348     5.308  8 52649.10278241 24.932
 13 118.226208  31.288199     6.104     5.504  8 52684.10276250 25.131
 14 118.221038  31.289513     7.659     8.570  8 52719.10281674 24.491
 16 118.226016  31.289078     8.015     7.880  7 52789.10278815 22.201
 17 118.226134  31.288110     9.130     9.043  7 52824.10285905 18.227
 18 118.228041  31.288735     8.647     8.513  8 52859.10290516 27.759
 19 118.218964  31.289050     8.075     8.017  7 52894.10293662 20.234
 20 118.215302  31.288855     7.218     7.010  8 52929.10288692 29.211
 21 118.230186  31.289114     5.240     4.934  7 52964.10287092 26.121
 22 118.216123  31.288515     3.863     4.476  7 52999.10290798 26.893
 23 118.216424  31.288804     3.495     4.192  7 53034.10285984 26.479
 24 118.224289  31.289243     4.589     4.950  7 53069.10287552 23.935
 25 118.214367  31.287767     4.000     4.005  8 53104.10286192 24.229
 26 118.226330  31.287774     6.644     6.194  7 53139.10288033 22.933
 27 118.222235  31.289549     7.380     6.761  7 53174.10291930 19.651
 28 118.219643  31.288930     7.906     8.045  8 53209.10293634 24.312
 29 118.222424  31.288392     8.413     8.595  8 53244.10290399 16.893
 30 118.225135  31.288660     8.403     8.204  8 53279.10288280 17.907
 31 118.221824  31.288800     4.718     4.922  8 53314.10290735 27.893
 32 118.223790  31.288556     5.476     4.484  8 53349.10287309 29.444
 33 118.226012  31.288848     2.837     2.169  7 53384.10284621 36.047
 34 118.230476  31.288653     7.116     7.257  8 53419.10285285 27.527
 35 118.229335  31.288109     5.784     4.894  7 53454.10285878 22.951
 36 118.214675  31.287078     4.142     3.753  8 53489.10294435 25.359
 37 118.225592  31.288871     8.059     8.104  8 53524.10293071 21.448
 38 118.213927  31.287700     7.528     7.463  8 53559.10295817 21.097
 39 118.225982  31.288331     8.195     8.041  8 53594.10289535 18.357
 40 118.221164  31.289055     9.124     9.136  7 53629.10288755 24.132
 41 118.219405  31.288639     6.484     6.393  7 53664.10291201 18.653
 42 118.221951  31.288553     4.964     4.718  8 53699.10287075 29.533
 43 118.222832  31.288592     5.609     4.345  7 53734.10279300 22.949
 44 118.229372  31.288703     5.861     5.401  7 53769.10277605 23.948
 45 118.223624  31.288524     6.683     5.221  8 53804.10277225 26.810
 46 118.224950  31.289602     5.434     5.493  7 53839.10279100 22.811
 47 118.224186  31.287891     7.158     6.529  7 53874.10283795 22.925
 48 118.218263  31.288042     7.860     7.970  8 53909.10288222 23.069
 49 118.212283  31.287850     7.464     7.593  9 53944.10290547 24.957
 50 118.217435  31.288852     3.672     3.767  7 53979.10285491 30.904
 51 118.228351  31.288384     3.058     2.939  7 54014.10286787 32.576
 52 118.229792  31.288843     3.306     2.864  8 54049.10287401 33.266
 54 118.217448  31.287725     4.031     4.217  8 54119.10279553 26.290
 55 118.221522  31.289457     5.733     4.638  8 54154.10282193 25.462
 56 118.219101  31.289350     6.231     6.137  8 54189.10279073 25.255
 57 118.222290  31.287791     6.135     5.263  7 54224.10283226 21.027
 58 118.222665  31.288386     5.972     5.074  8 54259.10285331 21.892
 59 118.223282  31.287862     8.020     8.107  7 54294.10285697 16.193
 60 118.223061  31.288605     8.746     8.470  7 54329.10285084 20.059
 61 118.218611  31.288310     7.904     7.854  8 54364.10279760 24.594
 62 118.224737  31.288680     5.236     5.214  8 54399.10279152 25.365
 63 118.220772  31.288848     4.322     4.451  8 54434.10274936 28.318
 64 118.226644  31.287520     3.638     3.848  7 54469.10277458 27.196
 65 118.220574  31.288360     2.566     2.556  7 54504.10276453 34.853
 66 118.223627  31.287889     5.867     5.633  7 54539.10278982 20.539
 68 118.222869  31.289216     4.797     4.295  8 54609.10278219 25.354
 69 118.221785  31.289609     8.048     7.802  7 54644.10279041 16.924
 70 118.221520  31.288993    10.680    10.130  8 54679.10279188 20.631
 71 118.220677  31.288979    10.883    11.664  8 54714.10274386 22.240
 72 118.222759  31.287817     6.750     6.148  7 54749.10276223 21.484
 73 118.221635  31.288222     7.293     6.872  8 54784.10273214 23.997
 74 118.224412  31.288429     4.610     4.744  7 54819.10275409 25.763
 75 118.221870  31.288574     5.493     4.593  8 54854.10272876 21.350
 76 118.220713  31.288629     7.272     5.855  8 54889.10275940 25.465
 77 118.216692  31.287859     4.091     3.554  8 54924.10272842 30.064
 78 118.222811  31.288749     6.290     6.270  7 54959.10275603 21.770
 79 118.219711  31.288526     7.111     6.842  8 54994.10277871 22.178
 80 118.221620  31.288315     7.594     7.294  8 55029.10276875 22.195
 81 118.222509  31.288850     7.393     7.434  7 55064.10275990 24.013
 82 118.217266  31.289796     6.519     5.890  8 55099.10270517 25.489
 83 118.223389  31.289059     4.804     4.477  7 55134.10270471 23.233
 84 118.221615  31.288341     5.208     4.329  7 55169.10266904 23.136
 85 118.223111  31.288296     5.562     4.621  8 55204.10269749 22.945
 86 118.219125  31.288743     5.472     4.447  7 55239.10267643 21.622
 87 118.221193  31.288035     5.850     4.852  7 55274.10269138 25.272
 88 118.219911  31.288200     8.405     8.434  7 55309.10265902 19.994
 89 118.224081  31.289393     8.076     8.212  7 55344.10265909 22.336
 90 118.221514  31.289616     9.836     9.929  7 55379.10265410 20.747
 91 118.224405  31.288143     9.766     9.769  7 55414.10267912 22.000
 92 118.222195  31.288733     8.649     8.509  7 55449.10266706 18.531
 93 118.219340  31.288985     6.570     6.166  8 55484.10259385 26.543
